name,datetime,tempmax,tempmin,temp,feelslikemax,feelslikemin,feelslike,dew,humidity,precip,precipprob,precipcover,preciptype,snow,snowdepth,windgust,windspeed,winddir,sealevelpressure,cloudcover,visibility,solarradiation,solarenergy,uvindex,severerisk,sunrise,sunset,moonphase,conditions,description,icon,stations
"-6.59117203505968, 106.901704049011",2019-12-29,30,20.6,26,35.7,20.6,28.6,23.7,87.7,1.64,100,8.33,rain,0,0,,14.8,197,1010.1,55.1,6,231.2,20.1,8,,2019-12-29T05:39:06,2019-12-29T18:09:10,0.05,"Rain, Partially cloudy",Partly cloudy throughout the day with morning rain.,rain,"96741099999,WIII,96739099999,WIHH,96749099999,96751099999,96745099999,96749599999"
"-6.59117203505968, 106.901704049011",2019-12-30,32.5,20.9,27.5,39.8,20.9,31.3,23.8,81.2,40.33,100,4.17,rain,0,0,,13.9,217.3,1010.5,50.3,6.1,245.5,21.1,9,,2019-12-30T05:39:37,2019-12-30T18:09:37,0.09,"Rain, Partially cloudy",Partly cloudy throughout the day with late afternoon rain.,rain,"96741099999,WIII,96739099999,WIHH,96749099999,96751099999,96745099999,96749599999"
"-6.59117203505968, 106.901704049011",2019-12-31,30.7,20.8,26.1,37.7,20.8,28.9,23.9,87.8,42.6,100,20.83,rain,0,0,29.5,22.3,233.4,1010.6,60.8,5.4,154.7,13.5,6,,2019-12-31T05:40:08,2019-12-31T18:10:04,0.13,"Rain, Partially cloudy",Partly cloudy throughout the day with rain.,rain,"96741099999,WIII,96739099999,WIHH,96749099999,96751099999,96745099999,96749599999"
"-6.59117203505968, 106.901704049011",2020-01-01,29,20.8,24.9,38.2,20.8,26.8,23.6,92.4,130.22,100,29.17,rain,0,0,,27.7,281.9,1011.9,57.7,4.2,112,9.5,4,,2020-01-01T05:40:39,2020-01-01T18:10:30,0.17,"Rain, Partially cloudy",Partly cloudy throughout the day with a chance of rain throughout the day.,rain,"96741099999,WIII,96739099999,WIHH,96749099999,96751099999,96745099999,96749599999"
"-6.59117203505968, 106.901704049011",2020-01-02,31,20.9,25.6,36.2,20.9,27.3,23,86.4,12.27,100,25,rain,0,0,,14.4,273.5,1012.3,63.9,5.6,186.9,16,7,,2020-01-02T05:41:10,2020-01-02T18:10:55,0.22,"Rain, Partially cloudy",Partly cloudy throughout the day with a chance of rain throughout the day.,rain,"96741099999,WIII,96739099999,WIHH,96749099999,96751099999,96745099999,96749599999"
"-6.59117203505968, 106.901704049011",2020-01-03,30.7,20.8,26.2,37,20.8,28.7,23.3,84.6,1.59,100,16.67,rain,0,0,,14.8,276.7,1010.5,60.5,6.5,167.4,14.5,6,,2020-01-03T05:41:41,2020-01-03T18:11:20,0.26,"Rain, Partially cloudy",Partly cloudy throughout the day with rain.,rain,"96741099999,WIII,96739099999,WIHH,96749099999,96751099999,96745099999,96749599999"
"-6.59117203505968, 106.901704049011",2020-01-04,30.7,21.6,26.2,37,21.6,28.4,23.3,84.8,4.59,100,16.67,rain,0,0,,19.4,287.9,1008.9,56.3,5.8,202,17.7,7,,2020-01-04T05:42:12,2020-01-04T18:11:44,0.31,"Rain, Partially cloudy",Partly cloudy throughout the day with rain in the morning and afternoon.,rain,"96741099999,WIII,96739099999,WIHH,96749099999,96751099999,96745099999,96749599999"
"-6.59117203505968, 106.901704049011",2020-01-05,29,21.2,25.3,34.3,21.2,26.7,23.3,89.1,4.36,100,25,rain,0,0,,14.4,276,1009,67.7,5.6,159.5,13.7,5,,2020-01-05T05:42:43,2020-01-05T18:12:08,0.36,"Rain, Partially cloudy",Partly cloudy throughout the day with rain.,rain,"96741099999,WIII,96739099999,WIHH,96749099999,96751099999,96745099999,96749599999"
"-6.59117203505968, 106.901704049011",2020-01-06,29.5,21.2,25.4,35.5,21.2,26.9,23.5,89.9,22.37,100,25,rain,0,0,,18.1,261.1,1009.2,55.8,4.6,212.9,18.2,7,,2020-01-06T05:43:13,2020-01-06T18:12:30,0.4,"Rain, Partially cloudy",Partly cloudy throughout the day with a chance of rain throughout the day.,rain,"96741099999,WIII,96739099999,WIHH,96749099999,96751099999,96745099999,96749599999"
"-6.59117203505968, 106.901704049011",2020-01-07,30.7,21.1,25.7,37,21.1,27.8,23.4,87.8,7.27,100,25,rain,0,0,,20.3,266.7,1008.7,59.2,5.2,195.5,16.8,7,,2020-01-07T05:43:44,2020-01-07T18:12:53,0.44,"Rain, Partially cloudy",Partly cloudy throughout the day with rain.,rain,"96741099999,WIII,96739099999,WIHH,96749099999,96751099999,96745099999,96749599999"
"-6.59117203505968, 106.901704049011",2020-01-08,29.7,21.4,25.7,34.7,21.4,27.7,23.1,85.6,9.29,100,12.5,rain,0,0,,24.1,254.4,1008.2,59.7,4.9,239,20.6,8,,2020-01-08T05:44:14,2020-01-08T18:13:14,0.47,"Rain, Partially cloudy",Partly cloudy throughout the day with rain in the morning and afternoon.,rain,"96741099999,WIII,96739099999,WIHH,96749099999,96751099999,96745099999,96749599999"
"-6.59117203505968, 106.901704049011",2020-01-09,29,21.2,25.2,34.3,21.2,26.9,23.3,89.6,53.78,100,33.33,rain,0,0,40.7,25.9,267.9,1007.9,62,4.4,214,18.7,8,,2020-01-09T05:44:44,2020-01-09T18:13:35,0.49,"Rain, Partially cloudy",Partly cloudy throughout the day with a chance of rain throughout the day.,rain,"96741099999,WIII,96739099999,WIHH,96749099999,96751099999,96745099999,96749599999"
"-6.59117203505968, 106.901704049011",2020-01-10,27.7,20.2,24,31.8,20.2,24.5,22.5,91.2,7.65,100,33.33,rain,0,0,,27.7,279.4,1008.6,72.8,5.3,235.4,20.4,8,,2020-01-10T05:45:13,2020-01-10T18:13:55,0.5,"Rain, Partially cloudy",Partly cloudy throughout the day with a chance of rain throughout the day.,rain,"96741099999,WIII,96739099999,WIHH,96749099999,96751099999,96745099999,96749599999"
"-6.59117203505968, 106.901704049011",2020-01-11,31,20.1,25.2,35.5,20.1,26.6,22.3,84.3,0.87,100,16.67,rain,0,0,,31.7,274.8,1008.9,65,6.2,199.7,17.2,8,,2020-01-11T05:45:43,2020-01-11T18:14:14,0.51,"Rain, Partially cloudy",Partly cloudy throughout the day with rain.,rain,"96741099999,WIII,96739099999,WIHH,96749099999,96751099999,96745099999,96749599999"
"-6.59117203505968, 106.901704049011",2020-01-12,32,20.8,26.5,37.9,20.8,28.6,22.2,77.8,0,0,0,,0,0,42.5,18.4,261.1,1008.1,53.6,7.7,314.5,27.3,10,,2020-01-12T05:46:12,2020-01-12T18:14:33,0.52,Partially cloudy,Partly cloudy throughout the day.,partly-cloudy-day,"96741099999,WIII,96739099999,WIHH,96749099999,96751099999,96745099999,96749599999"
"-6.59117203505968, 106.901704049011",2020-01-13,30.7,20.6,26,38.3,20.6,28.3,22.9,83.3,2.74,100,20.83,rain,0,0,,19.4,273.3,1007.8,63.5,6.4,309.7,26.5,10,,2020-01-13T05:46:40,2020-01-13T18:14:50,0.55,"Rain, Partially cloudy",Partly cloudy throughout the day with rain.,rain,"96741099999,WIII,96739099999,WIHH,96749099999,96751099999,96745099999,96749599999"
"-6.59117203505968, 106.901704049011",2020-01-14,31.7,20.6,26.7,37.1,20.6,28.8,22.9,80.9,1.04,100,12.5,rain,0,0,,24.7,270.7,1008.8,57.2,7.2,222.3,19,7,,2020-01-14T05:47:09,2020-01-14T18:15:07,0.59,"Rain, Partially cloudy",Partly cloudy throughout the day with rain.,rain,"96741099999,WIHH,WIII,96739099999,96749099999,96751099999,96749599999,96745099999"
"-6.59117203505968, 106.901704049011",2020-01-15,30.7,21.3,25.9,36.7,21.3,27.6,23.1,85.3,14.27,100,20.83,rain,0,0,,17.4,247.3,1009.6,59.5,5.7,132,11.4,5,,2020-01-15T05:47:36,2020-01-15T18:15:23,0.64,"Rain, Partially cloudy",Partly cloudy throughout the day with a chance of rain throughout the day.,rain,"96741099999,WIII,96739099999,WIHH,96749099999,96751099999,96745099999,96749599999"
"-6.59117203505968, 106.901704049011",2020-01-16,31.7,20.9,26.2,38.5,20.9,28.2,23.3,84.1,0.36,100,8.33,rain,0,0,,25.1,211.2,1010.1,53.1,5.2,278.3,24,10,,2020-01-16T05:48:04,2020-01-16T18:15:38,0.69,"Rain, Partially cloudy",Partly cloudy throughout the day with rain.,rain,"96741099999,WIII,96739099999,WIHH,96749099999,96751099999,96745099999,96749599999"
"-6.59117203505968, 106.901704049011",2020-01-17,31.7,21.4,26.9,38.5,21.4,29.6,23.3,81.5,1.18,100,8.33,rain,0,0,,18.4,219.1,1010.2,54.6,5.9,297.5,25.9,10,,2020-01-17T05:48:31,2020-01-17T18:15:53,0.75,"Rain, Partially cloudy",Partly cloudy throughout the day with late afternoon rain.,rain,"96741099999,WIII,96739099999,WIHH,96749099999,96751099999,96745099999,96749599999"
"-6.59117203505968, 106.901704049011",2020-01-18,30.3,21.3,25.5,35.2,21.3,26.9,22.8,85.8,4.88,100,16.67,rain,0,0,,14.8,256.7,1010.3,61.1,5,206.8,18,7,,2020-01-18T05:48:57,2020-01-18T18:16:06,0.81,"Rain, Partially cloudy",Partly cloudy throughout the day with rain clearing later.,rain,"96741099999,WIII,96739099999,WIHH,96749099999,96751099999,96745099999,96749599999"
"-6.59117203505968, 106.901704049011",2020-01-19,31.7,21.1,26.8,38.5,21.1,29.2,23.2,81.6,6.45,100,8.33,rain,0,0,,21.8,222.3,1010.4,50.9,5.4,279.2,24.1,10,,2020-01-19T05:49:23,2020-01-19T18:16:18,0.86,"Rain, Partially cloudy",Partly cloudy throughout the day with late afternoon rain.,rain,"96741099999,WIII,96739099999,WIHH,96749099999,96751099999,96745099999,96749599999"
"-6.59117203505968, 106.901704049011",2020-01-20,31,21.8,26.9,38.3,21.8,30,23.8,83.2,8.38,100,29.17,rain,0,0,,14.8,211,1010.9,60.9,5.9,194.4,16.8,6,,2020-01-20T05:49:48,2020-01-20T18:16:30,0.91,"Rain, Partially cloudy",Partly cloudy throughout the day with a chance of rain throughout the day.,rain,"96741099999,WIII,96739099999,WIHH,96749099999,96751099999,96745099999,96749599999"
"-6.59117203505968, 106.901704049011",2020-01-21,30,21.4,26,36.2,21.4,28.2,23.6,87.1,0.28,100,8.33,rain,0,0,31.7,16.6,181.3,1011.9,57.4,5.9,246.7,21.2,9,,2020-01-21T05:50:13,2020-01-21T18:16:40,0.95,"Rain, Partially cloudy",Partly cloudy throughout the day with early morning rain.,rain,"96741099999,WIII,96739099999,WIHH,96749099999,96751099999,96745099999,96749599999"
"-6.59117203505968, 106.901704049011",2020-01-22,31.5,21.2,26.7,39.4,21.2,29.5,23.6,83.6,1.06,100,16.67,rain,0,0,,11.6,217.6,1011.4,56.7,5.6,237.6,20.7,9,,2020-01-22T05:50:37,2020-01-22T18:16:50,0.98,"Rain, Partially cloudy",Partly cloudy throughout the day with rain.,rain,"96741099999,WIII,96739099999,WIHH,96749099999,96751099999,96745099999,96749599999"
"-6.59117203505968, 106.901704049011",2020-01-23,32,21.5,26.8,37.9,21.5,30,23.9,84.8,43.46,100,20.83,rain,0,0,,18.4,224.3,1010.2,57.8,5.8,267.9,23.2,9,,2020-01-23T05:51:01,2020-01-23T18:16:59,0.99,"Rain, Partially cloudy",Partly cloudy throughout the day with rain.,rain,"96741099999,WIII,96739099999,WIHH,96749099999,96751099999,96745099999,96749599999"
"-6.59117203505968, 106.901704049011",2020-01-24,27,20.9,25,30.6,20.9,25.5,23.8,93.3,26.27,100,25,rain,0,0,31.7,13,214.6,1010,61.4,4.6,231,19.9,8,,2020-01-24T05:51:24,2020-01-24T18:17:07,1,"Rain, Partially cloudy",Partly cloudy throughout the day with a chance of rain throughout the day.,rain,"96741099999,WIII,96739099999,WIHH,96749099999,96751099999,96745099999,96749599999"
"-6.59117203505968, 106.901704049011",2020-01-25,28.7,21,24.9,34.5,21,26.3,23.7,92.9,24.38,100,33.33,rain,0,0,,16.6,254.9,1010.1,66.6,4.7,177.1,15.2,7,,2020-01-25T05:51:47,2020-01-25T18:17:14,0,"Rain, Partially cloudy",Partly cloudy throughout the day with a chance of rain throughout the day.,rain,"96741099999,WIII,96739099999,WIHH,96749099999,96751099999,96745099999,96749599999"
"-6.59117203505968, 106.901704049011",2020-01-26,31.7,20.4,26.2,38.5,20.4,28.3,23.3,84.9,5.13,100,12.5,rain,0,0,,20.3,166.8,1009.1,50.9,6,271.7,23.6,10,,2020-01-26T05:52:09,2020-01-26T18:17:19,0.01,"Rain, Partially cloudy",Partly cloudy throughout the day with rain.,rain,"96741099999,WIII,96739099999,WIHH,96749099999,96751099999,96745099999,96749599999"
"-6.59117203505968, 106.901704049011",2020-01-27,30.7,21.1,26.2,36.6,21.1,28.1,23.2,84.3,19.63,100,20.83,rain,0,0,,12.1,136.8,1009.4,59.2,6.5,231.7,20,8,,2020-01-27T05:52:30,2020-01-27T18:17:24,0.03,"Rain, Partially cloudy",Partly cloudy throughout the day with a chance of rain throughout the day.,rain,"96741099999,WIII,96739099999,WIHH,96749099999,96751099999,96745099999,96749599999"
"-6.59117203505968, 106.901704049011",2020-01-28,31.7,20.9,26.6,37.5,20.9,29.3,23.4,83.2,0.17,100,4.17,rain,0,0,,20.5,231.5,1009.7,49.3,6.2,246.4,21.2,8,,2020-01-28T05:52:50,2020-01-28T18:17:28,0.06,"Rain, Partially cloudy",Partly cloudy throughout the day with early morning rain.,rain,"96741099999,WIII,96739099999,WIHH,96749099999,96751099999,96745099999,96749599999"
"-6.59117203505968, 106.901704049011",2020-01-29,32.5,21.4,27.2,40.7,21.4,30.2,23.7,81.9,7.93,100,16.67,rain,0,0,,23.1,239.7,1010.3,51.3,5.9,192.6,16.8,7,,2020-01-29T05:53:10,2020-01-29T18:17:31,0.09,"Rain, Partially cloudy",Partly cloudy throughout the day with rain.,rain,"96741099999,WIII,96739099999,WIHH,96749099999,96751099999,96745099999,96749599999"
"-6.59117203505968, 106.901704049011",2020-01-30,30.7,20,25.8,36.2,20,27.7,22.5,82.5,29.12,100,12.5,rain,0,0,,27.7,238.3,1010.1,59.8,6.6,131.2,11.4,5,,2020-01-30T05:53:29,2020-01-30T18:17:34,0.13,"Rain, Partially cloudy",Partly cloudy throughout the day with rain clearing later.,rain,"96741099999,WIII,96739099999,WIHH,96749099999,96751099999,96745099999,96749599999"
"-6.59117203505968, 106.901704049011",2020-01-31,29.7,21.5,26.1,36.3,21.5,28.7,23.5,86,10.49,100,12.5,rain,0,0,,11.8,243.5,1009.9,58.8,5.5,258.4,22.3,9,,2020-01-31T05:53:48,2020-01-31T18:17:35,0.18,"Rain, Partially cloudy",Partly cloudy throughout the day with rain.,rain,"96741099999,WIII,96739099999,WIHH,96749099999,96751099999,96745099999,96749599999"
"-6.59117203505968, 106.901704049011",2020-02-01,29,20.8,24.6,33.6,20.8,25.7,23.1,91.9,40.11,100,29.17,rain,0,0,,17.4,154.8,1009.7,68.2,5.1,149.9,13.1,5,,2020-02-01T05:54:06,2020-02-01T18:17:35,0.22,"Rain, Partially cloudy",Partly cloudy throughout the day with a chance of rain throughout the day.,rain,"96741099999,WIII,96739099999,WIHH,96749099999,96751099999,96745099999,96749599999"
"-6.59117203505968, 106.901704049011",2020-02-02,29,20.5,24.7,35,20.5,25.9,22.9,90,14.97,100,20.83,rain,0,0,,11.7,170.9,1011.1,61.4,5.4,235.2,20.2,8,,2020-02-02T05:54:23,2020-02-02T18:17:34,0.27,"Rain, Partially cloudy",Partly cloudy throughout the day with rain.,rain,"96741099999,WIII,96739099999,WIHH,96749099999,96751099999,96745099999,96749599999"
"-6.59117203505968, 106.901704049011",2020-02-03,28.2,20.1,24.9,33.5,20.1,25.6,23.3,91.1,21.71,100,25,rain,0,0,,16.6,192.7,1011.5,62.2,5.5,191.7,16.5,7,,2020-02-03T05:54:39,2020-02-03T18:17:32,0.32,"Rain, Partially cloudy",Partly cloudy throughout the day with a chance of rain throughout the day.,rain,"96741099999,WIII,96739099999,WIHH,96749099999,96751099999,96745099999,96749599999"
"-6.59117203505968, 106.901704049011",2020-02-04,29,20.7,24.9,35,20.7,26.2,23.2,90.4,8.18,100,20.83,rain,0,0,,19.8,193.5,1010.4,66.2,5.5,232.1,20,8,,2020-02-04T05:54:55,2020-02-04T18:17:30,0.37,"Rain, Partially cloudy",Partly cloudy throughout the day with a chance of rain throughout the day.,rain,"96741099999,WIII,96739099999,WIHH,96749099999,96751099999,96745099999,96749599999"
"-6.59117203505968, 106.901704049011",2020-02-05,30.7,21.4,25.8,37.9,21.4,27.7,23.8,89.1,32.11,100,20.83,rain,0,0,,17.6,275.3,1009.6,54.9,4.8,135.2,11.6,5,,2020-02-05T05:55:10,2020-02-05T18:17:26,0.41,"Rain, Partially cloudy",Partly cloudy throughout the day with rain.,rain,"96741099999,WIII,96739099999,WIHH,96749099999,96751099999,96745099999,96749599999"
"-6.59117203505968, 106.901704049011",2020-02-06,28,20.9,24.8,33.1,20.9,25.5,23.5,92.9,7.3,100,29.17,rain,0,0,27.7,11.1,264.3,1009.8,69.1,4.6,189.1,16.3,6,,2020-02-06T05:55:24,2020-02-06T18:17:22,0.45,"Rain, Partially cloudy",Partly cloudy throughout the day with a chance of rain throughout the day.,rain,"96741099999,WIII,96739099999,WIHH,96749099999,96751099999,96745099999,96749599999"
"-6.59117203505968, 106.901704049011",2020-02-07,30.2,21,25.1,36.2,21,26.6,23.6,91.6,73.77,100,16.67,rain,0,0,,16.9,229.8,1010.2,59.3,4.8,237,20.5,9,,2020-02-07T05:55:38,2020-02-07T18:17:16,0.48,"Rain, Partially cloudy",Partly cloudy throughout the day with rain.,rain,"96741099999,WIII,96739099999,WIHH,96749099999,96751099999,96745099999,96749599999"
"-6.59117203505968, 106.901704049011",2020-02-08,30.5,20.8,25.4,35.2,20.8,26.8,22.8,86.3,41.29,100,16.67,rain,0,0,,21.8,229.4,1011.4,58.9,5.3,104.6,9.1,4,,2020-02-08T05:55:51,2020-02-08T18:17:10,0.5,"Rain, Partially cloudy",Partly cloudy throughout the day with rain clearing later.,rain,"96741099999,WIII,96739099999,WIHH,96749099999,96751099999,96745099999,96749599999"
"-6.59117203505968, 106.901704049011",2020-02-09,30,20.3,24.9,34.3,20.3,25.8,22.3,85.7,3.74,100,25,rain,0,0,,15.2,255.8,1011.1,61.5,6.1,185.4,15.9,7,,2020-02-09T05:56:03,2020-02-09T18:17:02,0.5,"Rain, Partially cloudy",Partly cloudy throughout the day with a chance of rain throughout the day.,rain,"96741099999,WIII,96739099999,WIHH,96749099999,96751099999,96745099999,96749599999"
"-6.59117203505968, 106.901704049011",2020-02-10,33.7,22.7,27.5,39,22.7,29.6,22.5,75.5,0,0,0,,0,0,,20.5,235.4,1010.1,52.6,7.3,187.4,16.3,6,,2020-02-10T05:56:15,2020-02-10T18:16:54,0.52,Partially cloudy,Partly cloudy throughout the day.,partly-cloudy-day,"96741099999,WIII,WIHH,96739099999,96749099999,96751099999,96745099999,96749599999"
"-6.59117203505968, 106.901704049011",2020-02-11,34,21.4,27.3,39.4,21.4,29.6,22.4,76,0.13,100,4.17,rain,0,0,35.3,20.4,245.1,1010.9,55.7,6.6,185.6,15.8,6,,2020-02-11T05:56:26,2020-02-11T18:16:45,0.53,"Rain, Partially cloudy",Partly cloudy throughout the day with late afternoon rain.,rain,"96741099999,WIII,96739099999,WIHH,96749099999,96751099999,96745099999,96749599999"
"-6.59117203505968, 106.901704049011",2020-02-12,32.5,21.2,27.1,38.9,21.2,29.5,23,79,13.11,100,12.5,rain,0,0,,20.5,173.2,1011.2,56.2,6.4,220,19.1,8,,2020-02-12T05:56:36,2020-02-12T18:16:35,0.57,"Rain, Partially cloudy",Partly cloudy throughout the day with rain.,rain,"96741099999,WIII,96739099999,WIHH,96749099999,96751099999,96745099999,96749599999"
"-6.59117203505968, 106.901704049011",2020-02-13,31.5,21.5,26.7,38.4,21.5,29.5,23.5,83.2,8.65,100,16.67,rain,0,0,,21.2,170,1010.3,56.4,6,115,10,4,,2020-02-13T05:56:45,2020-02-13T18:16:25,0.62,"Rain, Partially cloudy",Partly cloudy throughout the day with rain.,rain,"96741099999,WIII,96739099999,WIHH,96749099999,96751099999,96745099999,96749599999"
"-6.59117203505968, 106.901704049011",2020-02-14,29.8,21.1,25.7,36.4,21.1,27.7,23.6,88.9,2,100,8.33,rain,0,0,,8.5,253.2,1009.8,54.9,5,223.2,19.3,8,,2020-02-14T05:56:54,2020-02-14T18:16:13,0.67,"Rain, Partially cloudy",Partly cloudy throughout the day with afternoon rain.,rain,"96741099999,WIII,96739099999,WIHH,96749099999,96751099999,96745099999,96749599999"
"-6.59117203505968, 106.901704049011",2020-02-15,32.7,20.7,26.1,41.3,20.7,28.1,23.2,85.2,7.59,100,12.5,rain,0,0,,15.5,247.7,1010.9,54.7,5.3,138,12.1,5,,2020-02-15T05:57:02,2020-02-15T18:16:01,0.73,"Rain, Partially cloudy",Partly cloudy throughout the day with rain.,rain,"96741099999,WIII,96739099999,WIHH,96749099999,96751099999,96745099999,96749599999"
"-6.59117203505968, 106.901704049011",2020-02-16,30.7,20.5,24.8,37.5,20.5,25.5,22.8,89.2,24.09,100,16.67,rain,0,0,46.4,16.6,251.3,1011.3,60.8,5.1,190.1,16.4,6,,2020-02-16T05:57:09,2020-02-16T18:15:48,0.78,"Rain, Partially cloudy",Partly cloudy throughout the day with rain.,rain,"96741099999,WIII,96739099999,WIHH,96749099999,96751099999,96745099999,96749599999"
"-6.59117203505968, 106.901704049011",2020-02-17,30,20.4,25.3,35.1,20.4,26.3,22.5,84.9,4.08,100,8.33,rain,0,0,35.3,20.8,236,1011.1,63.8,6.3,134.2,11.5,5,,2020-02-17T05:57:16,2020-02-17T18:15:34,0.84,"Rain, Partially cloudy",Partly cloudy throughout the day with rain.,rain,"96741099999,WIII,96739099999,WIHH,96749099999,96751099999,96745099999,96749599999"
"-6.59117203505968, 106.901704049011",2020-02-18,30.7,20.6,25.4,36.2,20.6,26.7,22.6,85.2,27.2,100,25,rain,0,0,,22.3,281.4,1010.9,64.7,5.5,226.6,19.6,8,,2020-02-18T05:57:22,2020-02-18T18:15:19,0.88,"Rain, Partially cloudy",Partly cloudy throughout the day with rain.,rain,"96741099999,WIII,96739099999,WIHH,96749099999,96751099999,96745099999,96749599999"
"-6.59117203505968, 106.901704049011",2020-02-19,30,20.5,25,36.2,20.5,26.6,23,88.7,6.93,100,25,rain,0,0,,24.1,288.2,1010.3,56.8,5.6,186.5,16,7,,2020-02-19T05:57:28,2020-02-19T18:15:03,0.93,"Rain, Partially cloudy",Partly cloudy throughout the day with a chance of rain throughout the day.,rain,"96741099999,WIII,96739099999,WIHH,96749099999,96751099999,96745099999,96749599999"
"-6.59117203505968, 106.901704049011",2020-02-20,30,20.7,25,35.1,20.7,26.3,23.1,89.7,93.21,100,29.17,rain,0,0,,25.9,280.1,1010.5,68.1,4.8,239.7,20.6,8,,2020-02-20T05:57:32,2020-02-20T18:14:47,0.96,"Rain, Partially cloudy",Partly cloudy throughout the day with a chance of rain throughout the day.,rain,"96741099999,96739099999,WIII,WIHH,96749099999,96751099999,96745099999,96749599999"
"-6.59117203505968, 106.901704049011",2020-02-21,31,20.8,25.7,36.2,20.8,27.6,23.1,86.5,12.99,100,25,rain,0,0,,22.3,236.2,1011.6,55,5.7,239.7,20.7,8,,2020-02-21T05:57:37,2020-02-21T18:14:30,0.98,"Rain, Partially cloudy",Partly cloudy throughout the day with a chance of rain throughout the day.,rain,"96741099999,WIII,96739099999,WIHH,96749099999,96751099999,96745099999,96749599999"
"-6.59117203505968, 106.901704049011",2020-02-22,31.7,21.2,26.3,37.9,21.2,29,23.6,86,28.32,100,25,rain,0,0,,20.5,215.8,1011.9,58.2,6.1,236.3,20.3,8,,2020-02-22T05:57:40,2020-02-22T18:14:13,1,"Rain, Partially cloudy",Partly cloudy throughout the day with a chance of rain throughout the day.,rain,"96741099999,WIII,96739099999,WIHH,96749099999,96751099999,96745099999,96749599999"
"-6.59117203505968, 106.901704049011",2020-02-23,31,21.4,26.3,36.5,21.4,29,23.6,85.8,17.03,100,29.17,rain,0,0,46.4,27.7,235.1,1010.6,65.9,5.2,234.1,20.1,8,,2020-02-23T05:57:43,2020-02-23T18:13:54,1,"Rain, Partially cloudy",Partly cloudy throughout the day with a chance of rain throughout the day.,rain,"96741099999,WIII,96739099999,WIHH,96749099999,96751099999,96745099999,96749599999"
"-6.59117203505968, 106.901704049011",2020-02-24,30.3,21.6,26.4,36.9,21.6,29.6,23.8,86.3,43.29,100,29.17,rain,0,0,40.7,22.3,270.8,1009.6,66.9,5.4,199.2,17.2,7,,2020-02-24T05:57:46,2020-02-24T18:13:35,0,"Rain, Partially cloudy",Partly cloudy throughout the day with a chance of rain throughout the day.,rain,"96741099999,WIII,96739099999,WIHH,96749099999,96751099999,96745099999,96749599999"
"-6.59117203505968, 106.901704049011",2020-02-25,29.7,20.9,25.4,35.5,20.9,27,23.3,88.7,56.6,100,29.17,rain,0,0,33.5,14.8,269.8,1010.2,69.2,5,108.2,9.5,4,,2020-02-25T05:57:47,2020-02-25T18:13:16,0.02,"Rain, Partially cloudy",Partly cloudy throughout the day with a chance of rain throughout the day.,rain,"96741099999,WIII,96739099999,WIHH,96749099999,96751099999,96745099999,96749599999"
"-6.59117203505968, 106.901704049011",2020-02-26,30.5,20.9,26.2,36.3,20.9,28.5,23.1,83.7,2.42,100,8.33,rain,0,0,,17.9,201.8,1009.6,57,5.7,224.3,19.5,9,,2020-02-26T05:57:49,2020-02-26T18:12:55,0.04,"Rain, Partially cloudy",Partly cloudy throughout the day with late afternoon rain.,rain,"96741099999,WIII,96739099999,WIHH,96749099999,96751099999,96745099999,96749599999"
"-6.59117203505968, 106.901704049011",2020-02-27,30,21.7,26,37.2,21.7,28.5,24,88.8,7.47,100,25,rain,0,0,,13.9,200.9,1009.3,64.5,5.9,209.6,18,7,,2020-02-27T05:57:50,2020-02-27T18:12:34,0.06,"Rain, Partially cloudy",Partly cloudy throughout the day with a chance of rain throughout the day.,rain,"96741099999,WIII,96739099999,WIHH,96749099999,96751099999,96745099999,96749599999"
"-6.59117203505968, 106.901704049011",2020-02-28,31,21.6,26,38.3,21.6,28.3,23.6,87.3,10.78,100,29.17,rain,0,0,,15,202,1008.6,61.1,5.5,188.9,16.4,6,,2020-02-28T05:57:50,2020-02-28T18:12:13,0.1,"Rain, Partially cloudy",Partly cloudy throughout the day with a chance of rain throughout the day.,rain,"96741099999,WIII,96739099999,WIHH,96749099999,96751099999,96745099999,96749599999"
"-6.59117203505968, 106.901704049011",2020-02-29,28.5,21.3,25.6,33.6,21.3,27.5,23.6,88.8,29.2,100,25,rain,0,0,,13.1,220.3,1008,53.3,5.2,249.5,21.5,9,,2020-02-29T05:57:49,2020-02-29T18:11:51,0.14,"Rain, Partially cloudy",Partly cloudy throughout the day with rain.,rain,"96741099999,WIII,96739099999,WIHH,96749099999,96751099999,96745099999,96749599999"
"-6.59117203505968, 106.901704049011",2020-03-01,30,21.8,25.8,36.2,21.8,27.7,24,90.2,37.87,100,33.33,rain,0,0,,13.7,256.8,1008.6,61.9,4.7,140.1,12,6,,2020-03-01T05:57:49,2020-03-01T18:11:28,0.18,"Rain, Partially cloudy",Partly cloudy throughout the day with a chance of rain throughout the day.,rain,"96741099999,WIII,96739099999,WIHH,96749099999,96751099999,96745099999,96749599999"
"-6.59117203505968, 106.901704049011",2020-03-02,32.7,21.7,26.8,38.9,21.7,29.1,23.2,81.9,6.97,100,12.5,rain,0,0,35.3,16.6,174.4,1009,53.9,6.1,247.7,21.4,9,,2020-03-02T05:57:47,2020-03-02T18:11:05,0.23,"Rain, Partially cloudy",Partly cloudy throughout the day with rain clearing later.,rain,"96741099999,WIII,96739099999,WIHH,96749099999,96751099999,96745099999,96749599999"
"-6.59117203505968, 106.901704049011",2020-03-03,32.5,21.7,27,38.5,21.7,29.9,23.2,80.4,8.28,100,8.33,rain,0,0,,22.3,255,1009.5,50.6,5.8,283.1,24.5,10,,2020-03-03T05:57:46,2020-03-03T18:10:42,0.28,"Rain, Partially cloudy",Partly cloudy throughout the day with rain.,rain,"96741099999,WIII,96739099999,WIHH,96749099999,96751099999,96745099999,96749599999"
"-6.59117203505968, 106.901704049011",2020-03-04,31.5,21.1,26,38.3,21.1,28.4,23.2,84.8,2.37,100,16.67,rain,0,0,,24.1,257.8,1009.6,67.4,5.5,130.8,11.3,5,,2020-03-04T05:57:44,2020-03-04T18:10:17,0.34,"Rain, Partially cloudy",Partly cloudy throughout the day with rain.,rain,"96741099999,WIII,96739099999,WIHH,96749099999,96751099999,96745099999,96749599999"
"-6.59117203505968, 106.901704049011",2020-03-05,30.7,21,25.6,33,21,26.6,21.4,78.4,17.45,100,20.83,rain,0,0,,18.9,248.9,1010.1,64.7,6.5,158.8,13.7,5,,2020-03-05T05:57:41,2020-03-05T18:09:53,0.38,"Rain, Partially cloudy",Partly cloudy throughout the day with a chance of rain throughout the day.,rain,"96741099999,WIII,96739099999,WIHH,96749099999,96751099999,96745099999,96749599999"
"-6.59117203505968, 106.901704049011",2020-03-06,32.5,21.1,27,37.9,21.1,29.2,22.2,75.9,10.48,100,8.33,rain,0,0,,20.5,283.2,1010.4,47.4,6.8,287.6,24.8,10,,2020-03-06T05:57:38,2020-03-06T18:09:28,0.43,"Rain, Partially cloudy",Partly cloudy throughout the day with late afternoon rain.,rain,"96741099999,WIII,96739099999,WIHH,96749099999,96751099999,96745099999,96749599999"
"-6.59117203505968, 106.901704049011",2020-03-07,32.5,21.1,26.8,37.7,21.1,28.7,21.8,74.5,0.08,100,4.17,rain,0,0,37.1,19.4,265.3,1011,58.8,7.2,185.6,16,7,,2020-03-07T05:57:35,2020-03-07T18:09:03,0.46,"Rain, Partially cloudy",Partly cloudy throughout the day with early morning rain.,rain,"96741099999,WIII,96739099999,WIHH,96749099999,96751099999,96745099999,96749599999"
"-6.59117203505968, 106.901704049011",2020-03-08,32,21,26.7,37.9,21,28.5,22,76.1,14.92,100,16.67,rain,0,0,,18.6,269.7,1010.4,59.2,6.8,173.6,14.9,6,,2020-03-08T05:57:31,2020-03-08T18:08:37,0.49,"Rain, Partially cloudy",Partly cloudy throughout the day with rain.,rain,"96741099999,WIII,96739099999,WIHH,96749099999,96751099999,96745099999,96749599999"
"-6.59117203505968, 106.901704049011",2020-03-09,33,22,27.3,39.3,22,29.2,21.4,71.2,0.03,100,4.17,rain,0,0,37.1,29.5,262.3,1009.1,57.6,7.6,159.9,13.8,6,,2020-03-09T05:57:27,2020-03-09T18:08:11,0.5,"Rain, Partially cloudy",Partly cloudy throughout the day with early morning rain.,rain,"96741099999,WIII,96739099999,WIHH,96749099999,96751099999,96745099999,96749599999"
"-6.59117203505968, 106.901704049011",2020-03-10,33.7,21.7,27.8,38.5,21.7,30.4,22.3,72.7,1.61,100,4.17,rain,0,0,,18.4,268.3,1008.3,48,7.5,253.5,21.9,9,,2020-03-10T05:57:22,2020-03-10T18:07:44,0.51,"Rain, Partially cloudy",Partly cloudy throughout the day with afternoon rain.,rain,"96741099999,WIII,96739099999,WIHH,96749099999,96751099999,96745099999,96749599999"
"-6.59117203505968, 106.901704049011",2020-03-11,32.7,22.2,27.4,39.2,22.2,30.2,23.5,79.8,3.15,100,16.67,rain,0,0,,16.6,233.1,1009,51.7,6.8,179.5,15.5,7,,2020-03-11T05:57:18,2020-03-11T18:07:17,0.53,"Rain, Partially cloudy",Partly cloudy throughout the day with a chance of rain throughout the day.,rain,"96741099999,WIII,96739099999,WIHH,96749099999,96751099999,96745099999,96749599999"
"-6.59117203505968, 106.901704049011",2020-03-12,31,20.9,25.4,36.9,20.9,26.8,23.1,87.7,38.78,100,33.33,rain,0,0,,11.6,166.2,1010.9,62.5,5.2,113.7,9.9,5,,2020-03-12T05:57:13,2020-03-12T18:06:50,0.56,"Rain, Partially cloudy",Partly cloudy throughout the day with a chance of rain throughout the day.,rain,"96741099999,WIII,96739099999,WIHH,96749099999,96751099999,96745099999,96749599999"
"-6.59117203505968, 106.901704049011",2020-03-13,32.2,20.8,26.6,36.9,20.8,28.3,22,77.5,9.08,100,12.5,rain,0,0,,14.8,251.8,1011.8,57.2,7,263.7,22.7,9,,2020-03-13T05:57:07,2020-03-13T18:06:23,0.6,"Rain, Partially cloudy",Partly cloudy throughout the day with rain clearing later.,rain,"96741099999,WIII,96739099999,WIHH,96749099999,96751099999,96745099999,96749599999"
"-6.59117203505968, 106.901704049011",2020-03-14,33.5,21.9,27.4,39.4,21.9,29.9,23,78.2,1.89,100,4.17,rain,0,0,,17.9,160.3,1010.2,53.1,5.8,181.7,15.6,7,,2020-03-14T05:57:02,2020-03-14T18:05:55,0.65,"Rain, Partially cloudy",Partly cloudy throughout the day with late afternoon rain.,rain,"96741099999,WIII,96739099999,WIHH,96749099999,96751099999,96745099999,96749599999"
"-6.59117203505968, 106.901704049011",2020-03-15,32,21,26.7,39.2,21,28.9,23,80.9,37.48,100,16.67,rain,0,0,,22.3,149.7,1009.6,55.2,6.6,110.4,9.5,4,,2020-03-15T05:56:56,2020-03-15T18:05:27,0.71,"Rain, Partially cloudy",Partly cloudy throughout the day with rain.,rain,"96741099999,WIII,96739099999,WIHH,96749099999,96751099999,96745099999"
"-6.59117203505968, 106.901704049011",2020-03-16,32.7,20.9,25.8,38.6,20.9,27.1,22.9,85.2,26.64,100,25,rain,0,0,,24.9,167.5,1010.7,65.4,6.2,177.6,15.3,7,,2020-03-16T05:56:50,2020-03-16T18:04:59,0.76,"Rain, Partially cloudy",Partly cloudy throughout the day with a chance of rain throughout the day.,rain,"96741099999,WIII,96739099999,WIHH,96749099999,96751099999,96745099999,96749599999"
"-6.59117203505968, 106.901704049011",2020-03-17,32.7,20.6,26.8,37.9,20.6,29,22.8,80.1,0.5,100,8.33,rain,0,0,,20.8,167.1,1010.7,54.6,6.1,225.9,19.6,9,,2020-03-17T05:56:44,2020-03-17T18:04:31,0.81,"Rain, Partially cloudy",Partly cloudy throughout the day with rain.,rain,"96741099999,WIII,96739099999,WIHH,96749099999,96751099999,96745099999,96749599999"
"-6.59117203505968, 106.901704049011",2020-03-18,27.7,21.7,25.4,31.5,21.7,26.6,23.1,87.3,4.61,100,20.83,rain,0,0,,9.4,191.1,1010,61.6,5.1,105.9,9,4,,2020-03-18T05:56:37,2020-03-18T18:04:03,0.86,"Rain, Partially cloudy",Partly cloudy throughout the day with a chance of rain throughout the day.,rain,"96741099999,WIII,96739099999,WIHH,96749099999,96751099999,96745099999,96749599999"
"-6.59117203505968, 106.901704049011",2020-03-19,31.7,20.5,25.7,36.4,20.5,27.3,22.8,84.7,38.45,100,20.83,rain,0,0,,24.1,216,1010.4,60.1,5.2,87.5,7.6,3,,2020-03-19T05:56:31,2020-03-19T18:03:34,0.9,"Rain, Partially cloudy",Partly cloudy throughout the day with rain.,rain,"96741099999,WIII,96739099999,WIHH,96749099999,96751099999,96745099999,96749599999"
"-6.59117203505968, 106.901704049011",2020-03-20,31.5,20,24.6,38.1,20,25.2,22.7,89.9,17.96,100,20.83,rain,0,0,,13.9,231.9,1010.8,58.2,5.1,153.9,13.4,6,,2020-03-20T05:56:24,2020-03-20T18:03:05,0.94,"Rain, Partially cloudy",Partly cloudy throughout the day with rain.,rain,"96741099999,WIII,96739099999,WIHH,96749099999,96751099999,96745099999,96749599999"
"-6.59117203505968, 106.901704049011",2020-03-21,31.7,20.4,26.6,37.5,20.4,29,22.9,80.9,0.69,100,8.33,rain,0,0,,16.6,106.8,1010.5,57.4,6.1,134.1,11.6,6,,2020-03-21T05:56:17,2020-03-21T18:02:37,0.97,"Rain, Partially cloudy",Partly cloudy throughout the day with rain.,rain,"96741099999,WIII,96739099999,WIHH,96749099999,96751099999,96745099999,96749599999"
"-6.59117203505968, 106.901704049011",2020-03-22,30.5,21.7,26.1,34.8,21.7,27.8,23.2,84.4,22.25,100,29.17,rain,0,0,,13,168.2,1010.5,61.9,6.2,150,13,5,,2020-03-22T05:56:10,2020-03-22T18:02:08,0.99,"Rain, Partially cloudy",Partly cloudy throughout the day with a chance of rain throughout the day.,rain,"96741099999,WIII,96739099999,WIHH,96749099999,96751099999,96745099999,96749599999"
"-6.59117203505968, 106.901704049011",2020-03-23,31.7,20.9,25.9,36.4,20.9,26.9,22.5,82.6,14.61,100,20.83,rain,0,0,,11.2,212.6,1010.1,59.2,5.6,176.7,15.4,6,,2020-03-23T05:56:03,2020-03-23T18:01:39,1,"Rain, Partially cloudy",Partly cloudy throughout the day with a chance of rain throughout the day.,rain,"96741099999,WIII,96739099999,WIHH,96749099999,96751099999,96745099999,96749599999"
"-6.59117203505968, 106.901704049011",2020-03-24,31.7,20.8,26.3,37.9,20.8,28.4,22.9,82.5,4.84,100,12.5,rain,0,0,,15.5,198.1,1008.7,54.4,5.1,240.4,20.8,9,,2020-03-24T05:55:56,2020-03-24T18:01:10,0,"Rain, Partially cloudy",Partly cloudy throughout the day with rain.,rain,"96741099999,WIII,96739099999,WIHH,96749099999,96751099999,96745099999,96749599999"
"-6.59117203505968, 106.901704049011",2020-03-25,32,20.5,26.9,37.9,20.5,29.6,23.3,81.6,51.98,100,20.83,rain,0,0,,15.2,217.7,1008.5,61.1,6.2,247,21.3,9,,2020-03-25T05:55:49,2020-03-25T18:00:41,0.01,"Rain, Partially cloudy",Partly cloudy throughout the day with a chance of rain throughout the day.,rain,"96741099999,WIII,96739099999,WIHH,96749099999,96751099999,96745099999,96749599999"
"-6.59117203505968, 106.901704049011",2020-03-26,31.5,21.8,26.4,38.1,21.8,28.8,23.3,83.7,33.95,100,25,rain,0,0,,18.5,152.7,1008.8,58.7,5.1,251,21.6,9,,2020-03-26T05:55:41,2020-03-26T18:00:12,0.02,"Rain, Partially cloudy",Clearing in the afternoon with rain.,rain,"96741099999,WIII,96739099999,WIHH,96749099999,96751099999,96745099999,96749599999"
"-6.59117203505968, 106.901704049011",2020-03-27,31.7,21.5,26.3,38.5,21.5,28.2,23.1,82.9,9.52,100,8.33,rain,0,0,,16.1,225.2,1009.5,66.6,5.7,103,8.9,4,,2020-03-27T05:55:34,2020-03-27T17:59:43,0.04,"Rain, Partially cloudy",Partly cloudy throughout the day with rain.,rain,"96741099999,WIII,96739099999,WIHH,96749099999,96751099999,96745099999,96749599999"
"-6.59117203505968, 106.901704049011",2020-03-28,31,21.2,26.9,37.4,21.2,29.5,23.2,80.9,6.61,100,12.5,rain,0,0,,13,212.9,1009.1,58.8,5.7,205.3,17.8,7,,2020-03-28T05:55:27,2020-03-28T17:59:14,0.07,"Rain, Partially cloudy",Partly cloudy throughout the day with rain.,rain,"96741099999,WIII,96739099999,WIHH,96749099999,96751099999,96745099999,96749599999"
"-6.59117203505968, 106.901704049011",2020-03-29,33.5,21.6,26.9,41.2,21.6,29.2,23.1,80.5,10.52,100,12.5,rain,0,0,,23.8,227.8,1008.2,54.4,5.7,144.5,12.4,6,,2020-03-29T05:55:19,2020-03-29T17:58:46,0.11,"Rain, Partially cloudy",Partly cloudy throughout the day with rain.,rain,"96741099999,WIII,96739099999,WIHH,96749099999,96751099999,96745099999,96749599999"
"-6.59117203505968, 106.901704049011",2020-03-30,32.7,21,25.5,38.9,21,26.7,22.8,86,36.61,100,16.67,rain,0,0,,13.1,174.6,1009.2,51.4,5.5,106,9.2,4,,2020-03-30T05:55:12,2020-03-30T17:58:17,0.15,"Rain, Partially cloudy",Partly cloudy throughout the day with rain.,rain,"96741099999,WIII,96739099999,WIHH,96749099999,96751099999,96745099999,96749599999"
"-6.59117203505968, 106.901704049011",2020-03-31,33.7,21,26.3,41.2,21,28.3,22.8,82.2,26.88,100,12.5,rain,0,0,,17.3,259.2,1009.4,52.1,6.2,217.8,18.9,8,,2020-03-31T05:55:05,2020-03-31T17:57:48,0.2,"Rain, Partially cloudy",Partly cloudy throughout the day with rain.,rain,"96741099999,WIII,96739099999,WIHH,96749099999,96751099999,96745099999,96749599999"
"-6.59117203505968, 106.901704049011",2020-04-01,33,21.1,26.9,38.1,21.1,28.9,22.6,78.8,4.04,100,12.5,rain,0,0,,23.6,228.4,1009.4,54.5,6.6,179.8,15.6,6,,2020-04-01T05:54:58,2020-04-01T17:57:20,0.25,"Rain, Partially cloudy",Partly cloudy throughout the day with rain.,rain,"96741099999,WIII,96739099999,WIHH,96749099999,96751099999,96745099999,96749599999"
"-6.59117203505968, 106.901704049011",2020-04-02,33,21.3,27.1,38.4,21.3,29.5,22.7,77.7,0.17,100,8.33,rain,0,0,,20.7,254.2,1009.1,50.8,7.4,271.2,23.6,10,,2020-04-02T05:54:51,2020-04-02T17:56:52,0.31,"Rain, Partially cloudy",Partly cloudy throughout the day with rain.,rain,"96741099999,WIII,96739099999,WIHH,96749099999,96751099999,96745099999,96749599999"
"-6.59117203505968, 106.901704049011",2020-04-03,33,20.8,26.9,38.4,20.8,29.3,22.8,79.2,0.36,100,4.17,rain,0,0,,17.4,278,1009.7,50.3,6.5,252.3,21.9,9,,2020-04-03T05:54:44,2020-04-03T17:56:23,0.36,"Rain, Partially cloudy",Partly cloudy throughout the day with late afternoon rain.,rain,"96741099999,WIII,96739099999,WIHH,96749099999,96751099999,96745099999,96749599999"
"-6.59117203505968, 106.901704049011",2020-04-04,32.7,21.8,27.1,39.8,21.8,29.7,23,79.3,10.51,100,16.67,rain,0,0,,21.2,237.3,1009.8,52.9,5.5,244.8,21,9,,2020-04-04T05:54:37,2020-04-04T17:55:55,0.41,"Rain, Partially cloudy",Partly cloudy throughout the day with rain.,rain,"96741099999,WIII,96739099999,WIHH,96749099999,96751099999,96745099999,96749599999"
"-6.59117203505968, 106.901704049011",2020-04-05,32.5,21.7,26.2,39.2,21.7,27.9,22.8,82.4,17.02,100,16.67,rain,0,0,,13.4,216,1010.2,57.7,5.8,165.2,14.4,6,,2020-04-05T05:54:30,2020-04-05T17:55:28,0.45,"Rain, Partially cloudy",Partly cloudy throughout the day with rain.,rain,"96741099999,WIII,96739099999,WIHH,96749099999,96751099999,96745099999,96749599999"
"-6.59117203505968, 106.901704049011",2020-04-06,32,20.8,25.7,39.2,20.8,26.9,22.9,85.7,19.86,100,25,rain,0,0,33.5,20.3,263.5,1010,65,5.5,160.5,13.7,6,,2020-04-06T05:54:24,2020-04-06T17:55:00,0.48,"Rain, Partially cloudy",Partly cloudy throughout the day with rain.,rain,"96741099999,WIII,96739099999,WIHH,96749099999,96751099999,96745099999,96749599999"
"-6.59117203505968, 106.901704049011",2020-04-07,32.3,21.1,26.5,38.3,21.1,28.5,22.6,79.7,15.72,100,12.5,rain,0,0,,26.7,250.8,1009.7,55.6,7.3,177.2,15.5,7,,2020-04-07T05:54:18,2020-04-07T17:54:33,0.5,"Rain, Partially cloudy",Partly cloudy throughout the day with a chance of rain throughout the day.,rain,"96741099999,WIII,96739099999,WIHH,96749099999,96751099999,96745099999,96749599999"
"-6.59117203505968, 106.901704049011",2020-04-08,31.7,21.1,27,38.1,21.1,29.4,22.6,77.6,0.58,100,4.17,rain,0,0,,14.8,229.7,1010.4,48.9,7.1,214.2,18.4,8,,2020-04-08T05:54:11,2020-04-08T17:54:06,0.5,"Rain, Partially cloudy",Partly cloudy throughout the day with afternoon rain.,rain,"96741099999,WIII,96739099999,WIHH,96749099999,96751099999,96745099999,96749599999"
"-6.59117203505968, 106.901704049011",2020-04-09,31.3,22,26.9,37.1,22,29.4,23.3,81.2,1.52,100,16.67,rain,0,0,,13.9,193.5,1011,59.7,5.5,160,13.8,6,,2020-04-09T05:54:05,2020-04-09T17:53:40,0.52,"Rain, Partially cloudy",Partly cloudy throughout the day with rain.,rain,"96741099999,WIII,96739099999,WIHH,96751099999,96749099999,96745099999,96749599999"
"-6.59117203505968, 106.901704049011",2020-04-10,32.7,21.4,26.6,40.2,21.4,28.7,23.4,83.4,4.37,100,16.67,rain,0,0,,20.6,217.5,1011.3,57,5,182.6,15.8,8,,2020-04-10T05:54:00,2020-04-10T17:53:13,0.54,"Rain, Partially cloudy",Partly cloudy throughout the day with rain.,rain,"96741099999,WIII,96739099999,WIHH,96749099999,96751099999,96745099999,96749599999"
"-6.59117203505968, 106.901704049011",2020-04-11,33.7,21.2,27.1,39.6,21.2,29.5,23.3,81,4.09,100,20.83,rain,0,0,,15.2,181.1,1011,56.9,6,281.9,24.4,10,,2020-04-11T05:53:54,2020-04-11T17:52:47,0.58,"Rain, Partially cloudy",Partly cloudy throughout the day with a chance of rain throughout the day.,rain,"96741099999,WIII,96739099999,WIHH,96749099999,96751099999,96745099999,96749599999"
"-6.59117203505968, 106.901704049011",2020-04-12,33,21.5,27.4,40.6,21.5,30.5,23.7,81.1,9.38,100,8.33,rain,0,0,,22.3,172.9,1009.7,52.9,5.7,281.3,24.2,10,,2020-04-12T05:53:49,2020-04-12T17:52:22,0.63,"Rain, Partially cloudy",Partly cloudy throughout the day with late afternoon rain.,rain,"96741099999,WIII,96739099999,WIHH,96749099999,96751099999,96745099999,96749599999"
"-6.59117203505968, 106.901704049011",2020-04-13,32.5,20.8,26.5,38.8,20.8,28.9,23.7,85.5,48.06,100,16.67,rain,0,0,,16.4,140.5,1009.6,60.2,5.4,194.7,16.8,7,,2020-04-13T05:53:44,2020-04-13T17:51:56,0.68,"Rain, Partially cloudy",Partly cloudy throughout the day with rain.,rain,"96741099999,WIII,96739099999,WIHH,96749099999,96751099999,96745099999,96749599999"
"-6.59117203505968, 106.901704049011",2020-04-14,31.7,21,27,37.9,21,29.7,23.4,81.7,1.11,100,4.17,rain,0,0,,10.7,163.2,1009.7,52.8,5.8,300.5,26,10,,2020-04-14T05:53:39,2020-04-14T17:51:32,0.73,"Rain, Partially cloudy",Partly cloudy throughout the day with early morning rain.,rain,"96741099999,WIII,96739099999,WIHH,96749099999,96751099999,96745099999,96749599999"
"-6.59117203505968, 106.901704049011",2020-04-15,30,21.4,26.5,36.4,21.4,28.9,23.4,83.7,0.55,100,8.33,rain,0,0,,17.4,168.5,1010.4,57.8,5.9,217.5,18.7,8,,2020-04-15T05:53:34,2020-04-15T17:51:07,0.78,"Rain, Partially cloudy",Partly cloudy throughout the day with rain.,rain,"96741099999,WIII,96739099999,WIHH,96749099999,96751099999,96745099999,96749599999"
"-6.59117203505968, 106.901704049011",2020-04-16,32.7,21.6,27.4,38.3,21.6,30.2,23.2,78.8,1.61,100,4.17,rain,0,0,29.5,23.4,137.1,1009.8,51.5,6.2,208.3,17.9,7,,2020-04-16T05:53:30,2020-04-16T17:50:43,0.83,"Rain, Partially cloudy",Partly cloudy throughout the day with early morning rain.,rain,"96741099999,WIII,96739099999,WIHH,96749099999,96751099999,96745099999,96749599999"
"-6.59117203505968, 106.901704049011",2020-04-17,33,21.2,27.2,39.3,21.2,29.8,22.6,76.9,21.9,100,12.5,rain,0,0,,16.6,216.4,1010.4,51.9,6.2,132.5,11.6,5,,2020-04-17T05:53:26,2020-04-17T17:50:19,0.88,"Rain, Partially cloudy",Partly cloudy throughout the day with rain.,rain,"96741099999,WIII,96739099999,WIHH,96749099999,96751099999,96745099999,96749599999"
"-6.59117203505968, 106.901704049011",2020-04-18,33.5,20.6,26.4,38.2,20.6,28.5,22.5,79.9,30.09,100,8.33,rain,0,0,,16.9,262.7,1010.6,53.6,5.8,165,14.1,7,,2020-04-18T05:53:23,2020-04-18T17:49:56,0.91,"Rain, Partially cloudy",Partly cloudy throughout the day with rain.,rain,"96741099999,WIII,96739099999,WIHH,96749099999,96751099999,remote,96745099999,96749599999"
"-6.59117203505968, 106.901704049011",2020-04-19,33.7,21.1,27.6,39.9,21.1,30.3,23.1,77.8,14.52,100,4.17,rain,0,0,,18.9,184.2,1010.3,48.9,5.5,219.3,19,8,,2020-04-19T05:53:20,2020-04-19T17:49:34,0.95,"Rain, Partially cloudy",Partly cloudy throughout the day with afternoon rain.,rain,"96741099999,WIII,96739099999,WIHH,96749099999,96751099999,96745099999,96749599999"
"-6.59117203505968, 106.901704049011",2020-04-20,33.3,22,28.1,39.3,22,31.3,23.5,77.1,0.24,100,4.17,rain,0,0,,15.2,95.3,1010,53.2,5.6,212.9,18.4,7,,2020-04-20T05:53:17,2020-04-20T17:49:11,0.97,"Rain, Partially cloudy",Partly cloudy throughout the day with late afternoon rain.,rain,"96741099999,WIII,96739099999,WIHH,96749099999,96751099999,96745099999,96749599999"
"-6.59117203505968, 106.901704049011",2020-04-21,31.3,22.4,27.2,37.2,22.4,30.2,23.3,79.9,4.19,100,8.33,rain,0,0,,17.4,124.2,1009.5,61.2,5.9,70.4,6,2,,2020-04-21T05:53:14,2020-04-21T17:48:50,0.99,"Rain, Partially cloudy",Partly cloudy throughout the day with morning rain.,rain,"96741099999,WIII,96739099999,WIHH,96749099999,96751099999,96745099999,96749599999"
"-6.59117203505968, 106.901704049011",2020-04-22,34,21.2,27.9,39.7,21.2,30.5,22.6,74.5,0,0,0,,0,0,29.5,26.4,137.3,1009.2,42.6,6.8,206.6,17.8,7,,2020-04-22T05:53:12,2020-04-22T17:48:29,1,Partially cloudy,Becoming cloudy in the afternoon.,partly-cloudy-day,"96741099999,WIII,96739099999,WIHH,96749099999,96751099999,96745099999,96749599999"
"-6.59117203505968, 106.901704049011",2020-04-23,34.7,22.4,28.6,41.3,22.4,32.5,23.5,74.9,0.32,100,4.17,rain,0,0,,27.2,149.1,1008.9,45.1,7.2,160.5,14,6,,2020-04-23T05:53:10,2020-04-23T17:48:08,0,"Rain, Partially cloudy",Partly cloudy throughout the day with afternoon rain.,rain,"96741099999,WIII,96739099999,WIHH,96749099999,96751099999,96745099999,96749599999"
"-6.59117203505968, 106.901704049011",2020-04-24,32.3,21.5,26.8,39.2,21.5,29.4,23.1,80.3,6.83,100,16.67,rain,0,0,,22.8,149.1,1009.3,54.5,6.5,92.7,8,4,,2020-04-24T05:53:09,2020-04-24T17:47:48,0.01,"Rain, Partially cloudy",Partly cloudy throughout the day with rain.,rain,"96741099999,WIII,96739099999,WIHH,96749099999,96751099999,96745099999,96749599999"
"-6.59117203505968, 106.901704049011",2020-04-25,32,20.2,26.7,37.1,20.2,28.6,21.8,75.7,0,0,0,,0,0,,15.7,143.5,1009.5,48.5,6.4,217.8,19,8,,2020-04-25T05:53:08,2020-04-25T17:47:28,0.03,Partially cloudy,Partly cloudy throughout the day.,partly-cloudy-day,"96741099999,WIII,96739099999,WIHH,96749099999,96751099999,96745099999,96749599999"
"-6.59117203505968, 106.901704049011",2020-04-26,33,21.4,27.1,39.2,21.4,29.6,23.2,80,8.56,100,12.5,rain,0,0,,18.4,171.7,1009.7,56.9,5.6,224.9,19.6,9,,2020-04-26T05:53:07,2020-04-26T17:47:09,0.05,"Rain, Partially cloudy",Partly cloudy throughout the day with rain.,rain,"96741099999,WIII,96739099999,WIHH,96749099999,96751099999,96745099999,96749599999"
"-6.59117203505968, 106.901704049011",2020-04-27,32.4,21.3,26,38.8,21.3,27.3,23.1,85,9.73,100,29.17,rain,0,0,,17.4,207.7,1010.2,65.2,5.7,86.8,7.5,3,,2020-04-27T05:53:07,2020-04-27T17:46:51,0.09,"Rain, Partially cloudy",Partly cloudy throughout the day with a chance of rain throughout the day.,rain,"96741099999,WIII,96739099999,WIHH,96749099999,96751099999,96745099999,96749599999"
"-6.59117203505968, 106.901704049011",2020-04-28,31.7,20.7,25.7,36.4,20.7,26.8,22.7,84.4,20.96,100,16.67,rain,0,0,,21.8,164.4,1009.9,55.3,5.1,73.2,6.3,3,,2020-04-28T05:53:07,2020-04-28T17:46:33,0.13,"Rain, Partially cloudy",Partly cloudy throughout the day with rain.,rain,"96741099999,WIII,96739099999,WIHH,96749099999,96751099999,96745099999,96749599999"
"-6.59117203505968, 106.901704049011",2020-04-29,32.7,20.7,25.7,39.5,20.7,27.5,22.8,84.5,40.35,100,12.5,rain,0,0,,16.6,159.5,1009.4,55.7,5.5,174.4,15.1,7,,2020-04-29T05:53:08,2020-04-29T17:46:16,0.18,"Rain, Partially cloudy",Partly cloudy throughout the day with rain.,rain,"96741099999,WIII,96739099999,WIHH,96749099999,96751099999,96745099999,96749599999"
"-6.59117203505968, 106.901704049011",2020-04-30,31.2,21.6,26.1,37.1,21.6,27.8,23.3,85.6,18.8,100,16.67,rain,0,0,,19.9,138.1,1009.9,68.2,4.7,194.6,16.8,7,,2020-04-30T05:53:09,2020-04-30T17:45:59,0.23,"Rain, Partially cloudy",Partly cloudy throughout the day with rain.,rain,"96741099999,WIII,96739099999,WIHH,96749099999,96751099999,96745099999,96749599999"
"-6.59117203505968, 106.901704049011",2020-05-01,31,21.3,26.4,36.5,21.3,28,23.4,84.4,7.37,100,8.33,rain,0,0,,16.1,163,1009.2,63.7,5.5,102.7,8.9,4,,2020-05-01T05:53:10,2020-05-01T17:45:43,0.28,"Rain, Partially cloudy",Partly cloudy throughout the day with late afternoon rain.,rain,"96741099999,WIII,96739099999,WIHH,96749099999,96751099999,96745099999,96749599999"
"-6.59117203505968, 106.901704049011",2020-05-02,29.7,21.2,25.6,33.6,21.2,26.7,22.7,84.3,8.55,100,16.67,rain,0,0,42.5,26.9,157.1,1008.6,64.8,6,166.6,14.4,6,,2020-05-02T05:53:12,2020-05-02T17:45:28,0.34,"Rain, Partially cloudy",Partly cloudy throughout the day with rain clearing later.,rain,"96741099999,WIHH,WIII,96739099999,96749099999,96751099999,96749599999,96745099999"
"-6.59117203505968, 106.901704049011",2020-05-03,33,21,27.3,38.6,21,30,23.1,78.8,0.03,100,4.17,rain,0,0,,24.1,139,1008.8,55.2,6.1,204,17.8,7,,2020-05-03T05:53:15,2020-05-03T17:45:14,0.39,"Rain, Partially cloudy",Partly cloudy throughout the day with morning rain.,rain,"96741099999,WIII,96739099999,WIHH,96749099999,96751099999,96745099999,96749599999"
"-6.59117203505968, 106.901704049011",2020-05-04,29.5,21.5,26.9,35.3,21.5,30.1,23.5,82.1,11.84,100,20.83,rain,0,0,,18.5,87.7,1009.1,56.1,6.3,155.5,13.6,6,,2020-05-04T05:53:17,2020-05-04T17:45:00,0.44,"Rain, Partially cloudy",Partly cloudy throughout the day with a chance of rain throughout the day.,rain,"96741099999,WIII,96739099999,WIHH,96749099999,96751099999,96745099999,96749599999"
"-6.59117203505968, 106.901704049011",2020-05-05,33,21.9,27.8,40.3,21.9,31.2,23.7,79.4,10.59,100,12.5,rain,0,0,,21,99.3,1009.3,53.1,7.3,88.8,7.6,3,,2020-05-05T05:53:21,2020-05-05T17:44:46,0.47,"Rain, Partially cloudy",Partly cloudy throughout the day with rain.,rain,"96741099999,WIII,96739099999,WIHH,96749099999,96751099999,96745099999,96749599999"
"-6.59117203505968, 106.901704049011",2020-05-06,33,22.2,27.4,40,22.2,30.6,24,82.8,5.61,100,16.67,rain,0,0,,20.1,156.3,1009.4,54.7,5.8,77.2,6.6,3,,2020-05-06T05:53:24,2020-05-06T17:44:34,0.49,"Rain, Partially cloudy",Partly cloudy throughout the day with rain.,rain,"96741099999,WIII,96739099999,WIHH,96749099999,96751099999,96745099999,96749599999"
"-6.59117203505968, 106.901704049011",2020-05-07,34,21.4,28.3,40.3,21.4,31.8,23.3,75.9,0.05,100,4.17,rain,0,0,,25.9,120.8,1008.6,41.9,7.4,218.1,18.8,8,,2020-05-07T05:53:28,2020-05-07T17:44:22,0.5,"Rain, Partially cloudy",Partly cloudy throughout the day with late afternoon rain.,rain,"96741099999,WIII,96739099999,WIHH,96749099999,96751099999,96745099999,96749599999"
"-6.59117203505968, 106.901704049011",2020-05-08,33,21.4,27.5,42.1,21.4,31.1,24,81.9,0.47,100,8.33,rain,0,0,,20.5,188.4,1009,51.9,5.4,125.1,10.8,5,,2020-05-08T05:53:33,2020-05-08T17:44:10,0.51,"Rain, Partially cloudy",Partly cloudy throughout the day with rain.,rain,"96741099999,WIII,96739099999,WIHH,96749099999,96751099999,96745099999,96749599999"
"-6.59117203505968, 106.901704049011",2020-05-09,30.3,21,26.3,35.8,21,28.8,23.7,86.2,3.54,100,12.5,rain,0,0,,11.2,159.6,1009.4,63.7,5.5,101.6,8.8,4,,2020-05-09T05:53:38,2020-05-09T17:44:00,0.53,"Rain, Partially cloudy",Partly cloudy throughout the day with rain clearing later.,rain,"96741099999,WIII,96739099999,WIHH,96749099999,96751099999,96745099999,96749599999"
"-6.59117203505968, 106.901704049011",2020-05-10,32.3,22.1,26.7,39,22.1,29.4,23.7,84.6,12.93,100,16.67,rain,0,0,,21.1,181,1009.4,56.8,5.4,132.3,11.3,5,,2020-05-10T05:53:44,2020-05-10T17:43:50,0.56,"Rain, Partially cloudy",Partly cloudy throughout the day with rain.,rain,"96741099999,WIII,96739099999,WIHH,96749099999,96751099999,remote,96745099999,96749599999"
"-6.59117203505968, 106.901704049011",2020-05-11,33,21.4,27.5,39,21.4,30.7,23.6,80.6,6.82,100,12.5,rain,0,0,35.3,20.4,163.6,1009.7,58.6,6.2,81.4,7,3,,2020-05-11T05:53:50,2020-05-11T17:43:41,0.61,"Rain, Partially cloudy",Partly cloudy throughout the day with rain.,rain,"96741099999,WIII,96739099999,WIHH,96749099999,96751099999,96745099999,96749599999"
"-6.59117203505968, 106.901704049011",2020-05-12,34,21.5,28,42.1,21.5,32,23.9,79.3,0.99,100,8.33,rain,0,0,,19.9,123.4,1009.2,54.4,6.5,232.4,20,8,,2020-05-12T05:53:56,2020-05-12T17:43:32,0.65,"Rain, Partially cloudy",Partly cloudy throughout the day with late afternoon rain.,rain,"96741099999,WIII,96739099999,WIHH,96749099999,96751099999,96745099999,96749599999"
"-6.59117203505968, 106.901704049011",2020-05-13,32.5,22.2,27.6,38.9,22.2,30.8,24,82,3.63,100,20.83,rain,0,0,,23.9,140.9,1009.1,60.7,5.4,194.3,16.9,7,,2020-05-13T05:54:03,2020-05-13T17:43:24,0.7,"Rain, Partially cloudy",Partly cloudy throughout the day with a chance of rain throughout the day.,rain,"96741099999,WIHH,WIII,96739099999,96749099999,96751099999,96749599999,96745099999"
"-6.59117203505968, 106.901704049011",2020-05-14,32.7,21.4,27.7,39.2,21.4,30.5,22.8,75.9,0.4,100,4.17,rain,0,0,,20.9,114.6,1008.3,46.2,6.8,204.9,17.7,8,,2020-05-14T05:54:10,2020-05-14T17:43:17,0.75,"Rain, Partially cloudy",Partly cloudy throughout the day with afternoon rain.,rain,"96741099999,WIII,96739099999,WIHH,96749099999,96751099999,96745099999,96749599999"
"-6.59117203505968, 106.901704049011",2020-05-15,33.7,21.2,27.6,39.3,21.2,30.1,22.6,75.7,0,0,0,,0,0,,28.2,99.8,1007.4,44.4,6.5,203.9,17.6,8,,2020-05-15T05:54:18,2020-05-15T17:43:11,0.8,Partially cloudy,Partly cloudy throughout the day.,partly-cloudy-day,"96741099999,WIII,96739099999,WIHH,96749099999,96751099999,96745099999,96749599999"
"-6.59117203505968, 106.901704049011",2020-05-16,33.7,21,27.6,39.3,21,30.4,22.4,74.5,0,0,0,,0,0,37.1,22.3,128,1006.6,39.3,7.5,218.3,18.8,8,,2020-05-16T05:54:26,2020-05-16T17:43:05,0.85,Partially cloudy,Partly cloudy throughout the day.,partly-cloudy-day,"96741099999,WIII,96739099999,WIHH,96749099999,96751099999,96745099999,96749599999"
"-6.59117203505968, 106.901704049011",2020-05-17,33,22,27.7,39.3,22,30.8,23,76.4,12.47,100,8.33,rain,0,0,,16.6,121.8,1007,47.3,7.1,106.4,9.2,4,,2020-05-17T05:54:34,2020-05-17T17:43:00,0.89,"Rain, Partially cloudy",Partly cloudy throughout the day with late afternoon rain.,rain,"96741099999,WIII,96739099999,96749099999,96751099999,96745099999"
"-6.59117203505968, 106.901704049011",2020-05-18,30,20.6,25,36.2,20.6,26.1,23,88.8,39.02,100,25,rain,0,0,,18.4,230.2,1008.2,66.4,5.7,76.4,6.5,2,,2020-05-18T05:54:43,2020-05-18T17:42:56,0.93,"Rain, Partially cloudy",Partly cloudy throughout the day with a chance of rain throughout the day.,rain,"96741099999,WIII,96739099999,WIHH,96749099999,96751099999,96745099999,96749599999"
"-6.59117203505968, 106.901704049011",2020-05-19,32.7,20.3,26.8,39.2,20.3,29.4,23,80.4,12.67,100,16.67,rain,0,0,,21,119.7,1007.8,52.6,6.5,209,17.9,7,,2020-05-19T05:54:52,2020-05-19T17:42:53,0.96,"Rain, Partially cloudy",Partly cloudy throughout the day with rain.,rain,"5BZE2,96741099999,WIII,96739099999,WIHH,96749099999,96751099999,96745099999,96749599999"
"-6.59117203505968, 106.901704049011",2020-05-20,33.8,20.3,27.1,41.9,20.3,30.1,23.3,81.1,51.16,100,12.5,rain,0,0,,20.5,151.2,1008.4,57,5.9,179,15.4,7,,2020-05-20T05:55:02,2020-05-20T17:42:50,0.98,"Rain, Partially cloudy",Partly cloudy throughout the day with rain.,rain,"5BZE2,96741099999,WIII,96739099999,WIHH,96749099999,96751099999,96745099999,96749599999"
"-6.59117203505968, 106.901704049011",2020-05-21,33.7,20.4,27.2,38.6,20.4,29.5,22.6,77.3,18.99,100,12.5,rain,0,0,,16.6,258.4,1008.9,61.2,6.9,211.4,18.2,8,,2020-05-21T05:55:12,2020-05-21T17:42:48,1,"Rain, Partially cloudy",Partly cloudy throughout the day with rain clearing later.,rain,"96741099999,WIII,96739099999,WIHH,96749099999,96751099999,96745099999,96749599999"
"-6.59117203505968, 106.901704049011",2020-05-22,32.8,22.3,27.7,39.9,22.3,31.2,23.6,79.5,17.79,100,8.33,rain,0,0,,16.3,114.4,1009.4,50.7,6.6,162.1,14,6,,2020-05-22T05:55:23,2020-05-22T17:42:46,1,"Rain, Partially cloudy",Partly cloudy throughout the day with late afternoon rain.,rain,"96741099999,WIII,96739099999,WIHH,96749099999,96751099999,96745099999,96749599999"
"-6.59117203505968, 106.901704049011",2020-05-23,33.7,21.2,27.4,38.2,21.2,29.4,22.1,74.6,0,0,0,,0,0,,21,236.3,1010,51.5,7.3,212.3,18.4,8,,2020-05-23T05:55:34,2020-05-23T17:42:45,0,Partially cloudy,Partly cloudy throughout the day.,partly-cloudy-day,"96741099999,WIII,96739099999,WIHH,96749099999,96751099999,96745099999,96749599999"
"-6.59117203505968, 106.901704049011",2020-05-24,34,21.2,27.9,42,21.2,30.5,22.1,71.9,4.03,100,8.33,rain,0,0,,25.8,243.3,1010.8,40.4,7.6,231.7,20,8,,2020-05-24T05:55:45,2020-05-24T17:42:45,0.02,"Rain, Partially cloudy",Becoming cloudy in the afternoon with rain.,rain,"96741099999,WIII,96739099999,WIHH,96749099999,96751099999,96745099999,96749599999"
"-6.59117203505968, 106.901704049011",2020-05-25,33.7,21.7,27.5,40.2,21.7,30.3,22.9,76.9,5.82,100,8.33,rain,0,0,,21.8,209.2,1011.4,48.1,6.9,192.8,16.7,7,,2020-05-25T05:55:56,2020-05-25T17:42:46,0.04,"Rain, Partially cloudy",Partly cloudy throughout the day with rain.,rain,"96741099999,WIII,96739099999,WIHH,96749099999,96751099999,96745099999,96749599999"
"-6.59117203505968, 106.901704049011",2020-05-26,33,21.6,27.3,38.9,21.6,29.7,23,78.2,0,0,0,,0,0,33.5,17.3,253.6,1010.9,53.2,7.3,62.8,5.4,2,,2020-05-26T05:56:08,2020-05-26T17:42:47,0.07,Partially cloudy,Partly cloudy throughout the day.,partly-cloudy-day,"96741099999,WIII,96739099999,WIHH,96749099999,96751099999,96745099999,96749599999"
"-6.59117203505968, 106.901704049011",2020-05-27,32.5,21.6,27.1,38.5,21.6,29.2,22.8,78.4,25.49,100,12.5,rain,0,0,,16.8,255.2,1011.2,53.2,7.3,63.4,5.3,2,,2020-05-27T05:56:20,2020-05-27T17:42:49,0.11,"Rain, Partially cloudy",Partly cloudy throughout the day with rain.,rain,"96741099999,WIII,96739099999,WIHH,96749099999,96751099999,96745099999,96749599999"
"-6.59117203505968, 106.901704049011",2020-05-28,32.5,21.6,27,37.7,21.6,29.3,23.2,80.7,0.08,100,4.17,rain,0,0,,13.1,173.7,1010.8,51.8,6.5,79.2,6.8,3,,2020-05-28T05:56:32,2020-05-28T17:42:51,0.16,"Rain, Partially cloudy",Partly cloudy throughout the day with early morning rain.,rain,"96741099999,WIII,96739099999,WIHH,96749099999,96751099999,96745099999,96749599999"
"-6.59117203505968, 106.901704049011",2020-05-29,33.5,21.5,26.8,40.2,21.5,29.1,23.1,81.5,35.12,100,20.83,rain,0,0,,17.9,134.7,1011.2,56.2,6,180,15.7,6,,2020-05-29T05:56:45,2020-05-29T17:42:55,0.21,"Rain, Partially cloudy",Partly cloudy throughout the day with rain.,rain,"96741099999,WIII,96739099999,WIHH,96749099999,96751099999,96745099999,96749599999"
"-6.59117203505968, 106.901704049011",2020-05-30,33.7,20.8,27,40.6,20.8,29.3,22.7,78.6,49.8,100,16.67,rain,0,0,,23.3,148.7,1011.2,50.8,6.3,171.6,14.7,7,,2020-05-30T05:56:58,2020-05-30T17:42:58,0.27,"Rain, Partially cloudy",Becoming cloudy in the afternoon with rain.,rain,"96741099999,WIII,96739099999,WIHH,96749099999,96751099999,96745099999,96749599999"
"-6.59117203505968, 106.901704049011",2020-05-31,32.7,21.1,26.8,37.5,21.1,28.9,23.1,81.1,5.05,100,16.67,rain,0,0,,18.5,155.3,1011.9,55.5,5.8,55.5,4.6,2,,2020-05-31T05:57:11,2020-05-31T17:43:03,0.33,"Rain, Partially cloudy",Partly cloudy throughout the day with rain.,rain,"96741099999,WIII,96739099999,WIHH,96749099999,96751099999,96745099999,96749599999"
"-6.59117203505968, 106.901704049011",2020-06-01,32.7,20.9,26.5,37.9,20.9,28.1,22.5,79.6,11.43,100,12.5,rain,0,0,,22.8,162.8,1011.2,57.3,6.5,142.3,12.3,6,,2020-06-01T05:57:24,2020-06-01T17:43:08,0.38,"Rain, Partially cloudy",Partly cloudy throughout the day with rain.,rain,"96741099999,WIII,96739099999,WIHH,96749099999,96751099999,96745099999,96749599999"
"-6.59117203505968, 106.901704049011",2020-06-02,33,21.4,26.9,39.2,21.4,29.1,22.6,78.4,8.25,100,8.33,rain,0,0,,26.3,170.5,1010.7,57.7,6.9,116.6,10.1,4,,2020-06-02T05:57:38,2020-06-02T17:43:13,0.43,"Rain, Partially cloudy",Partly cloudy throughout the day with late afternoon rain.,rain,"96741099999,WIII,96739099999,WIHH,96749099999,96751099999,96745099999,96749599999"
"-6.59117203505968, 106.901704049011",2020-06-03,32.3,21.3,26.5,37.4,21.3,28.7,22.7,80.2,2.12,100,12.5,rain,0,0,,24.6,125.7,1010.2,51.7,6.7,217.7,18.9,8,,2020-06-03T05:57:52,2020-06-03T17:43:19,0.46,"Rain, Partially cloudy",Partly cloudy throughout the day with rain.,rain,"96741099999,WIII,96739099999,WIHH,96749099999,96751099999,96745099999,96749599999"
"-6.59117203505968, 106.901704049011",2020-06-04,33,21.1,27.5,36.4,21.1,29.3,21.8,73.2,0.01,100,4.17,rain,0,0,38.9,24.9,121.7,1010,44.2,6.7,183.4,15.7,6,,2020-06-04T05:58:06,2020-06-04T17:43:26,0.49,"Rain, Partially cloudy",Partly cloudy throughout the day with afternoon rain.,rain,"96741099999,WIII,96739099999,WIHH,96749099999,96751099999,96745099999,96749599999"
"-6.59117203505968, 106.901704049011",2020-06-05,32.5,20.9,26.6,35.9,20.9,28,22,76.9,0.18,100,12.5,rain,0,0,,12,196.5,1010.5,54.9,5.6,202,17.5,7,,2020-06-05T05:58:20,2020-06-05T17:43:33,0.5,"Rain, Partially cloudy",Partly cloudy throughout the day with rain.,rain,"96741099999,WIII,96739099999,WIHH,96749099999,96751099999,96745099999,96749599999"
"-6.59117203505968, 106.901704049011",2020-06-06,33.5,21.4,27.2,37.9,21.4,29.1,22.4,76.6,1.44,100,8.33,rain,0,0,,11.6,156.2,1010.4,51.8,5.5,222.3,19.2,8,,2020-06-06T05:58:34,2020-06-06T17:43:41,0.51,"Rain, Partially cloudy",Partly cloudy throughout the day with rain.,rain,"96741099999,WIII,96739099999,WIHH,96749099999,96751099999,96745099999,96749599999"
"-6.59117203505968, 106.901704049011",2020-06-07,33.5,21.3,26.9,37.9,21.3,29.1,22.4,77.4,9.6,100,8.33,rain,0,0,,19.9,121.8,1008.9,51.5,6.1,199.1,17.2,7,,2020-06-07T05:58:48,2020-06-07T17:43:49,0.52,"Rain, Partially cloudy",Partly cloudy throughout the day with rain.,rain,"96741099999,WIII,96739099999,WIHH,96749099999,96751099999,96745099999,96749599999"
"-6.59117203505968, 106.901704049011",2020-06-08,32.7,20.6,27.1,37.5,20.6,29.4,22.7,78.4,0.05,100,8.33,rain,0,0,,22.8,140.1,1009.3,58.1,6,121.4,10.7,5,,2020-06-08T05:59:02,2020-06-08T17:43:58,0.54,"Rain, Partially cloudy",Partly cloudy throughout the day with rain.,rain,"96741099999,WIII,96739099999,WIHH,96749099999,96751099999,96745099999,96749599999"
"-6.59117203505968, 106.901704049011",2020-06-09,32,21.1,26,37.1,21.1,27.4,22.9,84,1.84,100,12.5,rain,0,0,37.1,11.2,159.4,1010.2,54.5,5.3,112.2,9.7,5,,2020-06-09T05:59:17,2020-06-09T17:44:07,0.58,"Rain, Partially cloudy",Partly cloudy throughout the day with rain in the morning and afternoon.,rain,"96741099999,WIII,96739099999,WIHH,96749099999,96751099999,96745099999,96749599999"
"-6.59117203505968, 106.901704049011",2020-06-10,32,20.9,27.1,37.4,20.9,29.5,22.9,78.9,0,0,0,,0,0,33.5,19.4,98,1009.5,48.4,6.3,191.4,16.5,8,,2020-06-10T05:59:31,2020-06-10T17:44:17,0.63,Partially cloudy,Partly cloudy throughout the day.,partly-cloudy-day,"96741099999,WIII,96739099999,WIHH,96749099999,96751099999,96745099999,96749599999"
"-6.59117203505968, 106.901704049011",2020-06-11,33.7,22.2,27.3,38.4,22.2,29.5,22.7,77.1,4.06,100,16.67,rain,0,0,,22.3,113.9,1008.6,56.8,6.3,194.5,16.9,8,,2020-06-11T05:59:45,2020-06-11T17:44:27,0.67,"Rain, Partially cloudy",Partly cloudy throughout the day with rain.,rain,"96741099999,WIII,96739099999,WIHH,96749099999,96751099999,96745099999,96749599999"
"-6.59117203505968, 106.901704049011",2020-06-12,33,21,27.2,37.3,21,29.2,22.1,75.4,0.41,100,8.33,rain,0,0,,18.1,171.1,1007.8,49.7,6.4,220.6,19,8,,2020-06-12T06:00:00,2020-06-12T17:44:37,0.72,"Rain, Partially cloudy",Partly cloudy throughout the day with early morning rain.,rain,"96741099999,WIII,96739099999,WIHH,96749099999,96751099999,96745099999,96749599999"
"-6.59117203505968, 106.901704049011",2020-06-13,33.7,20.7,27.1,37.5,20.7,28.8,21.9,75.1,0.4,100,4.17,rain,0,0,,15.2,172.6,1009.1,51.6,5.7,231.5,20.2,8,,2020-06-13T06:00:14,2020-06-13T17:44:48,0.77,"Rain, Partially cloudy",Partly cloudy throughout the day with late afternoon rain.,rain,"96741099999,WIII,96739099999,WIHH,96749099999,96751099999,96745099999,96749599999"
"-6.59117203505968, 106.901704049011",2020-06-14,34,21.1,27.9,37.8,21.1,30.3,22.3,73.4,0,0,0,,0,0,,18.9,127.8,1009.6,42.9,6,240.4,20.6,8,,2020-06-14T06:00:28,2020-06-14T17:44:59,0.81,Partially cloudy,Partly cloudy throughout the day.,partly-cloudy-day,"96741099999,WIII,96739099999,WIHH,96749099999,96751099999,96745099999,96749599999"
"-6.59117203505968, 106.901704049011",2020-06-15,32.5,22.3,27.8,38.9,22.3,31.5,23.7,78.9,0,0,0,,0,0,,22.3,160.2,1010,58.6,4.9,111.8,9.6,5,,2020-06-15T06:00:42,2020-06-15T17:45:11,0.86,Partially cloudy,Partly cloudy throughout the day.,partly-cloudy-day,"96741099999,WIII,96739099999,WIHH,96749099999,96751099999,96745099999,96749599999"
"-6.59117203505968, 106.901704049011",2020-06-16,32.7,21.8,27.6,38.3,21.8,30.5,22.9,76.4,0.76,100,8.33,rain,0,0,,25.1,95.1,1009.2,48.4,6.9,211.4,18.3,8,,2020-06-16T06:00:57,2020-06-16T17:45:22,0.9,"Rain, Partially cloudy",Partly cloudy throughout the day with afternoon rain.,rain,"96741099999,WIII,96739099999,WIHH,96749099999,96751099999,96745099999,96749599999"
"-6.59117203505968, 106.901704049011",2020-06-17,33.7,21.4,27.6,37.8,21.4,29.9,22.2,74.1,0,0,0,,0,0,,25.4,144.7,1010.3,44.9,6.3,149.1,12.9,6,,2020-06-17T06:01:10,2020-06-17T17:45:35,0.94,Partially cloudy,Partly cloudy throughout the day.,partly-cloudy-day,"5BZE2,96741099999,WIII,96739099999,WIHH,96749099999,96751099999,96745099999,96749599999"
"-6.59117203505968, 106.901704049011",2020-06-18,33,21.7,27.5,37.3,21.7,29.8,22.6,76.1,4.92,100,8.33,rain,0,0,,18.4,173.3,1010,55.7,5.5,158.8,13.7,7,,2020-06-18T06:01:24,2020-06-18T17:45:47,0.97,"Rain, Partially cloudy",Partly cloudy throughout the day with rain.,rain,"96741099999,WIII,96739099999,WIHH,96749099999,96751099999,96745099999,96749599999"
"-6.59117203505968, 106.901704049011",2020-06-19,32.2,21.4,26.2,35.9,21.4,27.6,22.3,79.9,0.7,100,8.33,rain,0,0,,14.8,225.7,1010.7,58.2,5.1,85.1,7.5,4,,2020-06-19T06:01:38,2020-06-19T17:46:00,0.99,"Rain, Partially cloudy",Partly cloudy throughout the day with rain.,rain,"96741099999,WIII,96739099999,WIHH,96749099999,96751099999,96745099999,96749599999"
"-6.59117203505968, 106.901704049011",2020-06-20,33.7,20.7,27.3,37.5,20.7,29.1,22,74.6,0,0,0,,0,0,,20.4,145.3,1009.3,51.6,6.2,230.1,19.7,8,,2020-06-20T06:01:51,2020-06-20T17:46:12,1,Partially cloudy,Partly cloudy throughout the day.,partly-cloudy-day,"96741099999,WIII,96739099999,WIHH,96749099999,96751099999,96745099999,96749599999"
"-6.59117203505968, 106.901704049011",2020-06-21,33.5,20.7,26.9,36.5,20.7,28.5,21.6,74.2,0,0,0,,0,0,,20.5,171.4,1008.3,44.5,6.3,238,20.5,8,,2020-06-21T06:02:04,2020-06-21T17:46:26,0,Partially cloudy,Partly cloudy throughout the day.,partly-cloudy-day,"96741099999,WIII,96739099999,WIHH,96749099999,96751099999,96745099999,96749599999"
"-6.59117203505968, 106.901704049011",2020-06-22,30.7,21.3,26.5,35.4,21.3,28.2,22.3,78.2,26.57,100,16.67,rain,0,0,,17.3,159.6,1008.3,57,5.4,110.9,9.6,4,,2020-06-22T06:02:17,2020-06-22T17:46:39,0.01,"Rain, Partially cloudy",Partly cloudy throughout the day with rain.,rain,"96741099999,WIII,96739099999,WIHH,96749099999,96751099999,96745099999,96749599999"
"-6.59117203505968, 106.901704049011",2020-06-23,32,20.4,26.3,35.6,20.4,27.6,22,78.8,6.04,100,12.5,rain,0,0,,25.9,121.8,1009.1,53.5,6,179.4,15.3,6,,2020-06-23T06:02:30,2020-06-23T17:46:52,0.03,"Rain, Partially cloudy",Partly cloudy throughout the day with rain.,rain,"96741099999,WIII,96739099999,WIHH,96749099999,96751099999,96745099999,96749599999"
"-6.59117203505968, 106.901704049011",2020-06-24,32.9,20.4,26.1,38,20.4,27.6,22.2,79.8,0,0,0,,0,0,,11.2,227.3,1009.7,53.6,5.7,144.6,12.6,5,,2020-06-24T06:02:42,2020-06-24T17:47:06,0.06,Partially cloudy,Partly cloudy throughout the day.,partly-cloudy-day,"96741099999,WIII,96739099999,WIHH,96749099999,96751099999,96745099999,96749599999"
"-6.59117203505968, 106.901704049011",2020-06-25,33.5,20.2,27,37.2,20.2,28.7,21.8,75.1,0,0,0,,0,0,,17.6,152.9,1009,47.8,5.5,230.5,19.8,8,,2020-06-25T06:02:54,2020-06-25T17:47:19,0.1,Partially cloudy,Partly cloudy throughout the day.,partly-cloudy-day,"96741099999,WIII,96739099999,WIHH,96749099999,96751099999,96745099999,96749599999"
"-6.59117203505968, 106.901704049011",2020-06-26,32.7,20.6,27.1,37.7,20.6,29.2,22.3,76.2,0,0,0,,0,0,,20.8,172.2,1009.1,53.3,5.2,213,18.5,8,,2020-06-26T06:03:06,2020-06-26T17:47:33,0.14,Partially cloudy,Partly cloudy throughout the day.,partly-cloudy-day,"96741099999,WIII,96739099999,WIHH,96749099999,96751099999,96745099999,96749599999"
"-6.59117203505968, 106.901704049011",2020-06-27,32.3,20.7,27,36.7,20.7,28.9,22.1,75.6,0.1,100,8.33,rain,0,0,,19.9,125.1,1009.9,52.5,5.5,168.5,14.4,6,,2020-06-27T06:03:17,2020-06-27T17:47:47,0.2,"Rain, Partially cloudy",Partly cloudy throughout the day with rain.,rain,"96741099999,WIII,96739099999,WIHH,96749099999,96751099999,96745099999,96749599999"
"-6.59117203505968, 106.901704049011",2020-06-28,33.7,21,27.2,37.5,21,28.9,21.7,73.6,0,0,0,,0,0,,15.2,103.3,1010.2,53.9,5.5,226,19.6,8,,2020-06-28T06:03:28,2020-06-28T17:48:01,0.26,Partially cloudy,Partly cloudy throughout the day.,partly-cloudy-day,"96741099999,WIII,96739099999,WIHH,96749099999,96751099999,96745099999,96749599999"
"-6.59117203505968, 106.901704049011",2020-06-29,33.7,21.2,27.6,37,21.2,29.6,21.6,71.1,0,0,0,,0,0,,24.6,131.8,1009.6,46.3,5.8,240.6,20.8,8,,2020-06-29T06:03:38,2020-06-29T17:48:14,0.32,Partially cloudy,Partly cloudy throughout the day.,partly-cloudy-day,"96741099999,WIII,96739099999,WIHH,96749099999,96751099999,96745099999,96749599999"
"-6.59117203505968, 106.901704049011",2020-06-30,33.7,20.4,27,37.5,20.4,28.9,21.6,73.8,0,0,0,,0,0,,23.3,124.1,1009.2,41.1,6.1,237.1,20.5,8,,2020-06-30T06:03:48,2020-06-30T17:48:28,0.37,Partially cloudy,Partly cloudy throughout the day.,partly-cloudy-day,"96741099999,WIII,96739099999,WIHH,96749099999,96751099999,96745099999,96749599999"
"-6.59117203505968, 106.901704049011",2020-07-01,33.5,20.2,27.1,36.5,20.2,28.5,21.3,72.5,0.2,100,4.17,rain,0,0,,22.8,154.5,1008.8,42.8,5.8,229.1,19.8,8,,2020-07-01T06:03:58,2020-07-01T17:48:42,0.42,"Rain, Partially cloudy",Partly cloudy throughout the day with late afternoon rain.,rain,"96741099999,WIII,96739099999,WIHH,96749099999,96751099999,96745099999,96749599999"
"-6.59117203505968, 106.901704049011",2020-07-02,30.7,20.9,25.4,35.1,20.9,26.6,22.2,83.2,6.03,100,8.33,rain,0,0,,25.8,236.1,1009.5,58.2,4.7,131.9,11.4,5,,2020-07-02T06:04:07,2020-07-02T17:48:56,0.46,"Rain, Partially cloudy",Partly cloudy throughout the day with afternoon rain.,rain,"96741099999,WIII,96739099999,WIHH,96749099999,96751099999,96745099999,96749599999"
"-6.59117203505968, 106.901704049011",2020-07-03,32,21.2,26.4,35.8,21.2,27.7,21.6,76.2,30.65,100,16.67,rain,0,0,,22.1,130.8,1009.7,59.4,6.1,206.5,17.8,7,,2020-07-03T06:04:16,2020-07-03T17:49:09,0.48,"Rain, Partially cloudy",Partly cloudy throughout the day with rain.,rain,"96741099999,WIII,96739099999,WIHH,96749099999,96751099999,96745099999,96749599999"
"-6.59117203505968, 106.901704049011",2020-07-04,31.7,21.3,26.4,35.7,21.3,27.9,21.9,77.2,0.45,100,8.33,rain,0,0,,20.9,107.5,1009.6,56.6,6.6,218.1,18.8,8,,2020-07-04T06:04:24,2020-07-04T17:49:23,0.5,"Rain, Partially cloudy",Partly cloudy throughout the day with rain in the morning and afternoon.,rain,"96741099999,WIII,96739099999,WIHH,96749099999,96751099999,96745099999,96749599999"
"-6.59117203505968, 106.901704049011",2020-07-05,32.7,19.7,27,36.1,19.7,28.7,20.4,68.3,0,0,0,,0,0,,28.8,96.5,1008.8,40.4,7.1,255.2,21.9,9,,2020-07-05T06:04:31,2020-07-05T17:49:36,0.5,Partially cloudy,Partly cloudy throughout the day.,partly-cloudy-day,"96741099999,WIII,96739099999,WIHH,96749099999,96751099999,96745099999,96749599999"
"-6.59117203505968, 106.901704049011",2020-07-06,33.3,19.8,26.6,36.6,19.8,28,20.8,71.7,1.34,100,12.5,rain,0,0,37.1,24.1,125.2,1009,49.7,6.2,217.6,18.8,8,,2020-07-06T06:04:39,2020-07-06T17:49:49,0.51,"Rain, Partially cloudy",Partly cloudy throughout the day with rain.,rain,"96741099999,WIII,96739099999,WIHH,96749099999,96751099999,96745099999,96749599999"
"-6.59117203505968, 106.901704049011",2020-07-07,33,20.5,26.7,36.2,20.5,28.1,21.6,75.5,0.59,100,8.33,rain,0,0,,18.6,93.2,1009.3,54.1,6.4,176,15.2,7,,2020-07-07T06:04:45,2020-07-07T17:50:02,0.53,"Rain, Partially cloudy",Partly cloudy throughout the day with early morning rain.,rain,"96741099999,WIII,96739099999,WIHH,96749099999,96751099999,96745099999,96749599999"
"-6.59117203505968, 106.901704049011",2020-07-08,32.7,20.5,26.7,38.2,20.5,28.2,21.6,74.9,11.34,100,8.33,rain,0,0,,20.6,194.9,1008.7,50.4,5.9,217.2,18.8,8,,2020-07-08T06:04:51,2020-07-08T17:50:15,0.56,"Rain, Partially cloudy",Partly cloudy throughout the day with late afternoon rain.,rain,"96741099999,WIII,96739099999,WIHH,96749099999,96751099999,96745099999,96749599999"
"-6.59117203505968, 106.901704049011",2020-07-09,32.7,19.6,26,36.7,19.6,27.1,21,75.5,8.07,100,4.17,rain,0,0,,13,209.7,1008.5,45.1,6.2,204.9,17.6,8,,2020-07-09T06:04:56,2020-07-09T17:50:28,0.6,"Rain, Partially cloudy",Partly cloudy throughout the day with morning rain.,rain,"96741099999,WIII,96739099999,WIHH,96749099999,96751099999,96745099999,96749599999"
"-6.59117203505968, 106.901704049011",2020-07-10,31.5,20,26.1,34.5,20,27.4,21.8,78.1,0.59,100,8.33,rain,0,0,,14.8,166.3,1009.3,53,5.3,225,19.6,8,,2020-07-10T06:05:01,2020-07-10T17:50:40,0.64,"Rain, Partially cloudy",Partly cloudy throughout the day with early morning rain.,rain,"96741099999,WIII,96739099999,WIHH,96749099999,96751099999,96745099999,96749599999"
"-6.59117203505968, 106.901704049011",2020-07-11,32.7,20.7,26.9,37,20.7,29,22.5,78.1,1.21,100,8.33,rain,0,0,,24.1,123.1,1009.3,48.9,5.8,224.6,19.2,8,,2020-07-11T06:05:05,2020-07-11T17:50:53,0.68,"Rain, Partially cloudy",Partly cloudy throughout the day with early morning rain.,rain,"96741099999,WIII,96739099999,WIHH,96749099999,96751099999,96745099999,96749599999"
"-6.59117203505968, 106.901704049011",2020-07-12,32.7,21,27,37.7,21,28.9,22.4,77,0.85,100,4.17,rain,0,0,,20.1,199.4,1009.1,50.2,5.8,185.5,16.1,7,,2020-07-12T06:05:08,2020-07-12T17:51:05,0.73,"Rain, Partially cloudy",Partly cloudy throughout the day with afternoon rain.,rain,"96741099999,WIII,96739099999,WIHH,96749099999,96751099999,96745099999,96749599999"
"-6.59117203505968, 106.901704049011",2020-07-13,32.3,20.6,27,36.4,20.6,28.9,22.1,75.5,0,0,0,,0,0,,22.3,138.8,1008.7,55,6.5,185.3,16,6,,2020-07-13T06:05:11,2020-07-13T17:51:16,0.78,Partially cloudy,Partly cloudy throughout the day.,partly-cloudy-day,"96741099999,WIII,96739099999,WIHH,96749099999,96751099999,96745099999,96749599999"
"-6.59117203505968, 106.901704049011",2020-07-14,31.7,20.8,26.7,36.4,20.8,28.6,22.3,77.7,0.82,100,8.33,rain,0,0,,24.6,161.5,1008.7,56.9,5.8,203.4,17.6,7,,2020-07-14T06:05:13,2020-07-14T17:51:28,0.83,"Rain, Partially cloudy",Partly cloudy throughout the day with rain.,rain,"96741099999,WIII,96739099999,WIHH,96749099999,96751099999,96745099999,96749599999"
"-6.59117203505968, 106.901704049011",2020-07-15,31,20.8,25.8,34.6,20.8,27,22,80.3,1.79,100,12.5,rain,0,0,42.5,30.9,114,1008.3,60.6,6.3,195.3,16.9,7,,2020-07-15T06:05:14,2020-07-15T17:51:39,0.87,"Rain, Partially cloudy",Partly cloudy throughout the day with rain clearing later.,rain,"96741099999,WIII,96739099999,WIHH,96749099999,96751099999,96745099999,96749599999"
"-6.59117203505968, 106.901704049011",2020-07-16,30.7,22.2,26.8,35.4,22.2,28.8,21.8,74.6,0.07,100,4.17,rain,0,0,,25.9,130.6,1007.8,63.7,6.8,200.9,17.5,7,,2020-07-16T06:05:15,2020-07-16T17:51:49,0.91,"Rain, Partially cloudy",Partly cloudy throughout the day with afternoon rain.,rain,"96741099999,WIII,96739099999,WIHH,96749099999,96751099999,96745099999,96749599999"
"-6.59117203505968, 106.901704049011",2020-07-17,32.7,20.7,27.3,37.9,20.7,29.4,22.1,74.4,0,0,0,,0,0,,22.6,124.6,1008.5,44.9,6.5,212.2,18.2,8,,2020-07-17T06:05:15,2020-07-17T17:52:00,0.95,Partially cloudy,Partly cloudy throughout the day.,partly-cloudy-day,"96741099999,WIII,96739099999,WIHH,96749099999,96751099999,96745099999,96749599999"
"-6.59117203505968, 106.901704049011",2020-07-18,32.7,20,27.1,37.7,20,29.1,21.9,75,0.15,100,4.17,rain,0,0,,22.6,121.8,1008.7,51,6,250,21.6,9,,2020-07-18T06:05:14,2020-07-18T17:52:10,0.98,"Rain, Partially cloudy",Partly cloudy throughout the day with early morning rain.,rain,"96741099999,WIII,96739099999,WIHH,96749099999,96751099999,96745099999,96749599999"
"-6.59117203505968, 106.901704049011",2020-07-19,33.5,20.1,26.9,38.4,20.1,28.5,21.8,75.4,0.81,100,4.17,rain,0,0,,16.8,169.2,1008.4,47.6,5.6,247.4,21.3,9,,2020-07-19T06:05:13,2020-07-19T17:52:19,1,"Rain, Partially cloudy",Partly cloudy throughout the day with afternoon rain.,rain,"96741099999,WIII,96739099999,WIHH,96749099999,96751099999,96745099999,96749599999"
"-6.59117203505968, 106.901704049011",2020-07-20,32,20.8,26.8,36.5,20.8,28.4,22,76.3,0.77,100,4.17,rain,0,0,,27.2,164.4,1008.2,52.9,5.3,245.1,21.2,9,,2020-07-20T06:05:11,2020-07-20T17:52:28,1,"Rain, Partially cloudy",Partly cloudy throughout the day with afternoon rain.,rain,"96741099999,WIII,96739099999,WIHH,96749099999,96751099999,96745099999,96749599999"
"-6.59117203505968, 106.901704049011",2020-07-21,32,20.6,26.3,36.3,20.6,28.1,22.4,80.3,1.61,100,4.17,rain,0,0,,15.7,172.2,1008.7,48.9,5.4,239.3,20.8,9,,2020-07-21T06:05:08,2020-07-21T17:52:37,0,"Rain, Partially cloudy",Partly cloudy throughout the day with late afternoon rain.,rain,"96741099999,WIII,96739099999,WIHH,96749099999,96751099999,96745099999,96749599999"
"-6.59117203505968, 106.901704049011",2020-07-22,33.5,20.6,26.8,37.2,20.6,28.8,22.3,77.7,0.25,100,8.33,rain,0,0,42.5,21,155.2,1008.2,48.3,6,239.5,20.7,9,,2020-07-22T06:05:04,2020-07-22T17:52:46,0.02,"Rain, Partially cloudy",Partly cloudy throughout the day with rain in the morning and afternoon.,rain,"96741099999,WIII,96739099999,WIHH,96749099999,96751099999,96745099999,96749599999"
"-6.59117203505968, 106.901704049011",2020-07-23,32.7,20.9,27.1,36.5,20.9,29,21.9,74.5,0,0,0,,0,0,,20.6,174.2,1008.6,54.3,5.8,236.4,20.5,8,,2020-07-23T06:05:00,2020-07-23T17:52:54,0.05,Partially cloudy,Partly cloudy throughout the day.,partly-cloudy-day,"96741099999,WIII,96739099999,WIHH,96749099999,96751099999,96745099999,96749599999"
"-6.59117203505968, 106.901704049011",2020-07-24,33,20.7,27.2,36,20.7,29.1,21.4,72.1,0.75,100,12.5,rain,0,0,,23.3,135.1,1009,50,6,247.1,21.5,9,,2020-07-24T06:04:55,2020-07-24T17:53:01,0.09,"Rain, Partially cloudy",Partly cloudy throughout the day with a chance of rain throughout the day.,rain,"96741099999,WIII,96739099999,WIHH,96749099999,96751099999,96745099999,96749599999"
"-6.59117203505968, 106.901704049011",2020-07-25,33.5,20.1,27,35.7,20.1,28.5,20.7,70.3,0,0,0,,0,0,,17,123.2,1009.2,50.8,6.5,263,22.7,9,,2020-07-25T06:04:49,2020-07-25T17:53:08,0.14,Partially cloudy,Partly cloudy throughout the day.,partly-cloudy-day,"96741099999,WIII,96739099999,WIHH,96749099999,96751099999,96745099999,96749599999"
"-6.59117203505968, 106.901704049011",2020-07-26,32,19.5,26.3,34,19.5,27,19.4,67.6,0,0,0,,0,0,,25.9,116.5,1009,42.7,6.8,255.5,22.1,9,,2020-07-26T06:04:43,2020-07-26T17:53:15,0.19,Partially cloudy,Partly cloudy throughout the day.,partly-cloudy-day,"96741099999,WIII,96739099999,WIHH,96749099999,96751099999,96745099999,96749599999"
"-6.59117203505968, 106.901704049011",2020-07-27,33,18.9,26.3,34.3,18.9,27,19.1,66.7,0,0,0,,0,0,,19.4,175.9,1009.2,33.2,6.9,266.7,23.2,9,,2020-07-27T06:04:36,2020-07-27T17:53:21,0.25,Partially cloudy,Becoming cloudy in the afternoon.,partly-cloudy-day,"96741099999,WIII,96739099999,WIHH,96749099999,96751099999,96745099999,96749599999"
"-6.59117203505968, 106.901704049011",2020-07-28,34.2,19.2,26.3,35.6,19.2,27.1,19.6,68.2,0,0,0,,0,0,,16.6,191.2,1009.1,43.3,5.9,249.6,21.7,9,,2020-07-28T06:04:27,2020-07-28T17:53:27,0.31,Partially cloudy,Partly cloudy throughout the day.,partly-cloudy-day,"96741099999,WIII,96739099999,WIHH,96749099999,96751099999,96745099999,96749599999"
"-6.59117203505968, 106.901704049011",2020-07-29,33,19.6,26.5,35.4,19.6,27.5,19.8,68,0,0,0,,0,0,,16.1,189.6,1009.1,42.2,5.7,261.2,22.8,9,,2020-07-29T06:04:19,2020-07-29T17:53:32,0.36,Partially cloudy,Becoming cloudy in the afternoon.,partly-cloudy-day,"96741099999,WIII,96739099999,WIHH,96749099999,96751099999,96745099999,96749599999"
"-6.59117203505968, 106.901704049011",2020-07-30,32.5,19.9,26.2,34.6,19.9,27.2,19.8,69.4,0,0,0,,0,0,,14.3,178.8,1009.7,44.5,5.5,273.2,23.6,9,,2020-07-30T06:04:09,2020-07-30T17:53:37,0.41,Partially cloudy,Partly cloudy throughout the day.,partly-cloudy-day,"96741099999,WIII,96739099999,WIHH,96749099999,96751099999,96745099999,96749599999"
"-6.59117203505968, 106.901704049011",2020-07-31,32,18.5,25.9,32.3,18.5,26.1,17.3,61.2,0,0,0,,0,0,,14.3,155.5,1009.5,51.1,6.6,275.1,23.7,9,,2020-07-31T06:03:59,2020-07-31T17:53:41,0.45,Partially cloudy,Partly cloudy throughout the day.,partly-cloudy-day,"96741099999,WIII,96739099999,WIHH,96749099999,96751099999,96745099999,96749599999"
"-6.59117203505968, 106.901704049011",2020-08-01,32.7,18.1,25.6,33.3,18.1,26.1,18.4,66.2,0,0,0,,0,0,,18.5,216.9,1009.1,40.1,6.6,266.4,22.9,9,,2020-08-01T06:03:48,2020-08-01T17:53:45,0.47,Partially cloudy,Partly cloudy throughout the day.,partly-cloudy-day,"96741099999,WIII,96739099999,WIHH,96749099999,96751099999,96745099999,96749599999"
"-6.59117203505968, 106.901704049011",2020-08-02,33.5,18.9,26.2,36.9,18.9,27.3,20.1,70.9,0.16,100,4.17,rain,0,0,,12,244.1,1009,47.8,6.2,255.7,22.1,9,,2020-08-02T06:03:36,2020-08-02T17:53:48,0.49,"Rain, Partially cloudy",Partly cloudy throughout the day with late afternoon rain.,rain,"96741099999,WIII,96739099999,WIHH,96749099999,96751099999,96745099999,96749599999"
"-6.59117203505968, 106.901704049011",2020-08-03,33,20,27,36.6,20,28.6,21.2,72.2,0,0,0,,0,0,,20.9,155.5,1008,46.7,6.2,231.9,20,8,,2020-08-03T06:03:24,2020-08-03T17:53:51,0.5,Partially cloudy,Partly cloudy throughout the day.,partly-cloudy-day,"96741099999,WIII,96739099999,WIHH,96749099999,96751099999,96745099999,96749599999"
"-6.59117203505968, 106.901704049011",2020-08-04,32.7,21.1,27.1,36.8,21.1,29.1,21.6,73.1,0.01,100,4.17,rain,0,0,35.3,22,151.9,1007.8,57.2,6.1,235.8,20.2,8,,2020-08-04T06:03:11,2020-08-04T17:53:53,0.51,"Rain, Partially cloudy",Partly cloudy throughout the day with early morning rain.,rain,"96741099999,WIII,96739099999,WIHH,96749099999,96751099999,96745099999,96749599999"
"-6.59117203505968, 106.901704049011",2020-08-05,32,20.6,26.4,36.1,20.6,28.1,21.6,75.9,0.56,100,4.17,rain,0,0,,15,155.4,1009,50.2,5.8,231.4,20,8,,2020-08-05T06:02:57,2020-08-05T17:53:55,0.52,"Rain, Partially cloudy",Partly cloudy throughout the day with afternoon rain.,rain,"96741099999,WIII,96739099999,WIHH,96749099999,96751099999,96745099999,96749599999"
"-6.59117203505968, 106.901704049011",2020-08-06,33.5,20.9,27.3,37,20.9,29.3,21.8,73.3,0,0,0,,0,0,,21.2,113.1,1008.7,50.1,5.6,182.9,15.9,7,,2020-08-06T06:02:42,2020-08-06T17:53:57,0.54,Partially cloudy,Partly cloudy throughout the day.,partly-cloudy-day,"96741099999,WIII,96739099999,WIHH,96749099999,96751099999,96745099999,96749599999"
"-6.59117203505968, 106.901704049011",2020-08-07,32.7,20.6,27.3,37.2,20.6,29.6,22.5,76.1,0,0,0,,0,0,,18.4,113.3,1008.8,52.6,5.7,243.7,21.1,9,,2020-08-07T06:02:27,2020-08-07T17:53:58,0.57,Partially cloudy,Partly cloudy throughout the day.,partly-cloudy-day,"96741099999,WIII,96739099999,WIHH,96749099999,96751099999,96745099999,96749599999"
"-6.59117203505968, 106.901704049011",2020-08-08,32.5,21,26.9,37.7,21,28.9,22.6,78.5,1.68,100,4.17,rain,0,0,,15.9,178.9,1008.8,57.8,5.3,233.8,20.4,8,,2020-08-08T06:02:11,2020-08-08T17:53:58,0.61,"Rain, Partially cloudy",Partly cloudy throughout the day with early morning rain.,rain,"96741099999,WIII,96739099999,WIHH,96749099999,96751099999,96745099999,96749599999"
"-6.59117203505968, 106.901704049011",2020-08-09,33.5,20.9,26.8,39.9,20.9,29,22.6,78.6,2.84,100,12.5,rain,0,0,,16.1,163.5,1009.6,58.6,5.9,186.5,16,7,,2020-08-09T06:01:54,2020-08-09T17:53:58,0.65,"Rain, Partially cloudy",Partly cloudy throughout the day with rain.,rain,"96741099999,WIII,96739099999,WIHH,96749099999,96751099999,96745099999,96749599999"
"-6.59117203505968, 106.901704049011",2020-08-10,33.5,20.7,27.1,36.9,20.7,28.9,21.9,74.9,0,0,0,,0,0,,21.5,129,1010.2,47,6.1,252.9,21.8,9,,2020-08-10T06:01:37,2020-08-10T17:53:58,0.7,Partially cloudy,Partly cloudy throughout the day.,partly-cloudy-day,"96741099999,WIII,96739099999,WIHH,96749099999,96751099999,96745099999,96749599999"
"-6.59117203505968, 106.901704049011",2020-08-11,32,21.2,26.1,37.1,21.2,27.7,22.3,80.2,2.35,100,8.33,rain,0,0,,17,190.8,1010.9,56.1,6.1,199,17.3,7,,2020-08-11T06:01:19,2020-08-11T17:53:57,0.74,"Rain, Partially cloudy",Partly cloudy throughout the day with rain.,rain,"96741099999,WIII,96739099999,WIHH,96749099999,96751099999,96745099999,96749599999"
"-6.59117203505968, 106.901704049011",2020-08-12,32.5,20.7,26.8,37.4,20.7,28.5,22.1,76.5,0.16,100,4.17,rain,0,0,,20.9,130.8,1011,58.5,6.1,238.9,20.6,9,,2020-08-12T06:01:00,2020-08-12T17:53:55,0.79,"Rain, Partially cloudy",Partly cloudy throughout the day with morning rain.,rain,"96741099999,WIII,96739099999,WIHH,96749099999,96751099999,96745099999,96749599999"
"-6.59117203505968, 106.901704049011",2020-08-13,30.5,20.2,25,36.1,20.2,26.2,22.4,85.9,35.19,100,16.67,rain,0,0,,17.9,209.6,1010.4,60.9,5.4,153.1,13.2,6,,2020-08-13T06:00:41,2020-08-13T17:53:53,0.84,"Rain, Partially cloudy",Partly cloudy throughout the day with rain.,rain,"96741099999,WIII,96739099999,WIHH,96749099999,96751099999,96745099999,96749599999"
"-6.59117203505968, 106.901704049011",2020-08-14,31.3,20.2,25.4,36.1,20.2,26.8,22.1,83,3.95,100,16.67,rain,0,0,,14.8,164.8,1009.5,55.4,6,230.9,20,8,,2020-08-14T06:00:21,2020-08-14T17:53:51,0.89,"Rain, Partially cloudy",Partly cloudy throughout the day with rain.,rain,"96741099999,WIII,96739099999,WIHH,96749099999,96751099999,96745099999,96749599999"
"-6.59117203505968, 106.901704049011",2020-08-15,32.7,19.8,26.7,37,19.8,28.6,22.1,77.3,0,0,0,,0,0,,20.4,100.6,1009.6,51.9,6.2,259,22.4,9,,2020-08-15T06:00:00,2020-08-15T17:53:48,0.93,Partially cloudy,Partly cloudy throughout the day.,partly-cloudy-day,"96741099999,WIII,96739099999,WIHH,96749099999,96751099999,96745099999,96749599999"
"-6.59117203505968, 106.901704049011",2020-08-16,33,20.6,26.9,37.2,20.6,28.8,22.1,76.4,1.01,100,4.17,rain,0,0,35.3,23.8,178.3,1009.8,53.7,6.4,216.9,18.8,7,,2020-08-16T05:59:39,2020-08-16T17:53:45,0.96,"Rain, Partially cloudy",Partly cloudy throughout the day with late afternoon rain.,rain,"96741099999,WIII,96739099999,WIHH,96749099999,96751099999,96745099999,96749599999"
"-6.59117203505968, 106.901704049011",2020-08-17,33.7,20.7,26.8,38.5,20.7,28.4,22,77,0.67,100,16.67,rain,0,0,,26.4,164.2,1009.3,50.6,5.8,222.7,19.3,8,,2020-08-17T05:59:17,2020-08-17T17:53:41,0.99,"Rain, Partially cloudy",Partly cloudy throughout the day with a chance of rain throughout the day.,rain,"96741099999,WIII,96739099999,WIHH,96749099999,96751099999,96745099999,96749599999"
"-6.59117203505968, 106.901704049011",2020-08-18,31,20.1,25.7,35.5,20.1,26.8,21.6,79.3,3.84,100,16.67,rain,0,0,,11.2,212.4,1009.1,51.9,5.5,212.8,18.4,7,,2020-08-18T05:58:54,2020-08-18T17:53:37,1,"Rain, Partially cloudy",Partly cloudy throughout the day with rain.,rain,"96741099999,WIII,96739099999,WIHH,96749099999,96751099999,96745099999,96749599999"
"-6.59117203505968, 106.901704049011",2020-08-19,33,19.8,26.7,38.1,19.8,28.6,21.9,76.4,0,0,0,,0,0,,24.1,92.9,1008.2,50.7,6.5,203,17.6,8,,2020-08-19T05:58:31,2020-08-19T17:53:33,0,Partially cloudy,Partly cloudy throughout the day.,partly-cloudy-day,"96741099999,WIII,96739099999,WIHH,96749099999,96751099999,96745099999,96749599999"
"-6.59117203505968, 106.901704049011",2020-08-20,32.3,20.9,27.1,36.4,20.9,29.2,21.8,74.1,0.01,100,4.17,rain,0,0,42.5,26.7,125.6,1009.1,55.5,6.2,223.9,19.5,9,,2020-08-20T05:58:08,2020-08-20T17:53:28,0.01,"Rain, Partially cloudy",Partly cloudy throughout the day with early morning rain.,rain,"96741099999,WIII,96739099999,WIHH,96749099999,96751099999,96745099999,96749599999"
"-6.59117203505968, 106.901704049011",2020-08-21,32.7,20.1,26.9,35.1,20.1,28.3,20.5,69,0,0,0,,0,0,37.1,27.1,106.8,1010.2,40.1,7.6,280,24.2,9,,2020-08-21T05:57:44,2020-08-21T17:53:22,0.04,Partially cloudy,Partly cloudy throughout the day.,partly-cloudy-day,"96741099999,WIII,96739099999,WIHH,96749099999,96751099999,96745099999,96749599999"
"-6.59117203505968, 106.901704049011",2020-08-22,34,19.6,27.3,35.6,19.6,28.1,19.5,64.9,0,0,0,,0,0,,28.8,143.1,1011.5,37.6,6.7,273.2,23.7,9,,2020-08-22T05:57:19,2020-08-22T17:53:17,0.08,Partially cloudy,Partly cloudy throughout the day.,partly-cloudy-day,"96741099999,WIII,96739099999,WIHH,96749099999,96751099999,96745099999,96749599999"
"-6.59117203505968, 106.901704049011",2020-08-23,34.5,20.2,27.3,37.3,20.2,28.9,21.1,70.8,0,0,0,,0,0,,27.2,153.2,1010.7,36.6,6.6,226.2,19.5,7,,2020-08-23T05:56:54,2020-08-23T17:53:11,0.13,Partially cloudy,Becoming cloudy in the afternoon.,partly-cloudy-day,"96741099999,WIII,96739099999,WIHH,96749099999,96751099999,96745099999,96749599999"
"-6.59117203505968, 106.901704049011",2020-08-24,33,20.6,26.8,38.1,20.6,28.4,21.1,71.9,0,0,0,,0,0,,24.1,128.1,1010.1,47.4,6.4,255.8,22.2,9,,2020-08-24T05:56:28,2020-08-24T17:53:04,0.18,Partially cloudy,Partly cloudy throughout the day.,partly-cloudy-day,"96741099999,WIII,96739099999,WIHH,96749099999,96751099999,96745099999,96749599999"
"-6.59117203505968, 106.901704049011",2020-08-25,34,18.9,27.2,35.1,18.9,27.9,18.8,63.4,0,0,0,,0,0,,37.1,105.9,1010.6,36,7,295.7,25.6,10,,2020-08-25T05:56:02,2020-08-25T17:52:57,0.24,Partially cloudy,Partly cloudy throughout the day.,partly-cloudy-day,"96741099999,WIII,96739099999,WIHH,96749099999,96751099999,96745099999,96749599999"
"-6.59117203505968, 106.901704049011",2020-08-26,33.7,19.4,27.4,35.8,19.4,28.7,19.9,65.9,0,0,0,,0,0,37.1,23.8,145.4,1010.2,32.8,6.9,298,25.7,10,,2020-08-26T05:55:36,2020-08-26T17:52:50,0.29,Partially cloudy,Partly cloudy throughout the day.,partly-cloudy-day,"96741099999,WIII,96739099999,WIHH,96749099999,96751099999,96745099999,96749599999"
"-6.59117203505968, 106.901704049011",2020-08-27,33.7,19.9,27.2,34.8,19.9,27.9,19.1,63.7,0,0,0,,0,0,38.9,18.9,131.2,1009,36.9,6.4,291.6,25.2,10,,2020-08-27T05:55:09,2020-08-27T17:52:43,0.35,Partially cloudy,Partly cloudy throughout the day.,partly-cloudy-day,"96741099999,WIII,96739099999,WIHH,96749099999,96751099999,96745099999,96749599999"
"-6.59117203505968, 106.901704049011",2020-08-28,34,19.5,27.2,35.8,19.5,28.2,19.6,65.6,0,0,0,,0,0,,29.5,141.9,1008.8,32.2,6.9,295.6,25.5,10,,2020-08-28T05:54:41,2020-08-28T17:52:35,0.39,Partially cloudy,Partly cloudy throughout the day.,partly-cloudy-day,"96741099999,WIII,96739099999,WIHH,96749099999,96751099999,96745099999,96749599999"
"-6.59117203505968, 106.901704049011",2020-08-29,34,20.2,27.6,36.1,20.2,28.8,20.4,67,0,0,0,,0,0,29.5,26.7,144.4,1008.4,41.6,7,253.8,22,9,,2020-08-29T05:54:14,2020-08-29T17:52:27,0.43,Partially cloudy,Partly cloudy throughout the day.,partly-cloudy-day,"96741099999,WIII,96739099999,WIHH,96749099999,96751099999,96745099999,96749599999"
"-6.59117203505968, 106.901704049011",2020-08-30,33.5,20.7,27.5,37,20.7,29.3,21.3,70.5,0,0,0,,0,0,,20.4,143.4,1007.7,45.7,6.7,277.2,23.9,10,,2020-08-30T05:53:45,2020-08-30T17:52:19,0.46,Partially cloudy,Partly cloudy throughout the day.,partly-cloudy-day,"96741099999,WIII,96739099999,WIHH,96749099999,96751099999,96745099999,96749599999"
"-6.59117203505968, 106.901704049011",2020-08-31,34.8,20.6,27.6,36.6,20.6,29,20.5,67.4,0,0,0,,0,0,,27.7,161.3,1008.3,40.4,7,282.9,24.3,10,,2020-08-31T05:53:17,2020-08-31T17:52:10,0.49,Partially cloudy,Partly cloudy throughout the day.,partly-cloudy-day,"96741099999,WIII,96739099999,WIHH,96749099999,96751099999,96745099999,96749599999"
"-6.59117203505968, 106.901704049011",2020-09-01,34.7,19.6,27.6,36.5,19.6,28.6,19.6,64.5,0,0,0,,0,0,,22.9,176.5,1008.7,44.3,6.6,283.7,24.5,10,,2020-09-01T05:52:48,2020-09-01T17:52:01,0.5,Partially cloudy,Partly cloudy throughout the day.,partly-cloudy-day,"96741099999,WIII,96739099999,WIHH,96749099999,96751099999,96745099999,96749599999"
"-6.59117203505968, 106.901704049011",2020-09-02,31.7,20.9,26.3,35.7,20.9,27.3,21.2,74.6,71.52,100,4.17,rain,0,0,,15.1,238.8,1009.3,53,5.5,217.9,18.7,9,,2020-09-02T05:52:18,2020-09-02T17:51:52,0.5,"Rain, Partially cloudy",Partly cloudy throughout the day with late afternoon rain.,rain,"96741099999,WIII,96739099999,WIHH,96749099999,96751099999,96745099999,96749599999"
"-6.59117203505968, 106.901704049011",2020-09-03,32.7,20.9,26.8,37.4,20.9,28.5,21.9,75.7,2.12,100,12.5,rain,0,0,37.1,27.2,133.7,1009.7,54.6,6.3,208.3,18,8,,2020-09-03T05:51:49,2020-09-03T17:51:43,0.51,"Rain, Partially cloudy",Partly cloudy throughout the day with rain.,rain,"96741099999,WIII,96739099999,WIHH,96749099999,96751099999,96745099999,96749599999"
"-6.59117203505968, 106.901704049011",2020-09-04,34.2,21.9,27.8,38.1,21.9,29.5,21.9,72.3,0,0,0,,0,0,,26.4,158.4,1009.3,56.4,6.2,152.2,13.1,7,,2020-09-04T05:51:19,2020-09-04T17:51:34,0.53,Partially cloudy,Partly cloudy throughout the day.,partly-cloudy-day,"96741099999,WIII,96739099999,WIHH,96749099999,96751099999,96745099999,96749599999"
"-6.59117203505968, 106.901704049011",2020-09-05,34.2,21.2,27.2,39.6,21.2,28.8,21.9,74.1,0,0,0,,0,0,,17.6,222.3,1008.5,55.5,5.9,288.7,24.8,10,,2020-09-05T05:50:49,2020-09-05T17:51:24,0.55,Partially cloudy,Partly cloudy throughout the day.,partly-cloudy-day,"96741099999,WIII,96739099999,WIHH,96749099999,96751099999,96745099999,96749599999"
"-6.59117203505968, 106.901704049011",2020-09-06,33.5,20.2,26.9,36.9,20.2,28.7,21.3,72.9,0,0,0,,0,0,,21.2,176,1008.7,51,5.9,296.8,25.8,10,,2020-09-06T05:50:18,2020-09-06T17:51:14,0.58,Partially cloudy,Partly cloudy throughout the day.,partly-cloudy-day,"96741099999,WIII,96739099999,WIHH,96749099999,96751099999,96745099999,96749599999"
"-6.59117203505968, 106.901704049011",2020-09-07,34.2,20.4,27.5,36.6,20.4,28.9,20.8,68.8,0,0,0,,0,0,,21.8,130.9,1009.5,49,6.1,292.7,25.3,10,,2020-09-07T05:49:47,2020-09-07T17:51:04,0.62,Partially cloudy,Partly cloudy throughout the day.,partly-cloudy-day,"96741099999,96739099999,WIHH,WIII,96749099999,96751099999,96745099999,96749599999"
"-6.59117203505968, 106.901704049011",2020-09-08,33.5,20.8,27.6,35,20.8,28.6,20,65.3,0,0,0,,0,0,40.7,25.9,106.5,1010.5,49.8,6.2,267.2,23.1,10,,2020-09-08T05:49:16,2020-09-08T17:50:54,0.66,Partially cloudy,Partly cloudy throughout the day.,partly-cloudy-day,"96741099999,WIII,96739099999,WIHH,96749099999,96751099999,96745099999,96749599999"
"-6.59117203505968, 106.901704049011",2020-09-09,34.5,21.3,28.3,37.7,21.3,29.9,20.4,64.2,0,0,0,,0,0,,26.7,125,1009.1,45.8,6.8,268,23.1,10,,2020-09-09T05:48:45,2020-09-09T17:50:43,0.71,Partially cloudy,Partly cloudy throughout the day.,partly-cloudy-day,"96741099999,WIII,96739099999,WIHH,96749099999,96751099999,96745099999,96749599999"
"-6.59117203505968, 106.901704049011",2020-09-10,32.7,20.8,26.8,37,20.8,28.3,21.7,75.1,2.91,100,4.17,rain,0,0,,16.6,223.1,1007.8,55.1,5.7,134.8,11.6,5,,2020-09-10T05:48:14,2020-09-10T17:50:33,0.76,"Rain, Partially cloudy",Partly cloudy throughout the day with afternoon rain.,rain,"96741099999,WIII,96739099999,WIHH,96749099999,96751099999,96745099999,96749599999"
"-6.59117203505968, 106.901704049011",2020-09-11,32.7,20.6,27,37.7,20.6,28.6,21.6,73.5,0,0,0,,0,0,,20.5,161.9,1008.9,55.1,5.3,264.1,22.8,9,,2020-09-11T05:47:42,2020-09-11T17:50:22,0.81,Partially cloudy,Partly cloudy throughout the day.,partly-cloudy-day,"96741099999,WIII,96739099999,WIHH,96749099999,96751099999,96745099999,96749599999"
"-6.59117203505968, 106.901704049011",2020-09-12,33.2,20.2,27.2,37.7,20.2,29.1,21.8,73.5,0,0,0,,0,0,,23.4,256.6,1010.4,50.3,5.6,299.6,25.8,10,,2020-09-12T05:47:11,2020-09-12T17:50:12,0.86,Partially cloudy,Partly cloudy throughout the day.,partly-cloudy-day,"96741099999,WIII,96739099999,WIHH,96749099999,96751099999,96745099999,96749599999"
"-6.59117203505968, 106.901704049011",2020-09-13,33.7,20.6,27,36.9,20.6,28.3,20.8,70.5,1.61,100,4.17,rain,0,0,,17,208,1010.5,48.4,6.5,280.3,24.1,10,,2020-09-13T05:46:39,2020-09-13T17:50:01,0.9,"Rain, Partially cloudy",Partly cloudy throughout the day with late afternoon rain.,rain,"96741099999,WIII,96739099999,WIHH,96749099999,96751099999,96745099999,96749599999"
"-6.59117203505968, 106.901704049011",2020-09-14,31.7,20.9,26,35.7,20.9,27.4,21.6,77.9,11.33,100,12.5,rain,0,0,,23.3,204.8,1009.8,58.4,5.1,269.3,23.2,9,,2020-09-14T05:46:07,2020-09-14T17:49:50,0.95,"Rain, Partially cloudy",Partly cloudy throughout the day with rain.,rain,"96741099999,WIII,96739099999,WIHH,96749099999,96751099999,96745099999,96749599999"
"-6.59117203505968, 106.901704049011",2020-09-15,32.5,19.6,25.6,36.4,19.6,26.7,22.1,82.5,13.49,100,20.83,rain,0,0,,14.8,182.6,1010.5,62.3,4.6,204.3,17.6,8,,2020-09-15T05:45:35,2020-09-15T17:49:40,0.98,"Rain, Partially cloudy",Partly cloudy throughout the day with a chance of rain throughout the day.,rain,"96741099999,WIII,96739099999,WIHH,96749099999,96751099999,96745099999,96749599999"
"-6.59117203505968, 106.901704049011",2020-09-16,32.5,18.5,26,34.6,18.5,27,19.8,70.7,0.32,100,8.33,rain,0,0,,17.9,192.9,1010.2,45,6.2,305.4,26.5,10,,2020-09-16T05:45:03,2020-09-16T17:49:29,1,"Rain, Partially cloudy",Partly cloudy throughout the day with late afternoon rain.,rain,"96741099999,WIII,96739099999,WIHH,96749099999,96751099999,96745099999,96749599999"
"-6.59117203505968, 106.901704049011",2020-09-17,32.7,20.3,26.4,35.1,20.3,27.5,20.2,70.4,8.22,100,12.5,rain,0,0,,21.2,140.4,1009.4,50.6,6.2,287.5,24.8,10,,2020-09-17T05:44:31,2020-09-17T17:49:18,0,"Rain, Partially cloudy",Partly cloudy throughout the day with rain.,rain,"96741099999,WIII,96739099999,WIHH,96749099999,96751099999,96745099999,96749599999"
"-6.59117203505968, 106.901704049011",2020-09-18,33.2,20,26.8,36.2,20,28.2,21,72.5,10.56,100,12.5,rain,0,0,,20.5,164.8,1008.8,47,6.1,297.2,25.8,10,,2020-09-18T05:43:59,2020-09-18T17:49:08,0.01,"Rain, Partially cloudy",Partly cloudy throughout the day with rain.,rain,"96741099999,WIII,96739099999,WIHH,96749099999,96751099999,96745099999,96749599999"
"-6.59117203505968, 106.901704049011",2020-09-19,33.7,20.2,27.8,36,20.2,29.2,20.7,67.8,0,0,0,,0,0,,33.5,112.7,1008.4,42.1,6.8,293.3,25.4,10,,2020-09-19T05:43:27,2020-09-19T17:48:57,0.03,Partially cloudy,Partly cloudy throughout the day.,partly-cloudy-day,"96741099999,WIII,96739099999,WIHH,96749099999,96751099999,96745099999,96749599999"
"-6.59117203505968, 106.901704049011",2020-09-20,28,20.7,24.7,31.9,20.7,25.4,21.7,83.7,26.01,100,12.5,rain,0,0,44.6,22.3,133.8,1009.6,53.9,6.9,195.3,16.9,8,,2020-09-20T05:42:55,2020-09-20T17:48:46,0.07,"Rain, Partially cloudy",Partly cloudy throughout the day with rain in the morning and afternoon.,rain,"96741099999,WIII,96739099999,96749099999,96751099999,96745099999"
"-6.59117203505968, 106.901704049011",2020-09-21,32.5,19.8,25.7,37.4,19.8,27.3,21.9,80.8,96.05,100,12.5,rain,0,0,,21,191,1009.9,51.7,6.1,273.1,23.6,10,,2020-09-21T05:42:23,2020-09-21T17:48:36,0.11,"Rain, Partially cloudy",Partly cloudy throughout the day with rain.,rain,"96741099999,WIII,96739099999,WIHH,96749099999,96751099999,96745099999,96749599999"
"-6.59117203505968, 106.901704049011",2020-09-22,33.2,19.7,25.2,37.3,19.7,26,21.8,83,13.6,100,20.83,rain,0,0,,25.5,210.7,1010.4,57.5,5.7,87.1,7.8,3,,2020-09-22T05:41:51,2020-09-22T17:48:25,0.16,"Rain, Partially cloudy",Partly cloudy throughout the day with rain.,rain,"96741099999,WIII,96739099999,WIHH,96749099999,96751099999,96745099999,96749599999"
"-6.59117203505968, 106.901704049011",2020-09-23,34.2,20.4,26.7,39.1,20.4,28.5,21.6,75.5,0.65,100,4.17,rain,0,0,,17.9,138.4,1009.9,42.1,6.2,272.4,23.5,10,,2020-09-23T05:41:19,2020-09-23T17:48:15,0.22,"Rain, Partially cloudy",Partly cloudy throughout the day with late afternoon rain.,rain,"96741099999,WIII,96739099999,WIHH,96749099999,96751099999,96745099999,96749599999"
"-6.59117203505968, 106.901704049011",2020-09-24,33.5,20.4,27.2,38.7,20.4,29.3,22,74.6,0,0,0,,0,0,,19,232,1010.8,41.9,6,242.1,20.9,8,,2020-09-24T05:40:47,2020-09-24T17:48:05,0.27,Partially cloudy,Partly cloudy throughout the day.,partly-cloudy-day,"96741099999,WIII,96739099999,WIHH,96749099999,96751099999,96745099999,96749599999"
"-6.59117203505968, 106.901704049011",2020-09-25,34.2,20.4,27.7,37.4,20.4,29.2,21.3,70.8,0.56,100,4.17,rain,0,0,,24.5,118,1010.1,48.4,6,277.5,24.1,10,,2020-09-25T05:40:15,2020-09-25T17:47:55,0.33,"Rain, Partially cloudy",Partly cloudy throughout the day with morning rain.,rain,"96741099999,WIII,96739099999,WIHH,96749099999,96751099999,96745099999,96749599999"
"-6.59117203505968, 106.901704049011",2020-09-26,32.7,20.9,26.7,37,20.9,28.3,21.6,74.8,1.72,100,8.33,rain,0,0,,18.4,215.5,1009.8,50.5,6,238.9,20.6,8,,2020-09-26T05:39:44,2020-09-26T17:47:45,0.37,"Rain, Partially cloudy",Partly cloudy throughout the day with rain.,rain,"96741099999,WIII,96739099999,WIHH,96749099999,96751099999,96745099999,96749599999"
"-6.59117203505968, 106.901704049011",2020-09-27,32.7,20.4,26.2,37,20.4,27.4,21.5,76.6,55.34,100,20.83,rain,0,0,,17.9,207.9,1010.5,52.6,6.1,81.7,7,3,,2020-09-27T05:39:13,2020-09-27T17:47:36,0.41,"Rain, Partially cloudy",Partly cloudy throughout the day with rain.,rain,"96741099999,WIII,96739099999,WIHH,96749099999,96751099999,96745099999,96749599999"
"-6.59117203505968, 106.901704049011",2020-09-28,33.7,19.5,26.8,37.9,19.5,28.3,21.3,73.6,0.24,100,4.17,rain,0,0,29.5,18.4,151.5,1010,49.9,6.8,257,22.3,9,,2020-09-28T05:38:41,2020-09-28T17:47:26,0.45,"Rain, Partially cloudy",Partly cloudy throughout the day with late afternoon rain.,rain,"96741099999,WIII,96739099999,WIHH,96749099999,96751099999,96745099999,96749599999"
"-6.59117203505968, 106.901704049011",2020-09-29,32.7,20,26.8,36.7,20,28,20.7,70.7,0,0,0,,0,0,,19.4,181.5,1009.4,47.8,6.5,285.5,24.4,10,,2020-09-29T05:38:11,2020-09-29T17:47:17,0.47,Partially cloudy,Partly cloudy throughout the day.,partly-cloudy-day,"96741099999,WIII,96739099999,WIHH,96749099999,96751099999,96745099999,96749599999"
"-6.59117203505968, 106.901704049011",2020-09-30,33.7,20.2,27.7,38.5,20.2,29.4,21.1,69,0,0,0,,0,0,,28.2,132.3,1008,44.3,6.9,305.5,26.3,10,,2020-09-30T05:37:40,2020-09-30T17:47:08,0.49,Partially cloudy,Partly cloudy throughout the day.,partly-cloudy-day,"96741099999,WIII,96739099999,WIHH,96749099999,96751099999,96745099999,96749599999"
"-6.59117203505968, 106.901704049011",2020-10-01,34,21.3,27.6,38.1,21.3,29.5,21.7,71.9,0,0,0,,0,0,,26.7,158,1008.4,48.6,6.2,262.7,22.9,10,,2020-10-01T05:37:09,2020-10-01T17:46:59,0.5,Partially cloudy,Partly cloudy throughout the day.,partly-cloudy-day,"96741099999,WIII,96739099999,WIHH,96749099999,96751099999,96745099999,96749599999"
"-6.59117203505968, 106.901704049011",2020-10-02,33.5,20.6,26.6,38.9,20.6,27.8,21.8,76.9,2.27,100,4.17,rain,0,0,,22.6,208.8,1009.2,49,5.7,207.7,17.9,8,,2020-10-02T05:36:39,2020-10-02T17:46:51,0.5,"Rain, Partially cloudy",Partly cloudy throughout the day with late afternoon rain.,rain,"96741099999,WIII,96739099999,WIHH,96749099999,96751099999,96745099999,96749599999"
"-6.59117203505968, 106.901704049011",2020-10-03,30.7,20.9,25.7,35.1,20.9,26.9,22.1,81.2,19.44,100,20.83,rain,0,0,,15.4,248,1010.3,63,5.8,186.2,16.2,7,,2020-10-03T05:36:10,2020-10-03T17:46:43,0.52,"Rain, Partially cloudy",Partly cloudy throughout the day with rain.,rain,"96741099999,WIII,96739099999,WIHH,96749099999,96751099999,96745099999,96749599999"
"-6.59117203505968, 106.901704049011",2020-10-04,33,19.9,26.1,36.4,19.9,27.6,21.8,78.9,6.18,100,8.33,rain,0,0,37.1,18.4,211.2,1009.6,53.1,5.5,267.8,23.1,9,,2020-10-04T05:35:40,2020-10-04T17:46:35,0.53,"Rain, Partially cloudy",Partly cloudy throughout the day with rain.,rain,"96741099999,WIII,96739099999,WIHH,96749099999,96751099999,96745099999,96749599999"
"-6.59117203505968, 106.901704049011",2020-10-05,32.7,20.2,26.2,35.8,20.2,27.4,20.7,73.5,5.4,100,12.5,rain,0,0,,18.4,201.4,1009.5,60.9,6.4,253.3,21.9,9,,2020-10-05T05:35:11,2020-10-05T17:46:28,0.56,"Rain, Partially cloudy",Partly cloudy throughout the day with rain clearing later.,rain,"96741099999,WIII,96739099999,WIHH,96749099999,96751099999,96745099999,96749599999"
"-6.59117203505968, 106.901704049011",2020-10-06,33,19.2,26.6,36.3,19.2,27.8,20.6,70.9,0,0,0,,0,0,,19.4,226.9,1008.9,50.7,6.6,274.4,23.7,10,,2020-10-06T05:34:42,2020-10-06T17:46:21,0.59,Partially cloudy,Partly cloudy throughout the day.,partly-cloudy-day,"96741099999,WIII,96739099999,WIHH,96749099999,96751099999,96745099999,96749599999"
"-6.59117203505968, 106.901704049011",2020-10-07,33,20.7,27.2,38.1,20.7,29.1,21.3,71.2,1.61,100,4.17,rain,0,0,,14.8,207.9,1007.8,42.7,7.1,291.2,25,10,,2020-10-07T05:34:14,2020-10-07T17:46:14,0.63,"Rain, Partially cloudy",Partly cloudy throughout the day with late afternoon rain.,rain,"96741099999,WIII,96739099999,WIHH,96749099999,96751099999,96745099999,96749599999"
"-6.59117203505968, 106.901704049011",2020-10-08,33,21,26.8,37.2,21,28.3,21.7,75.2,1.74,100,8.33,rain,0,0,,22.6,173.4,1007.8,55.6,6,251.2,21.9,9,,2020-10-08T05:33:46,2020-10-08T17:46:08,0.68,"Rain, Partially cloudy",Partly cloudy throughout the day with late afternoon rain.,rain,"96741099999,WIII,96739099999,WIHH,96749099999,96751099999,96745099999,96749599999"
"-6.59117203505968, 106.901704049011",2020-10-09,30.9,21,26.2,35.1,21,27.8,22.4,80.3,4.02,100,25,rain,0,0,,18,187,1008.3,68.7,5.4,270.1,23.2,10,,2020-10-09T05:33:19,2020-10-09T17:46:02,0.73,"Rain, Partially cloudy",Partly cloudy throughout the day with a chance of rain throughout the day.,rain,"96741099999,WIII,96739099999,WIHH,96749099999,96751099999,96745099999,96749599999"
"-6.59117203505968, 106.901704049011",2020-10-10,32,21,26.1,36.8,21,27.5,22.2,80.4,22.35,100,8.33,rain,0,0,53.6,29.5,235.9,1008.1,65.2,5.3,181.2,15.6,7,,2020-10-10T05:32:52,2020-10-10T17:45:57,0.78,"Rain, Partially cloudy",Partly cloudy throughout the day with rain.,rain,"96741099999,WIII,96739099999,WIHH,96749099999,96751099999,96745099999,96749599999"
"-6.59117203505968, 106.901704049011",2020-10-11,32.5,20.6,26.6,36.2,20.6,28.2,22,77.5,1.64,100,12.5,rain,0,0,,21.1,176,1007.8,59.4,5.6,194.8,16.7,7,,2020-10-11T05:32:25,2020-10-11T17:45:52,0.83,"Rain, Partially cloudy",Partly cloudy throughout the day with rain clearing later.,rain,"96741099999,WIII,96739099999,WIHH,96749099999,96751099999,96745099999,96749599999"
"-6.59117203505968, 106.901704049011",2020-10-12,33.7,20.6,27.2,37.2,20.6,28.5,20.9,70.9,0,0,0,,0,0,,15.6,186.9,1007.9,46.6,6.4,168.8,14.6,6,,2020-10-12T05:31:59,2020-10-12T17:45:47,0.88,Partially cloudy,Partly cloudy throughout the day.,partly-cloudy-day,"96741099999,WIII,96739099999,WIHH,96749099999,96751099999,96745099999,96749599999"
"-6.59117203505968, 106.901704049011",2020-10-13,33,20.5,26.9,36.6,20.5,28.7,21.7,74.5,0.81,100,4.17,rain,0,0,,17.9,203.5,1007.8,53,6.1,216.2,18.6,8,,2020-10-13T05:31:34,2020-10-13T17:45:43,0.93,"Rain, Partially cloudy",Partly cloudy throughout the day with late afternoon rain.,rain,"96741099999,WIII,96739099999,WIHH,96749099999,96751099999,96745099999,96749599999"
"-6.59117203505968, 106.901704049011",2020-10-14,33.7,20.7,27.5,38.2,20.7,29.4,22.2,74.5,1.11,100,4.17,rain,0,0,,15.9,228.6,1009.2,54.1,5.9,294.3,25.6,10,,2020-10-14T05:31:09,2020-10-14T17:45:40,0.96,"Rain, Partially cloudy",Partly cloudy throughout the day with afternoon rain.,rain,"96741099999,WIII,96739099999,WIHH,96749099999,96751099999,96745099999,96749599999"
"-6.59117203505968, 106.901704049011",2020-10-15,33.7,20.7,27.2,37.2,20.7,28.7,21.6,73.6,0.08,100,4.17,rain,0,0,,17.9,209.5,1008.9,53.3,6.3,203.1,17.6,7,,2020-10-15T05:30:44,2020-10-15T17:45:37,0.99,"Rain, Partially cloudy",Partly cloudy throughout the day with late afternoon rain.,rain,"96741099999,WIII,96739099999,WIHH,96749099999,96751099999,96745099999,96749599999"
"-6.59117203505968, 106.901704049011",2020-10-16,33.7,20.1,26.2,38.4,20.1,27.4,21.9,78.9,30.69,100,12.5,rain,0,0,33.5,16.3,176,1008,64.3,5.5,188.5,16.3,7,,2020-10-16T05:30:21,2020-10-16T17:45:34,1,"Rain, Partially cloudy",Partly cloudy throughout the day with rain.,rain,"96741099999,WIII,96739099999,WIHH,96749099999,96751099999,96745099999,96749599999"
"-6.59117203505968, 106.901704049011",2020-10-17,32.3,20.5,26.3,36.4,20.5,28,22.2,79,6.04,100,8.33,rain,0,0,,21.6,220.5,1007.9,55.2,6.1,197.5,17,7,,2020-10-17T05:29:57,2020-10-17T17:45:32,0,"Rain, Partially cloudy",Partly cloudy throughout the day with rain.,rain,"96741099999,WIII,96739099999,WIHH,96749099999,96751099999,96745099999,96749599999"
"-6.59117203505968, 106.901704049011",2020-10-18,32,20.4,26.7,36.8,20.4,28.6,22.3,78,5.65,100,8.33,rain,0,0,,16.6,185.7,1008.4,57.8,6,148.5,13,6,,2020-10-18T05:29:35,2020-10-18T17:45:31,0.02,"Rain, Partially cloudy",Partly cloudy throughout the day with late afternoon rain.,rain,"96741099999,WIII,96739099999,WIHH,96749099999,96751099999,96745099999,96749599999"
"-6.59117203505968, 106.901704049011",2020-10-19,32.7,20.7,25.7,37.7,20.7,26.8,22.2,82.3,35,100,16.67,rain,0,0,,17.9,208.2,1008.6,56,5.3,239.9,20.7,9,,2020-10-19T05:29:13,2020-10-19T17:45:30,0.05,"Rain, Partially cloudy",Partly cloudy throughout the day with rain.,rain,"96741099999,WIII,96739099999,WIHH,96749099999,96751099999,96745099999,96749599999"
"-6.59117203505968, 106.901704049011",2020-10-20,33,20.2,26.3,38.3,20.2,27.7,22.4,80.6,16.09,100,16.67,rain,0,0,,29,137.3,1008.8,55.5,5.6,120.5,10.4,5,,2020-10-20T05:28:52,2020-10-20T17:45:30,0.09,"Rain, Partially cloudy",Partly cloudy throughout the day with rain.,rain,"96741099999,WIII,96739099999,WIHH,96749099999,96751099999,96745099999,96749599999"
"-6.59117203505968, 106.901704049011",2020-10-21,32.3,20.7,25.5,37.6,20.7,26.7,22.5,84.2,17.17,100,25,rain,0,0,42.5,19.9,152.2,1008.8,54.7,5.1,76.7,6.8,3,,2020-10-21T05:28:32,2020-10-21T17:45:31,0.14,"Rain, Partially cloudy",Partly cloudy throughout the day with a chance of rain throughout the day.,rain,"96741099999,WIII,96739099999,WIHH,96749099999,96751099999,96745099999,96749599999"
"-6.59117203505968, 106.901704049011",2020-10-22,33.9,20.1,26.7,39.2,20.1,28.4,21.7,75.1,2.38,100,16.67,rain,0,0,,27.7,229.9,1008.9,59.9,6.7,120.8,10.6,5,,2020-10-22T05:28:12,2020-10-22T17:45:32,0.2,"Rain, Partially cloudy",Partly cloudy throughout the day with a chance of rain throughout the day.,rain,"96741099999,WIII,96739099999,WIHH,96749099999,96751099999,96745099999,96749599999"
"-6.59117203505968, 106.901704049011",2020-10-23,33,21.5,27.3,37,21.5,29.4,21.5,71.7,1.61,100,4.17,rain,0,0,40.7,31.7,245.7,1009.1,49.4,6.9,117.6,10.1,4,,2020-10-23T05:27:53,2020-10-23T17:45:34,0.25,"Rain, Partially cloudy",Partly cloudy throughout the day with afternoon rain.,rain,"96741099999,WIII,96739099999,WIHH,96749099999,96751099999,96745099999,96749599999"
"-6.59117203505968, 106.901704049011",2020-10-24,33,20,26.4,37.8,20,27.9,21.7,76.6,43.97,100,12.5,rain,0,0,,18.4,216.4,1009.4,57.4,6.6,184.3,16,7,,2020-10-24T05:27:35,2020-10-24T17:45:36,0.3,"Rain, Partially cloudy",Partly cloudy throughout the day with rain.,rain,"96741099999,WIII,96739099999,WIHH,96749099999,96751099999,96745099999,96749599999"
"-6.59117203505968, 106.901704049011",2020-10-25,32,20.1,25.6,36.8,20.1,26.7,22.2,82.1,5.09,100,16.67,rain,0,0,,16.1,214.8,1009.9,56.8,6,133.6,11.5,7,,2020-10-25T05:27:17,2020-10-25T17:45:39,0.35,"Rain, Partially cloudy",Partly cloudy throughout the day with rain.,rain,"96741099999,WIII,96739099999,WIHH,96749099999,96751099999,96745099999,96749599999"
"-6.59117203505968, 106.901704049011",2020-10-26,32.7,20.6,25.1,37.2,20.6,25.9,22.1,85,24.39,100,12.5,rain,0,0,48.2,28.2,240.2,1009.3,55.4,5,72.2,6.1,3,,2020-10-26T05:27:00,2020-10-26T17:45:43,0.39,"Rain, Partially cloudy",Partly cloudy throughout the day with rain.,rain,"96741099999,WIII,96739099999,WIHH,96749099999,96751099999,96745099999,96749599999"
"-6.59117203505968, 106.901704049011",2020-10-27,31,19.7,24.9,36.5,19.7,25.8,22.1,85.1,13.88,100,20.83,rain,0,0,,20.5,233,1009.3,55.9,5.8,132.4,11.5,5,,2020-10-27T05:26:45,2020-10-27T17:45:47,0.43,"Rain, Partially cloudy",Partly cloudy throughout the day with a chance of rain throughout the day.,rain,"96741099999,WIII,96739099999,WIHH,96749099999,96751099999,96745099999,96749599999"
"-6.59117203505968, 106.901704049011",2020-10-28,32.7,19.8,26.5,36.5,19.8,28,21.9,77.5,3.5,100,12.5,rain,0,0,,14.8,160,1009.8,53.3,5.8,214.8,18.5,7,,2020-10-28T05:26:30,2020-10-28T17:45:52,0.46,"Rain, Partially cloudy",Partly cloudy throughout the day with rain.,rain,"96741099999,WIII,96739099999,WIHH,96749099999,96751099999,96745099999,96749599999"
"-6.59117203505968, 106.901704049011",2020-10-29,33,20,27.4,39.3,20,29.9,22.6,76.2,1.73,100,4.17,rain,0,0,33.5,24.1,129.5,1009.7,47.2,7.2,216.9,18.8,9,,2020-10-29T05:26:15,2020-10-29T17:45:58,0.48,"Rain, Partially cloudy",Partly cloudy throughout the day with early morning rain.,rain,"96741099999,WIII,96739099999,WIHH,96749099999,96751099999,96745099999,96749599999"
"-6.59117203505968, 106.901704049011",2020-10-30,32,21.6,26.7,37.9,21.6,28.6,22.2,77.1,11.26,100,12.5,rain,0,0,,33.5,127.1,1009.8,49,7.6,192.2,16.7,7,,2020-10-30T05:26:02,2020-10-30T17:46:05,0.49,"Rain, Partially cloudy",Partly cloudy throughout the day with rain.,rain,"96741099999,WIII,96739099999,96749099999,96751099999,96745099999"
"-6.59117203505968, 106.901704049011",2020-10-31,32,20.5,25.5,36.8,20.5,26.5,22,81.9,11.51,100,8.33,rain,0,0,,18.4,187.9,1009.7,54.9,6.5,131.9,11.5,4,,2020-10-31T05:25:49,2020-10-31T17:46:12,0.5,"Rain, Partially cloudy",Partly cloudy throughout the day with rain.,rain,"96741099999,WIII,96739099999,96749099999,96751099999,96745099999"
"-6.59117203505968, 106.901704049011",2020-11-01,32,20.5,25.1,37.9,20.5,26,22.4,85.5,9.54,100,4.17,rain,0,0,38.9,24.1,231.5,1009.3,60.3,6.5,262.6,22.7,9,,2020-11-01T05:25:38,2020-11-01T17:46:20,0.51,"Rain, Partially cloudy",Partly cloudy throughout the day with afternoon rain.,rain,"96741099999,WIII,96739099999,96749099999,96751099999,remote,96745099999"
"-6.59117203505968, 106.901704049011",2020-11-02,31,20.2,25.5,35.5,20.2,26.4,22,81.5,0.02,100,4.17,rain,0,0,,27.7,236.2,1010,61,8.4,301.6,26.1,10,,2020-11-02T05:25:27,2020-11-02T17:46:29,0.52,"Rain, Partially cloudy",Partly cloudy throughout the day with morning rain.,rain,"96741099999,WIII,96739099999,96749099999,96751099999,96745099999"
"-6.59117203505968, 106.901704049011",2020-11-03,32,19.9,26.2,35.8,19.9,27.4,21.5,76.5,1.11,100,8.33,rain,0,0,,18.4,224.2,1010.7,59.2,6.9,282.8,24.5,10,,2020-11-03T05:25:17,2020-11-03T17:46:38,0.54,"Rain, Partially cloudy",Partly cloudy throughout the day with rain.,rain,"96741099999,WIII,96739099999,96749099999,96751099999,96745099999"
"-6.59117203505968, 106.901704049011",2020-11-04,32,20.5,26.2,36.8,20.5,27.6,21.8,78.1,0.18,100,8.33,rain,0,0,,16.6,185.4,1010.8,52.2,6.8,212.1,18.3,8,,2020-11-04T05:25:09,2020-11-04T17:46:48,0.57,"Rain, Partially cloudy",Partly cloudy throughout the day with rain.,rain,"96741099999,WIII,96739099999,96749099999,96751099999,96745099999"
"-6.59117203505968, 106.901704049011",2020-11-05,28,20.7,24.9,31.9,20.7,25.9,22.2,85.4,3.81,100,8.33,rain,0,0,,14.8,167.4,1010.9,65.6,5.3,157,13.6,6,,2020-11-05T05:25:01,2020-11-05T17:46:59,0.61,"Rain, Partially cloudy",Partly cloudy throughout the day with morning rain.,rain,"96741099999,WIII,96739099999,96749099999,96751099999,96745099999"
"-6.59117203505968, 106.901704049011",2020-11-06,30,21.6,25.6,35.1,21.6,26.7,22.7,84.8,1.63,100,8.33,rain,0,0,35.3,16.6,172,1011,71.4,5.4,204,17.7,7,,2020-11-06T05:24:54,2020-11-06T17:47:11,0.65,"Rain, Partially cloudy",Partly cloudy throughout the day with afternoon rain.,rain,"96741099999,WIII,96739099999,96749099999,96751099999,96745099999"
"-6.59117203505968, 106.901704049011",2020-11-07,32,20.4,26.1,39.2,20.4,28.1,22.3,80.7,2.66,100,4.17,rain,0,0,,27.7,141.8,1010.1,53.9,6.9,241,20.9,8,,2020-11-07T05:24:48,2020-11-07T17:47:23,0.7,"Rain, Partially cloudy",Partly cloudy throughout the day with late afternoon rain.,rain,"96741099999,WIII,96739099999,96749099999,96751099999,96745099999"
"-6.59117203505968, 106.901704049011",2020-11-08,32,20.5,26.1,36.8,20.5,27.7,21.9,78.5,13.12,100,8.33,rain,0,0,,18.4,164.1,1010.1,53.9,5.8,187.9,16.3,7,,2020-11-08T05:24:43,2020-11-08T17:47:36,0.75,"Rain, Partially cloudy",Partly cloudy throughout the day with rain.,rain,"96741099999,WIII,96739099999,96749099999,96751099999,96745099999"
"-6.59117203505968, 106.901704049011",2020-11-09,33.7,19.8,27.1,36.6,19.8,28.7,21.1,71.3,0,0,0,,0,0,,20.4,141.3,1009.7,45.5,6.5,136.6,11.8,5,,2020-11-09T05:24:39,2020-11-09T17:47:50,0.8,Partially cloudy,Partly cloudy throughout the day.,partly-cloudy-day,"96741099999,WIII,96739099999,WIHH,96749099999,96751099999,96745099999,96749599999"
"-6.59117203505968, 106.901704049011",2020-11-10,32,20.7,26.7,37.2,20.7,28.8,22.5,78.8,6.22,100,12.5,rain,0,0,,14.4,213.4,1009.5,55,5.2,274.9,23.6,9,,2020-11-10T05:24:35,2020-11-10T17:48:05,0.86,"Rain, Partially cloudy",Partly cloudy throughout the day with rain.,rain,"96741099999,WIII,96739099999,WIHH,96749099999,96751099999,96745099999,96749599999"
"-6.59117203505968, 106.901704049011",2020-11-11,33.5,20.4,27.2,39.9,20.4,29.4,22.3,75.7,21.78,100,8.33,rain,0,0,,17.9,147.6,1009.6,52.6,6,312.6,26.9,10,,2020-11-11T05:24:33,2020-11-11T17:48:20,0.91,"Rain, Partially cloudy",Partly cloudy throughout the day with late afternoon rain.,rain,"96741099999,WIII,96739099999,WIHH,96749099999,96751099999,96745099999,96749599999"
"-6.59117203505968, 106.901704049011",2020-11-12,33,21.8,27.4,38.8,21.8,29.9,22.9,77.6,3.66,100,16.67,rain,0,0,,19,135.8,1009.5,59.7,5.8,145.8,12.5,6,,2020-11-12T05:24:32,2020-11-12T17:48:36,0.95,"Rain, Partially cloudy",Partly cloudy throughout the day with a chance of rain throughout the day.,rain,"96741099999,WIII,96739099999,WIHH,96749099999,96751099999,96745099999,96749599999"
"-6.59117203505968, 106.901704049011",2020-11-13,33.7,21.9,28.3,38.7,21.9,31.3,22.5,72,3.39,100,8.33,rain,0,0,,23.1,109.5,1008.5,51.3,6.1,287.8,24.8,10,,2020-11-13T05:24:32,2020-11-13T17:48:53,0.98,"Rain, Partially cloudy",Partly cloudy throughout the day with rain.,rain,"96741099999,WIII,96739099999,WIHH,96749099999,96751099999,96745099999,96749599999"
"-6.59117203505968, 106.901704049011",2020-11-14,33.7,21.1,27.9,40.2,21.1,30.8,22.6,74.1,11.38,100,8.33,rain,0,0,,16.3,180,1008.5,51,6.6,184.3,15.8,7,,2020-11-14T05:24:33,2020-11-14T17:49:11,1,"Rain, Partially cloudy",Partly cloudy throughout the day with late afternoon rain.,rain,"96741099999,WIII,96739099999,WIHH,96749099999,96751099999,96745099999,96749599999"
"-6.59117203505968, 106.901704049011",2020-11-15,33.7,20.6,27.6,38.5,20.6,29.9,21.9,72.4,8.96,100,8.33,rain,0,0,35.3,27.7,96.1,1009,52.9,6.7,104.5,9,4,,2020-11-15T05:24:35,2020-11-15T17:49:29,0,"Rain, Partially cloudy",Partly cloudy throughout the day with rain clearing later.,rain,"96741099999,WIII,96739099999,WIHH,96749099999,96751099999,96745099999,96749599999"
"-6.59117203505968, 106.901704049011",2020-11-16,33.3,22.4,27.5,37.9,22.4,29.8,22.5,75.1,2.09,100,4.17,rain,0,0,44.6,18.1,110.4,1008.9,52.9,6.3,141,12.2,5,,2020-11-16T05:24:38,2020-11-16T17:49:48,0.01,"Rain, Partially cloudy",Partly cloudy throughout the day with afternoon rain.,rain,"96741099999,WIII,96739099999,WIHH,96749099999,96751099999,96745099999,96749599999"
"-6.59117203505968, 106.901704049011",2020-11-17,32.5,21.7,27.1,39.5,21.7,29.5,23,78.8,8.07,100,4.17,rain,0,0,,14.8,232.8,1007.9,54.8,5.3,162.8,14.1,5,,2020-11-17T05:24:41,2020-11-17T17:50:08,0.04,"Rain, Partially cloudy",Partly cloudy throughout the day with late afternoon rain.,rain,"96741099999,WIII,96739099999,WIHH,96749099999,96751099999,96745099999,96749599999"
"-6.59117203505968, 106.901704049011",2020-11-18,32.5,21.3,26.8,38.2,21.3,28.4,22.3,77.5,0.62,100,12.5,rain,0,0,,15.2,165.7,1007.6,56.6,6,246.1,21.4,8,,2020-11-18T05:24:46,2020-11-18T17:50:28,0.07,"Rain, Partially cloudy",Partly cloudy throughout the day with rain.,rain,"96741099999,WIII,96739099999,WIHH,96749099999,96751099999,96745099999,96749599999"
"-6.59117203505968, 106.901704049011",2020-11-19,33.7,21,27.4,39.3,21,29.6,22.3,75.4,0.89,100,8.33,rain,0,0,31.7,30.1,112.8,1008,51.5,6,165.7,14.4,7,,2020-11-19T05:24:52,2020-11-19T17:50:49,0.12,"Rain, Partially cloudy",Partly cloudy throughout the day with rain.,rain,"96741099999,WIII,96739099999,WIHH,96749099999,96751099999,96745099999,96749599999"
"-6.59117203505968, 106.901704049011",2020-11-20,32.3,22.1,27.3,41.3,22.1,29.8,23,78.6,0.13,100,4.17,rain,0,0,,19.4,170.6,1008.1,56.4,6.3,100.4,8.7,3,,2020-11-20T05:24:59,2020-11-20T17:51:11,0.17,"Rain, Partially cloudy",Partly cloudy throughout the day with morning rain.,rain,"96741099999,WIHH,WIII,96739099999,96749099999,96751099999,96749599999,96745099999"
"-6.59117203505968, 106.901704049011",2020-11-21,32.3,21.5,26.3,37.9,21.5,28,22.5,81,11.29,100,8.33,rain,0,0,,20.4,146.6,1008.1,50.6,6.1,86.7,7.4,3,,2020-11-21T05:25:07,2020-11-21T17:51:33,0.22,"Rain, Partially cloudy",Partly cloudy throughout the day with afternoon rain.,rain,"96741099999,WIII,96739099999,WIHH,96749099999,96751099999,96745099999,96749599999"
"-6.59117203505968, 106.901704049011",2020-11-22,30.9,20.8,25.9,35.6,20.8,27.5,22.7,83,3.19,100,12.5,rain,0,0,,12.9,220.9,1009,54.9,5.6,91,7.9,3,,2020-11-22T05:25:15,2020-11-22T17:51:56,0.27,"Rain, Partially cloudy",Partly cloudy throughout the day with rain.,rain,"96741099999,WIII,96739099999,WIHH,96749099999,96751099999,96745099999,96749599999"
"-6.59117203505968, 106.901704049011",2020-11-23,31,20.9,25.5,36.2,20.9,26.5,22.4,83.5,19.81,100,25,rain,0,0,,17.3,230.4,1009.5,62.2,5.4,140.6,12,5,,2020-11-23T05:25:25,2020-11-23T17:52:19,0.31,"Rain, Partially cloudy",Partly cloudy throughout the day with a chance of rain throughout the day.,rain,"96741099999,WIII,96739099999,WIHH,96749099999,96751099999,96745099999,96749599999"
"-6.59117203505968, 106.901704049011",2020-11-24,33.7,20.7,26,37.2,20.7,27.2,22,80,7.48,100,12.5,rain,0,0,42.5,25.2,216.3,1008.5,59.6,6.1,185.9,16.1,7,,2020-11-24T05:25:36,2020-11-24T17:52:43,0.36,"Rain, Partially cloudy",Partly cloudy throughout the day with rain.,rain,"96741099999,WIII,96739099999,WIHH,96749099999,96751099999,96745099999,96749599999"
"-6.59117203505968, 106.901704049011",2020-11-25,34,20.2,26.4,38.3,20.2,27.6,21.9,78.2,6.92,100,8.33,rain,0,0,,25.9,220.8,1007.4,61.2,6.6,211.9,18.2,8,,2020-11-25T05:25:47,2020-11-25T17:53:08,0.4,"Rain, Partially cloudy",Partly cloudy throughout the day with rain.,rain,"96741099999,WIII,96739099999,WIHH,96749099999,96751099999,96745099999,96749599999"
"-6.59117203505968, 106.901704049011",2020-11-26,33.3,19.9,26.9,38.4,19.9,28.6,21.6,74.3,0,0,0,,0,0,,19.3,237.7,1007.8,53.1,6.7,199.7,17.2,6,,2020-11-26T05:26:00,2020-11-26T17:53:33,0.43,Partially cloudy,Partly cloudy throughout the day.,partly-cloudy-day,"96741099999,WIII,96739099999,WIHH,96749099999,96751099999,96745099999,96749599999"
"-6.59117203505968, 106.901704049011",2020-11-27,34,20.4,26.7,35.9,20.4,27.6,21.2,74.8,8.56,100,12.5,rain,0,0,,21.5,219.3,1008.2,59.9,6.1,268.5,23,9,,2020-11-27T05:26:13,2020-11-27T17:53:59,0.46,"Rain, Partially cloudy",Partly cloudy throughout the day with rain.,rain,"96741099999,WIII,96739099999,WIHH,96749099999,96751099999,96745099999,96749599999"
"-6.59117203505968, 106.901704049011",2020-11-28,33.3,20.1,26.5,36.2,20.1,27.6,21.3,74.7,7.62,100,16.67,rain,0,0,37.1,18.4,230.3,1008.7,58.6,6.2,225.5,19.5,8,,2020-11-28T05:26:28,2020-11-28T17:54:25,0.48,"Rain, Partially cloudy",Partly cloudy throughout the day with rain.,rain,"96741099999,WIII,96739099999,WIHH,96749099999,96751099999,96745099999,96749599999"
"-6.59117203505968, 106.901704049011",2020-11-29,32,20.6,25.9,36.8,20.6,26.9,21.5,78,17.03,100,16.67,rain,0,0,61.2,35.9,249,1008.6,68.7,7,114.3,9.9,4,,2020-11-29T05:26:43,2020-11-29T17:54:52,0.5,"Rain, Partially cloudy",Partly cloudy throughout the day with rain.,rain,"96741099999,WIII,96739099999,WIHH,96749099999,96751099999,96745099999,96749599999"
"-6.59117203505968, 106.901704049011",2020-11-30,31,21.2,25.1,35.5,21.2,26.1,21.6,81.5,31.23,100,20.83,rain,0,0,33.5,34,250.3,1008.5,57.8,6.3,197.4,16.9,7,,2020-11-30T05:26:59,2020-11-30T17:55:19,0.5,"Rain, Partially cloudy",Partly cloudy throughout the day with a chance of rain throughout the day.,rain,"96741099999,WIII,96739099999,WIHH,96749099999,96751099999,96745099999,96749599999"
"-6.59117203505968, 106.901704049011",2020-12-01,32.5,20.8,26.6,36.6,20.8,28.2,21.5,74.7,4.2,100,16.67,rain,0,0,,70.7,238.2,1008.4,51.9,7.2,172.1,14.8,6,,2020-12-01T05:27:16,2020-12-01T17:55:47,0.51,"Rain, Partially cloudy",Partly cloudy throughout the day with a chance of rain throughout the day.,rain,"96741099999,WIII,96739099999,WIHH,96749099999,96751099999,96745099999,96749599999"
"-6.59117203505968, 106.901704049011",2020-12-02,34.7,21.2,27.1,40.3,21.2,29.1,22,74.7,1.52,100,12.5,rain,0,0,,16.8,265.8,1007.7,52,7.2,233.6,20.3,8,,2020-12-02T05:27:34,2020-12-02T17:56:15,0.53,"Rain, Partially cloudy",Partly cloudy throughout the day with rain.,rain,"96741099999,WIII,96739099999,WIHH,96749099999,96751099999,96745099999,96749599999"
"-6.59117203505968, 106.901704049011",2020-12-03,30.7,20.9,25.3,34.5,20.9,26.3,22.1,83.1,11.3,100,20.83,rain,0,0,,16.4,253.9,1008.5,66.9,5.8,132.3,11.4,4,,2020-12-03T05:27:53,2020-12-03T17:56:43,0.55,"Rain, Partially cloudy",Partly cloudy throughout the day with rain.,rain,"96741099999,WIII,96739099999,WIHH,96749099999,96751099999,96745099999,96749599999"
"-6.59117203505968, 106.901704049011",2020-12-04,32,21.7,26,36.8,21.7,27.5,22.2,80.1,2.97,100,12.5,rain,0,0,,24.7,255.3,1008.3,58.3,6.2,197.6,17.1,7,,2020-12-04T05:28:13,2020-12-04T17:57:12,0.58,"Rain, Partially cloudy",Partly cloudy throughout the day with rain.,rain,"96741099999,WIII,96739099999,WIHH,96749099999,96751099999,96745099999,96749599999"
"-6.59117203505968, 106.901704049011",2020-12-05,30,21.1,25.1,33.9,21.1,26.1,22,83.8,22.64,100,25,rain,0,0,29.5,16.9,258.8,1007.7,64.7,5.3,196.7,17,7,,2020-12-05T05:28:33,2020-12-05T17:57:41,0.62,"Rain, Partially cloudy",Partly cloudy throughout the day with a chance of rain throughout the day.,rain,"96741099999,WIII,96739099999,WIHH,96749099999,96751099999,96745099999,96749599999"
"-6.59117203505968, 106.901704049011",2020-12-06,27.3,20.5,24,31,20.5,24.4,22.5,91.8,75.06,100,33.33,rain,0,0,,19.3,258.7,1007.5,57.1,4,212.4,18.3,8,,2020-12-06T05:28:54,2020-12-06T17:58:10,0.67,"Rain, Partially cloudy",Partly cloudy throughout the day with a chance of rain throughout the day.,rain,"96741099999,WIII,96739099999,WIHH,96749099999,96751099999,96745099999,96749599999"
"-6.59117203505968, 106.901704049011",2020-12-07,28.3,20.4,24.1,31.9,20.4,24.4,22.3,89.6,23.04,100,29.17,rain,0,0,55.4,31.1,256.3,1008.4,70.6,5,190.2,16.5,6,,2020-12-07T05:29:16,2020-12-07T17:58:40,0.73,"Rain, Partially cloudy",Partly cloudy throughout the day with a chance of rain throughout the day.,rain,"96741099999,WIII,96739099999,WIHH,96749099999,96751099999,96745099999,96749599999"
"-6.59117203505968, 106.901704049011",2020-12-08,30.5,20.3,25.8,34.5,20.3,27.1,22.2,81.5,2.16,100,25,rain,0,0,51.8,29.3,253.4,1007.8,63.6,6.1,262.3,22.8,9,,2020-12-08T05:29:39,2020-12-08T17:59:10,0.78,"Rain, Partially cloudy",Partly cloudy throughout the day with rain.,rain,"96741099999,WIII,96739099999,WIHH,96749099999,96751099999,96745099999,96749599999"
"-6.59117203505968, 106.901704049011",2020-12-09,30.8,21.3,26,36.2,21.3,27.5,21.9,79.2,7.84,100,29.17,rain,0,0,51.8,26.7,262.2,1006.9,61.4,6.5,197.7,17.1,8,,2020-12-09T05:30:02,2020-12-09T17:59:40,0.84,"Rain, Partially cloudy",Partly cloudy throughout the day with a chance of rain throughout the day.,rain,"96741099999,WIII,96739099999,WIHH,96749099999,96751099999,96745099999,96749599999"
"-6.59117203505968, 106.901704049011",2020-12-10,31,20.9,25.6,34.8,20.9,26.6,22,81.3,11.71,100,12.5,rain,0,0,,18.3,273.5,1007.4,66.9,6.1,201.2,17.5,7,,2020-12-10T05:30:26,2020-12-10T18:00:10,0.89,"Rain, Partially cloudy",Partly cloudy throughout the day with rain.,rain,"96741099999,WIII,96739099999,WIHH,96749099999,96751099999,96745099999,96749599999"
"-6.59117203505968, 106.901704049011",2020-12-11,31,20.2,25.7,35.2,20.2,27,22.2,82.2,12.88,100,16.67,rain,0,0,,14.8,281.8,1008.3,60.7,5.9,194.6,16.9,6,,2020-12-11T05:30:50,2020-12-11T18:00:40,0.94,"Rain, Partially cloudy",Partly cloudy throughout the day with rain.,rain,"96741099999,WIII,96739099999,WIHH,96749099999,96751099999,96745099999,96749599999"
"-6.59117203505968, 106.901704049011",2020-12-12,30.3,20.5,25.6,34.1,20.5,26.9,21.7,79.7,2.82,100,12.5,rain,0,0,,23.1,254.3,1008,56.9,6.5,155.9,13.4,5,,2020-12-12T05:31:16,2020-12-12T18:01:11,0.97,"Rain, Partially cloudy",Partly cloudy throughout the day with rain.,rain,"96741099999,WIII,96739099999,WIHH,96749099999,96751099999,96745099999,96749599999"
"-6.59117203505968, 106.901704049011",2020-12-13,29,21,25.2,33.6,21,26.5,22.1,83.1,1.23,100,8.33,rain,0,0,,15.7,252.4,1008,64.2,5.9,115.2,9.8,4,,2020-12-13T05:31:42,2020-12-13T18:01:41,1,"Rain, Partially cloudy",Partly cloudy throughout the day with rain.,rain,"96741099999,WIII,96739099999,WIHH,96749099999,96751099999,96745099999,96749599999"
"-6.59117203505968, 106.901704049011",2020-12-14,30.5,20.7,25.6,34.9,20.7,26.8,22,81.1,2.02,100,25,rain,0,0,,23.1,256.3,1008.4,57,6.7,132.3,11.4,5,,2020-12-14T05:32:08,2020-12-14T18:02:12,1,"Rain, Partially cloudy",Partly cloudy throughout the day with a chance of rain throughout the day.,rain,"96741099999,WIII,96739099999,WIHH,96749099999,96751099999,96745099999,96749599999"
"-6.59117203505968, 106.901704049011",2020-12-15,31.7,20.7,26.1,36,20.7,27.5,21.8,77.9,3.31,100,20.83,rain,0,0,,31.1,242.1,1008.9,58.5,6.4,170.2,14.6,6,,2020-12-15T05:32:35,2020-12-15T18:02:42,0,"Rain, Partially cloudy",Partly cloudy throughout the day with rain.,rain,"96741099999,WIII,96739099999,WIHH,96749099999,96751099999,96745099999,96749599999"
"-6.59117203505968, 106.901704049011",2020-12-16,32.3,20.8,26,36.4,20.8,27.4,21.8,78.5,0.32,100,8.33,rain,0,0,38.9,30.6,261.5,1008.4,62.4,6.9,184.7,16,7,,2020-12-16T05:33:02,2020-12-16T18:03:13,0.02,"Rain, Partially cloudy",Partly cloudy throughout the day with rain.,rain,"96741099999,WIII,96739099999,WIHH,96749099999,96751099999,96745099999,96749599999"
"-6.59117203505968, 106.901704049011",2020-12-17,31,20.4,25.4,33.9,20.4,26.5,21.8,81.1,4.34,100,20.83,rain,0,0,,26.7,255,1008.1,61.4,6.5,150,12.9,5,,2020-12-17T05:33:30,2020-12-17T18:03:43,0.05,"Rain, Partially cloudy",Partly cloudy throughout the day with a chance of rain throughout the day.,rain,"96741099999,WIII,96739099999,WIHH,96749099999,96751099999,96745099999,96749599999"
"-6.59117203505968, 106.901704049011",2020-12-18,31.7,21.1,26,36.7,21.1,27.4,21.5,77.2,0.78,100,16.67,rain,0,0,37.1,21.5,265.8,1007.3,55.8,7,290.8,25.1,10,,2020-12-18T05:33:58,2020-12-18T18:04:13,0.09,"Rain, Partially cloudy",Partly cloudy throughout the day with a chance of rain throughout the day.,rain,"5BZE2,96741099999,WIII,96739099999,WIHH,96749099999,96751099999,96745099999,96749599999"
"-6.59117203505968, 106.901704049011",2020-12-19,31.2,21.3,25.9,35.8,21.3,27.4,21.9,79,0.11,100,8.33,rain,0,0,42.5,24.9,254.8,1007.5,51,7,290.6,25,10,,2020-12-19T05:34:27,2020-12-19T18:04:44,0.13,"Rain, Partially cloudy",Partly cloudy throughout the day with rain.,rain,"96741099999,WIII,96739099999,WIHH,96749099999,96751099999,96745099999,96749599999"
"-6.59117203505968, 106.901704049011",2020-12-20,28.9,20.3,24.8,32.8,20.3,25.5,21.8,84,1.88,100,25,rain,0,0,,18.3,265.9,1008.3,55.7,5.7,303.5,26.4,10,,2020-12-20T05:34:56,2020-12-20T18:05:14,0.18,"Rain, Partially cloudy",Partly cloudy throughout the day with rain.,rain,"96741099999,WIHH,WIII,96739099999,96749099999,96751099999,96749599999,96745099999"
"-6.59117203505968, 106.901704049011",2020-12-21,29,21.3,24.9,33,21.3,26,21.8,83.1,25.45,100,20.83,rain,0,0,,24.6,251.6,1008.2,57.1,6,146.3,12.7,5,,2020-12-21T05:35:26,2020-12-21T18:05:44,0.23,"Rain, Partially cloudy",Partly cloudy throughout the day with rain.,rain,"96741099999,WIII,96739099999,WIHH,96749099999,96751099999,96745099999,96749599999"
"-6.59117203505968, 106.901704049011",2020-12-22,31,21.2,25.9,34.8,21.2,27.3,21.6,78.2,15.43,100,16.67,rain,0,0,37.1,21.2,263.6,1008.1,56.3,6.6,214.3,18.5,7,,2020-12-22T05:35:56,2020-12-22T18:06:13,0.28,"Rain, Partially cloudy",Partly cloudy throughout the day with rain.,rain,"96741099999,WIII,96739099999,WIHH,96749099999,96751099999,96745099999,96749599999"
"-6.59117203505968, 106.901704049011",2020-12-23,33,19.8,26.5,37.9,19.8,27.9,21.2,74.4,0,0,0,,0,0,44.6,21.4,255.2,1007.1,50.2,6.8,267.3,23.1,9,,2020-12-23T05:36:26,2020-12-23T18:06:42,0.32,Partially cloudy,Partly cloudy throughout the day.,partly-cloudy-day,"96741099999,WIII,96739099999,WIHH,96749099999,96751099999,96745099999,96749599999"
"-6.59117203505968, 106.901704049011",2020-12-24,32.7,21,25.8,38,21,27,21.5,77.6,2.34,100,8.33,rain,0,0,38.9,29.8,248.3,1007.4,58.1,6.5,270.7,23.4,9,,2020-12-24T05:36:56,2020-12-24T18:07:12,0.37,"Rain, Partially cloudy",Partly cloudy throughout the day with rain in the morning and afternoon.,rain,"96741099999,WIII,96739099999,WIHH,96749099999,96751099999,96745099999,96749599999"
"-6.59117203505968, 106.901704049011",2020-12-25,33,20.5,26.3,35.7,20.5,27.6,21.2,74.8,4.27,100,16.67,rain,0,0,37.1,28.2,253.3,1007.9,56.3,6.9,163.3,13.8,6,,2020-12-25T05:37:26,2020-12-25T18:07:40,0.4,"Rain, Partially cloudy",Partly cloudy throughout the day with rain.,rain,"96741099999,WIHH,WIII,96739099999,96749099999,96751099999,96749599999,96745099999"
"-6.59117203505968, 106.901704049011",2020-12-26,32.7,21,26.5,35.6,21,27.6,21,73.3,2.02,100,20.83,rain,0,0,40.7,29.1,266.6,1008.5,54.4,6.6,212.4,18.4,7,,2020-12-26T05:37:57,2020-12-26T18:08:09,0.44,"Rain, Partially cloudy",Partly cloudy throughout the day with a chance of rain throughout the day.,rain,"96741099999,WIII,96739099999,WIHH,96749099999,96751099999,96745099999,96749599999"
"-6.59117203505968, 106.901704049011",2020-12-27,32.7,21.4,26.9,37.7,21.4,28.6,21.3,72.4,0,0,0,,0,0,,24.7,270.2,1008.6,52.1,7.1,221.9,19.2,8,,2020-12-27T05:38:28,2020-12-27T18:08:37,0.47,Partially cloudy,Partly cloudy throughout the day.,partly-cloudy-day,"96741099999,WIII,96739099999,WIHH,96749099999,96751099999,96745099999,96749599999"
"-6.59117203505968, 106.901704049011",2020-12-28,32,21.1,26.8,36.2,21.1,28.4,21.6,73.9,0.81,100,4.17,rain,0,0,37.1,25.2,257.2,1007.7,52.7,7.1,116.4,10.2,5,,2020-12-28T05:38:59,2020-12-28T18:09:04,0.49,"Rain, Partially cloudy",Partly cloudy throughout the day with afternoon rain.,rain,"96741099999,WIII,96739099999,WIHH,96749099999,96751099999,96745099999,96749599999"
"-6.59117203505968, 106.901704049011",2020-12-29,30.3,21.5,25.8,34.5,21.5,26.9,21.6,78,13.64,100,12.5,rain,0,0,,30.9,259.1,1007.7,62.1,6.6,142.2,12.3,5,,2020-12-29T05:39:30,2020-12-29T18:09:31,0.5,"Rain, Partially cloudy",Partly cloudy throughout the day with rain.,rain,"96741099999,WIII,96739099999,WIHH,96749099999,96751099999,96745099999,96749599999"
"-6.59117203505968, 106.901704049011",2020-12-30,29.5,21.1,25.4,33.5,21.1,26.4,21.1,77.6,3.96,100,12.5,rain,0,0,,29.6,254.7,1007.8,65.1,6.7,119,10.3,4,,2020-12-30T05:40:01,2020-12-30T18:09:58,0.5,"Rain, Partially cloudy",Partly cloudy throughout the day with rain.,rain,"96741099999,WIII,96739099999,WIHH,96749099999,96751099999,96745099999,96749599999"
"-6.59117203505968, 106.901704049011",2020-12-31,29.7,20.6,24.7,34,20.6,25.7,21.9,84.5,7.65,100,25,rain,0,0,,18.4,279.5,1007.9,66.4,6.1,138.2,12,5,,2020-12-31T05:40:32,2020-12-31T18:10:24,0.51,"Rain, Partially cloudy",Partly cloudy throughout the day with a chance of rain throughout the day.,rain,"96741099999,WIII,96739099999,WIHH,96749099999,96751099999,96745099999,96749599999"
"-6.59117203505968, 106.901704049011",2021-01-01,29,20.4,24.5,33.6,20.4,25.1,21.9,85.5,17.45,100,29.17,rain,0,0,,14.8,278.4,1008.1,63.7,6.5,184.3,16,6,,2021-01-01T05:41:03,2021-01-01T18:10:49,0.53,"Rain, Partially cloudy",Partly cloudy throughout the day with a chance of rain throughout the day.,rain,"96741099999,WIII,96739099999,WIHH,96749099999,96751099999,96745099999,96749599999"
"-6.59117203505968, 106.901704049011",2021-01-02,32.5,21.1,26,37.7,21.1,27.8,21.9,78.7,4.85,100,8.33,rain,0,0,,17.9,282.3,1008.3,57.3,6.4,183.6,16,7,,2021-01-02T05:41:34,2021-01-02T18:11:14,0.56,"Rain, Partially cloudy",Partly cloudy throughout the day with rain.,rain,"96741099999,WIII,96739099999,WIHH,96749099999,96751099999,96745099999,96749599999"
"-6.59117203505968, 106.901704049011",2021-01-03,32.2,20.8,25.9,36.3,20.8,27,21.7,78.6,15.93,100,20.83,rain,0,0,,19.4,265,1007.9,62,6.8,197.9,17,7,,2021-01-03T05:42:05,2021-01-03T18:11:39,0.6,"Rain, Partially cloudy",Partly cloudy throughout the day with rain.,rain,"96741099999,WIII,96739099999,WIHH,96749099999,96751099999,96745099999,96749599999"
"-6.59117203505968, 106.901704049011",2021-01-04,31.5,21.3,25.9,35,21.3,27.3,21.6,77.8,6.45,100,4.17,rain,0,0,,23.3,274,1007.6,60.1,7,201.4,17.5,7,,2021-01-04T05:42:36,2021-01-04T18:12:02,0.65,"Rain, Partially cloudy",Partly cloudy throughout the day with afternoon rain.,rain,"96741099999,WIII,96739099999,WIHH,96749099999,96751099999,96745099999,96749599999"
"-6.59117203505968, 106.901704049011",2021-01-05,29,20.4,25.1,33.6,20.4,26.7,22.5,85.9,3.69,100,12.5,rain,0,0,,13.4,206.2,1007.6,55.2,5.4,182.1,15.8,8,,2021-01-05T05:43:06,2021-01-05T18:12:25,0.7,"Rain, Partially cloudy",Partly cloudy throughout the day with rain.,rain,"96741099999,WIII,96739099999,WIHH,96749099999,96751099999,96745099999,96749599999"
"-6.59117203505968, 106.901704049011",2021-01-06,31,20.8,25.3,36.5,20.8,26.8,22.5,85.3,18.66,100,25,rain,0,0,,27.7,242.3,1007.3,71,5.6,181.9,15.7,7,,2021-01-06T05:43:37,2021-01-06T18:12:48,0.76,"Rain, Partially cloudy",Partly cloudy throughout the day with a chance of rain throughout the day.,rain,"96741099999,WIII,96739099999,WIHH,96749099999,96751099999,96745099999,96749599999"
"-6.59117203505968, 106.901704049011",2021-01-07,29.7,20.4,25.3,33.8,20.4,26.5,22.3,84.4,12.28,100,16.67,rain,0,0,31.7,16.6,256.2,1006.8,64.6,5.3,217.4,18.8,7,,2021-01-07T05:44:07,2021-01-07T18:13:10,0.82,"Rain, Partially cloudy",Partly cloudy throughout the day with a chance of rain throughout the day.,rain,"96741099999,WIII,96739099999,WIHH,96749099999,96751099999,96745099999,96749599999"
"-6.59117203505968, 106.901704049011",2021-01-08,29,21.6,25.8,33.5,21.6,27.4,22.8,83.9,3.72,100,12.5,rain,0,0,,16.9,262,1007,57.6,6,179.3,15.3,7,,2021-01-08T05:44:37,2021-01-08T18:13:30,0.87,"Rain, Partially cloudy",Partly cloudy throughout the day with rain.,rain,"96741099999,WIII,96739099999,WIHH,96749099999,96751099999,96745099999,96749599999"
"-6.59117203505968, 106.901704049011",2021-01-09,31,20.4,24.8,35.8,20.4,25.6,22.5,87.5,22.77,100,16.67,rain,0,0,,24.1,258.4,1007.3,68.8,5.1,176.9,15.2,6,,2021-01-09T05:45:07,2021-01-09T18:13:51,0.92,"Rain, Partially cloudy",Partly cloudy throughout the day with rain.,rain,"96741099999,WIII,96739099999,WIHH,96749099999,96751099999,96745099999,96749599999"
"-6.59117203505968, 106.901704049011",2021-01-10,30,20.4,25.3,34.4,20.4,26.7,22.2,83.5,16.78,100,20.83,rain,0,0,,20.5,262.6,1006.7,64.9,5.9,76.9,6.7,3,,2021-01-10T05:45:36,2021-01-10T18:14:10,0.96,"Rain, Partially cloudy",Partly cloudy throughout the day with a chance of rain throughout the day.,rain,"96741099999,WIII,96739099999,WIHH,96749099999,96751099999,96745099999,96749599999"
"-6.59117203505968, 106.901704049011",2021-01-11,31.5,20.8,25.8,36.4,20.8,27.1,22.2,81.5,0.68,100,8.33,rain,0,0,,17.9,281.8,1007.6,59.3,6.2,185.6,15.9,6,,2021-01-11T05:46:05,2021-01-11T18:14:29,0.99,"Rain, Partially cloudy",Partly cloudy throughout the day with rain.,rain,"96741099999,WIII,96739099999,WIHH,96749099999,96751099999,96745099999,96749599999"
"-6.59117203505968, 106.901704049011",2021-01-12,29,20.7,24.9,33,20.7,26.2,22.3,85.5,9.93,100,12.5,rain,0,0,,18.9,256.3,1008.1,65.2,5.6,129.3,11,5,,2021-01-12T05:46:34,2021-01-12T18:14:47,1,"Rain, Partially cloudy",Partly cloudy throughout the day with a chance of rain throughout the day.,rain,"96741099999,WIII,96739099999,WIHH,96749099999,96751099999,96745099999,96749599999"
"-6.59117203505968, 106.901704049011",2021-01-13,29,20.6,25.4,33.3,20.6,26.8,22.2,82.7,6.39,100,20.83,rain,0,0,,20.5,300.5,1008.8,67.7,6.4,192,16.6,7,,2021-01-13T05:47:02,2021-01-13T18:15:04,0,"Rain, Partially cloudy",Partly cloudy throughout the day with rain.,rain,"96741099999,WIII,96739099999,WIHH,96749099999,96751099999,96745099999,96749599999"
"-6.59117203505968, 106.901704049011",2021-01-14,29,20.8,25.7,32.7,20.8,27.3,22.3,82.3,4.04,100,8.33,rain,0,0,,16.6,287.3,1009.8,67,6.1,211.9,18.3,8,,2021-01-14T05:47:30,2021-01-14T18:15:20,0.01,"Rain, Partially cloudy",Partly cloudy throughout the day with late afternoon rain.,rain,"96741099999,WIII,96739099999,WIHH,96749099999,96751099999,96745099999,96749599999"
"-6.59117203505968, 106.901704049011",2021-01-15,30.7,20.8,25.9,35.1,20.8,27.2,22.1,80.6,0.97,100,8.33,rain,0,0,,13,287.7,1008.7,62.8,5.6,178.1,15.2,6,,2021-01-15T05:47:58,2021-01-15T18:15:35,0.03,"Rain, Partially cloudy",Partly cloudy throughout the day with early morning rain.,rain,"96741099999,WIII,96739099999,WIHH,96749099999,96751099999,96745099999,96749599999"
"-6.59117203505968, 106.901704049011",2021-01-16,33,20,26.7,37.3,20,28.2,21.1,72.8,0,0,0,,0,0,,24.9,252.1,1007.2,59.1,6.2,274.7,23.7,9,,2021-01-16T05:48:25,2021-01-16T18:15:50,0.06,Partially cloudy,Partly cloudy throughout the day.,partly-cloudy-day,"96741099999,WIII,96739099999,WIHH,96749099999,96751099999,96745099999,96749599999"
"-6.59117203505968, 106.901704049011",2021-01-17,30,20.4,25.9,34.7,20.4,27.7,22.2,80.4,0.22,100,8.33,rain,0,0,37.1,17.9,283.8,1007.7,60.7,6,241.9,21,9,,2021-01-17T05:48:51,2021-01-17T18:16:03,0.1,"Rain, Partially cloudy",Partly cloudy throughout the day with rain.,rain,"96741099999,WIII,96739099999,WIHH,96749099999,96751099999,96745099999,96749599999"
"-6.59117203505968, 106.901704049011",2021-01-18,27.7,20.8,24.9,31,20.8,26.1,22.2,85.1,8.42,100,25,rain,0,0,38.9,15.7,304.3,1008.6,52.5,4.8,177,15.2,7,,2021-01-18T05:49:17,2021-01-18T18:16:16,0.14,"Rain, Partially cloudy",Partly cloudy throughout the day with a chance of rain throughout the day.,rain,"96741099999,WIII,96739099999,WIHH,96749099999,96751099999,96745099999,96749599999"
"-6.59117203505968, 106.901704049011",2021-01-19,28.7,19.3,24.5,31.8,19.3,25.4,21.5,84.3,50.33,100,20.83,rain,0,0,46.4,22.3,265.7,1009,61.4,4.8,173.2,14.9,7,,2021-01-19T05:49:43,2021-01-19T18:16:28,0.19,"Rain, Partially cloudy",Partly cloudy throughout the day with a chance of rain throughout the day.,rain,"96741099999,WIII,96739099999,WIHH,96749099999,96751099999,96745099999,96749599999"
"-6.59117203505968, 106.901704049011",2021-01-20,29.7,20.4,25.1,33.5,20.4,26.4,22.3,85.3,32.38,100,25,rain,0,0,,18.4,246.7,1009.1,63.2,4.4,148.8,12.8,5,,2021-01-20T05:50:08,2021-01-20T18:16:38,0.23,"Rain, Partially cloudy",Partly cloudy throughout the day with a chance of rain throughout the day.,rain,"96741099999,WIII,96739099999,WIHH,96749099999,96751099999,96745099999,96749599999"
"-6.59117203505968, 106.901704049011",2021-01-21,28,20.8,24.9,31.7,20.8,26,22.7,88.1,11.36,100,16.67,rain,0,0,,13,256,1009.2,61.6,4.6,133.6,11.4,5,,2021-01-21T05:50:32,2021-01-21T18:16:48,0.28,"Rain, Partially cloudy",Partly cloudy throughout the day with a chance of rain throughout the day.,rain,"96741099999,WIII,96739099999,WIHH,96749099999,96751099999,96745099999,96749599999"
"-6.59117203505968, 106.901704049011",2021-01-22,30,20.7,25.2,35.1,20.7,26.2,21.4,80.2,4.92,100,8.33,rain,0,0,,13.3,250.7,1009,64.5,5.4,259.5,22.4,9,,2021-01-22T05:50:56,2021-01-22T18:16:57,0.33,"Rain, Partially cloudy",Partly cloudy throughout the day with rain in the morning and afternoon.,rain,"96741099999,WIII,96739099999,WIHH,96749099999,96751099999,96745099999,96749599999"
"-6.59117203505968, 106.901704049011",2021-01-23,30.2,20.5,25.8,35.1,20.5,27.6,22.2,81.1,0,0,0,,0,0,,17.6,192.8,1008.8,55.5,5.6,218.8,19,8,,2021-01-23T05:51:19,2021-01-23T18:17:05,0.37,Partially cloudy,Partly cloudy throughout the day.,partly-cloudy-day,"96741099999,WIII,96739099999,WIHH,96749099999,96751099999,96745099999,96749599999"
"-6.59117203505968, 106.901704049011",2021-01-24,27,20,23.8,30.6,20,24.1,22.4,92.2,23.68,100,25,rain,0,0,,9.5,191.6,1009.4,70.4,4.5,140,12.2,5,,2021-01-24T05:51:42,2021-01-24T18:17:12,0.41,"Rain, Partially cloudy",Partly cloudy throughout the day with a chance of rain throughout the day.,rain,"96741099999,WIII,96739099999,WIHH,96749099999,96751099999,96745099999,96749599999"
"-6.59117203505968, 106.901704049011",2021-01-25,30.3,20.4,25.1,35.1,20.4,26.1,22.2,84.6,10.24,100,12.5,rain,0,0,,21.2,184.4,1009.1,60.1,5,243.4,20.9,9,,2021-01-25T05:52:04,2021-01-25T18:17:19,0.44,"Rain, Partially cloudy",Partly cloudy throughout the day with rain.,rain,"96741099999,WIII,96739099999,WIHH,96749099999,96751099999,96745099999,96749599999"
"-6.59117203505968, 106.901704049011",2021-01-26,31,20.3,25,35.8,20.3,25.9,22.2,85.4,3.8,100,16.67,rain,0,0,42.5,25.9,261.7,1008.2,63.1,5.8,155.5,13.4,6,,2021-01-26T05:52:25,2021-01-26T18:17:24,0.47,"Rain, Partially cloudy",Partly cloudy throughout the day with rain.,rain,"96741099999,WIII,96739099999,WIHH,96749099999,96751099999,96745099999,96749599999"
"-6.59117203505968, 106.901704049011",2021-01-27,29,20.6,24.7,33,20.6,25.7,21.9,84.8,1.93,100,29.17,rain,0,0,42.5,26.7,258.3,1007.8,70.9,5.8,152.8,13.3,6,,2021-01-27T05:52:46,2021-01-27T18:17:28,0.49,"Rain, Partially cloudy",Partly cloudy throughout the day with a chance of rain throughout the day.,rain,"96741099999,WIII,96739099999,WIHH,96749099999,96751099999,96745099999,96749599999"
"-6.59117203505968, 106.901704049011",2021-01-28,28.7,20.5,24.5,32.4,20.5,25.3,21.6,84.4,13.8,100,20.83,rain,0,0,,23.1,259.4,1008.3,63.3,6.1,128.7,11.2,4,,2021-01-28T05:53:06,2021-01-28T18:17:31,0.5,"Rain, Partially cloudy",Partly cloudy throughout the day with a chance of rain throughout the day.,rain,"96741099999,WIII,96739099999,WIHH,96749099999,96751099999,96745099999,96749599999"
"-6.59117203505968, 106.901704049011",2021-01-29,30,20.2,24.2,34.8,20.2,24.9,22.2,88.7,35.36,100,29.17,rain,0,0,35.3,28.9,273.6,1008.7,73.4,5.3,212.3,18.5,7,,2021-01-29T05:53:25,2021-01-29T18:17:34,0.51,"Rain, Partially cloudy",Partly cloudy throughout the day with a chance of rain throughout the day.,rain,"96741099999,WIII,96739099999,WIHH,96749099999,96751099999,96745099999,96749599999"
"-6.59117203505968, 106.901704049011",2021-01-30,28.3,20.1,24.2,31.9,20.1,25.1,22.3,89.3,12.22,100,33.33,rain,0,0,37.1,18.4,282.4,1009.2,61.1,4.3,225.5,19.4,8,,2021-01-30T05:53:44,2021-01-30T18:17:35,0.52,"Rain, Partially cloudy",Partly cloudy throughout the day with a chance of rain throughout the day.,rain,"96741099999,WIII,96739099999,WIHH,96749099999,96751099999,96745099999,96749599999"
"-6.59117203505968, 106.901704049011",2021-01-31,28.5,20.4,24.7,32.1,20.4,25.7,22.4,87.8,19.67,100,25,rain,0,0,,13.8,249.1,1010,55.6,4.4,188.4,16.4,6,,2021-01-31T05:54:02,2021-01-31T18:17:35,0.54,"Rain, Partially cloudy",Partly cloudy throughout the day with a chance of rain throughout the day.,rain,"96741099999,WIII,96739099999,WIHH,96749099999,96751099999,96745099999,96749599999"
"-6.59117203505968, 106.901704049011",2021-02-01,31,20.7,25.5,36.5,20.7,26.8,22.6,84.4,3.73,100,8.33,rain,0,0,,15.7,272.8,1010.1,63.3,5.1,213.9,18.5,8,,2021-02-01T05:54:19,2021-02-01T18:17:35,0.59,"Rain, Partially cloudy",Partly cloudy throughout the day with late afternoon rain.,rain,"96741099999,WIII,96739099999,WIHH,96749099999,96751099999,96745099999,96749599999"
"-6.59117203505968, 106.901704049011",2021-02-02,30,21,25.3,34.4,21,26.7,22.7,86.3,10.89,100,29.17,rain,0,0,,20.5,280.3,1009.7,65.8,5.1,209.2,18,7,,2021-02-02T05:54:36,2021-02-02T18:17:33,0.63,"Rain, Partially cloudy",Partly cloudy throughout the day with a chance of rain throughout the day.,rain,"96741099999,WIII,96739099999,WIHH,96749099999,96751099999,96745099999,96749599999"
"-6.59117203505968, 106.901704049011",2021-02-03,29,20.3,24.4,33.2,20.3,25.3,22.6,90.5,30.63,100,33.33,rain,0,0,,16.3,271.5,1010,70.8,4.6,162,13.9,5,,2021-02-03T05:54:52,2021-02-03T18:17:31,0.68,"Rain, Partially cloudy",Partly cloudy throughout the day with a chance of rain throughout the day.,rain,"96741099999,WIII,96739099999,WIHH,96749099999,96751099999,96745099999,96749599999"
"-6.59117203505968, 106.901704049011",2021-02-04,30,20.6,24.6,34.4,20.6,25.4,22.5,88.9,42.26,100,33.33,rain,0,0,,28.5,290.6,1009.9,59.6,4.3,230.4,20,8,,2021-02-04T05:55:07,2021-02-04T18:17:27,0.74,"Rain, Partially cloudy",Partly cloudy throughout the day with a chance of rain throughout the day.,rain,"96741099999,WIII,96739099999,WIHH,96749099999,96751099999,96745099999,96749599999"
"-6.59117203505968, 106.901704049011",2021-02-05,30,20.2,25.2,34.1,20.2,26.6,22.7,86.9,9.1,100,29.17,rain,0,0,,18.4,269,1009.2,71.4,5.1,215.6,18.5,8,,2021-02-05T05:55:22,2021-02-05T18:17:23,0.8,"Rain, Partially cloudy",Partly cloudy throughout the day with a chance of rain throughout the day.,rain,"96741099999,WIII,96739099999,WIHH,96749099999,96751099999,96745099999,96749599999"
"-6.59117203505968, 106.901704049011",2021-02-06,30.3,21,25.9,34.8,21,27.9,22.7,82.8,50,100,16.67,rain,0,0,35.3,16.8,230.8,1008.3,64,5.1,259.3,22.4,9,,2021-02-06T05:55:35,2021-02-06T18:17:18,0.85,"Rain, Partially cloudy",Partly cloudy throughout the day with rain clearing later.,rain,"96741099999,WIII,96739099999,WIHH,96749099999,96751099999,96745099999,96749599999"
"-6.59117203505968, 106.901704049011",2021-02-07,29.7,21.2,25.3,33.8,21.2,26.6,23.1,88.4,141.19,100,29.17,rain,0,0,33.5,19.4,286.3,1008,59.5,3.6,157.8,13.6,6,,2021-02-07T05:55:48,2021-02-07T18:17:12,0.9,"Rain, Partially cloudy",Partly cloudy throughout the day with a chance of rain throughout the day.,rain,"96741099999,WIII,96739099999,WIHH,96749099999,96751099999,96745099999,96749599999"
"-6.59117203505968, 106.901704049011",2021-02-08,30,20.5,25.1,35.9,20.5,26.3,23,88.6,69.74,100,33.33,rain,0,0,,16,285.3,1008.1,69.4,4.9,159.9,13.9,5,,2021-02-08T05:56:01,2021-02-08T18:17:05,0.94,"Rain, Partially cloudy",Partly cloudy throughout the day with a chance of rain throughout the day.,rain,"96741099999,WIII,96739099999,WIHH,96749099999,96751099999,96745099999,96749599999"
"-6.59117203505968, 106.901704049011",2021-02-09,31,20.5,25.7,36.5,20.5,27.6,22.9,85.2,3.85,100,20.83,rain,0,0,,18.4,296.6,1008.3,61.3,5,163.8,14.2,6,,2021-02-09T05:56:13,2021-02-09T18:16:57,0.97,"Rain, Partially cloudy",Partly cloudy throughout the day with a chance of rain throughout the day.,rain,"96741099999,WIII,96739099999,WIHH,96749099999,96751099999,96745099999,96749599999"
"-6.59117203505968, 106.901704049011",2021-02-10,29,21.2,25.7,33.8,21.2,27.1,22.8,84.6,10.49,100,12.5,rain,0,0,31.7,21.8,253.5,1009.4,57.7,5.9,273.8,23.7,10,,2021-02-10T05:56:23,2021-02-10T18:16:48,1,"Rain, Partially cloudy",Partly cloudy throughout the day with a chance of rain throughout the day.,rain,"5BZE2,96741099999,WIII,96739099999,WIHH,96749099999,96751099999,96745099999,96749599999"
"-6.59117203505968, 106.901704049011",2021-02-11,31.4,20.6,27.1,36.3,20.6,29.4,23.1,79.5,0.23,100,4.17,rain,0,0,,67.4,273.8,1011,39.4,6.2,267.8,23.1,9,,2021-02-11T05:56:34,2021-02-11T18:16:38,1,"Rain, Partially cloudy",Partly cloudy throughout the day with morning rain.,rain,"5BZE2,WIII,WIHH,96739099999,96749099999,96751099999,96749599999,96745099999"
"-6.59117203505968, 106.901704049011",2021-02-12,29.7,24.7,27,34.9,24.7,29.2,23.6,82.4,2.5,100,62.5,rain,0,0,33.5,14.8,307.5,1015.4,42,6,219.8,19.1,7,,2021-02-12T05:56:43,2021-02-12T18:16:28,0,"Rain, Partially cloudy",Partly cloudy throughout the day with rain.,rain,"5BZE2,WIII,WIHH"
"-6.59117203505968, 106.901704049011",2021-02-13,30.3,22.5,27,35.4,22.5,29.2,23.5,82,1.9,100,50,rain,0,0,35.3,18.4,273.1,1012,51.3,5.6,228,19.8,8,,2021-02-13T05:56:52,2021-02-13T18:16:17,0.02,"Rain, Partially cloudy",Partly cloudy throughout the day with a chance of rain throughout the day.,rain,"5BZE2,96741099999,WIII,WIHH,96739099999,96749099999,96751099999,96749599999,96745099999"
"-6.59117203505968, 106.901704049011",2021-02-14,28.7,21.2,25.6,34.1,21.2,27.5,23.4,88.2,4.48,100,29.17,rain,0,0,,18.9,249.1,1010.7,63.1,4.9,193.5,16.8,8,,2021-02-14T05:57:01,2021-02-14T18:16:04,0.04,"Rain, Partially cloudy",Partly cloudy throughout the day with a chance of rain throughout the day.,rain,"96741099999,WIII,96739099999,WIHH,96749099999,96751099999,96745099999,96749599999"
"-6.59117203505968, 106.901704049011",2021-02-15,30.7,20.5,25.6,36.2,20.5,27.4,23,85.8,9.16,100,25,rain,0,0,,17.3,207.9,1009.6,65.4,5.4,160.6,14,7,,2021-02-15T05:57:08,2021-02-15T18:15:51,0.07,"Rain, Partially cloudy",Partly cloudy throughout the day with rain.,rain,"96741099999,WIII,96739099999,WIHH,96749099999,96751099999,96745099999,96749599999"
"-6.59117203505968, 106.901704049011",2021-02-16,27.5,21.1,24.5,31.4,21.1,25.3,23.3,93.1,19.8,100,33.33,rain,0,0,,16.6,238.5,1009,63.9,4.2,158.1,13.7,6,,2021-02-16T05:57:15,2021-02-16T18:15:38,0.1,"Rain, Partially cloudy",Partly cloudy throughout the day with a chance of rain throughout the day.,rain,"96741099999,WIII,96739099999,WIHH,96749099999,96751099999,96745099999,96749599999"
"-6.59117203505968, 106.901704049011",2021-02-17,28.7,20.3,25.1,33.2,20.3,26.5,22.6,85.9,7.66,100,16.67,rain,0,0,37.1,18.4,282,1009.9,65.2,5.5,148.1,12.9,5,,2021-02-17T05:57:21,2021-02-17T18:15:23,0.14,"Rain, Partially cloudy",Partly cloudy throughout the day with rain.,rain,"96741099999,WIII,96739099999,WIHH,96749099999,96751099999,96745099999,96749599999"
"-6.59117203505968, 106.901704049011",2021-02-18,30,20.1,24.3,34.4,20.1,24.8,21.7,86.4,33.81,100,25,rain,0,0,,15.4,263.8,1009.4,63.8,5.7,225.1,19.4,8,,2021-02-18T05:57:27,2021-02-18T18:15:08,0.19,"Rain, Partially cloudy",Partly cloudy throughout the day with a chance of rain throughout the day.,rain,"96741099999,WIII,96739099999,WIHH,96749099999,96751099999,96745099999,96749599999"
"-6.59117203505968, 106.901704049011",2021-02-19,28.3,20,24.8,31.7,20,25.8,22.3,86.9,30.95,100,25,rain,0,0,,20.5,264.7,1010.1,56.8,4.5,169.7,14.7,6,,2021-02-19T05:57:32,2021-02-19T18:14:52,0.24,"Rain, Partially cloudy",Partly cloudy throughout the day with a chance of rain throughout the day.,rain,"5BZE2,96741099999,WIII,96739099999,WIHH,96749099999,96751099999,96745099999,96749599999"
"-6.59117203505968, 106.901704049011",2021-02-20,29,24.5,26.4,34.1,24.5,27.7,23.9,86.4,2,100,4.17,rain,0,0,37.1,18.4,248.5,1012.4,70.1,4.9,222.1,19.3,7,,2021-02-20T05:57:36,2021-02-20T18:14:35,0.28,"Rain, Partially cloudy",Partly cloudy throughout the day with late afternoon rain.,rain,"5BZE2,WIII,WIHH,96749099999"
"-6.59117203505968, 106.901704049011",2021-02-21,30.7,21.2,26.9,34.1,21.2,28.9,23,80.2,3.8,100,33.33,rain,0,0,,18.5,232.5,1011.9,55,5.9,170.1,14.9,6,,2021-02-21T05:57:40,2021-02-21T18:14:17,0.33,"Rain, Partially cloudy",Partly cloudy throughout the day with a chance of rain throughout the day.,rain,"5BZE2,96741099999,WIII,96739099999,WIHH,remote,96751099999,96749099999,96745099999"
"-6.59117203505968, 106.901704049011",2021-02-22,30.7,20.6,26.1,35.1,20.6,27.9,22.6,81.7,25.97,100,8.33,rain,0,0,,15,261,1009.5,60.7,5.6,221.1,19.1,8,,2021-02-22T05:57:43,2021-02-22T18:13:59,0.38,"Rain, Partially cloudy",Partly cloudy throughout the day with rain.,rain,"96741099999,WIII,96739099999,WIHH,96751099999,96749099999,96745099999,96749599999"
"-6.59117203505968, 106.901704049011",2021-02-23,32.5,19.7,25.8,36.4,19.7,27.1,21.8,80.1,2.48,100,8.33,rain,0,0,,24.1,271.9,1007.9,55.3,6,245.4,21.3,9,,2021-02-23T05:57:46,2021-02-23T18:13:40,0.42,"Rain, Partially cloudy",Partly cloudy throughout the day with rain.,rain,"96741099999,WIII,96739099999,WIHH,96749099999,96751099999,96745099999,96749599999"
"-6.59117203505968, 106.901704049011",2021-02-24,31,20.5,24.7,35.5,20.5,25.3,21.7,83.7,6.34,100,20.83,rain,0,0,46.4,27.7,262.2,1006.5,64.1,7.6,187.8,16.3,7,,2021-02-24T05:57:48,2021-02-24T18:13:21,0.45,"Rain, Partially cloudy",Partly cloudy throughout the day with rain.,rain,"96741099999,WIII,96739099999,96749099999,96751099999,96745099999"
"-6.59117203505968, 106.901704049011",2021-02-25,30,20.3,25.4,35.1,20.3,27.5,22.9,86.7,44.06,100,33.33,rain,0,0,38.9,29.5,245.9,1005.9,57.5,5.9,252.1,21.9,9,,2021-02-25T05:57:49,2021-02-25T18:13:01,0.48,"Rain, Partially cloudy",Partly cloudy throughout the day with a chance of rain throughout the day.,rain,"96741099999,WIII,96739099999,96749099999,96751099999,96745099999"
"-6.59117203505968, 106.901704049011",2021-02-26,31,19.9,25.1,36.5,19.9,26.5,22.3,85.1,38.24,100,25,rain,0,0,40.7,22.3,211.4,1006.9,67.7,7,196.3,17,8,,2021-02-26T05:57:50,2021-02-26T18:12:40,0.5,"Rain, Partially cloudy",Partly cloudy throughout the day with a chance of rain throughout the day.,rain,"96741099999,WIII,96739099999,96749099999,96751099999,96745099999"
"-6.59117203505968, 106.901704049011",2021-02-27,31,20.4,26.2,36.5,20.4,28.1,22.4,80.3,2.11,100,12.5,rain,0,0,,16.6,187.2,1008.2,58.5,6.5,201.6,17.4,7,,2021-02-27T05:57:50,2021-02-27T18:12:19,0.5,"Rain, Partially cloudy",Partly cloudy throughout the day with rain clearing later.,rain,"96741099999,WIII,96739099999,96749099999,96751099999,96745099999"
"-6.59117203505968, 106.901704049011",2021-02-28,34,21.4,27.4,38.3,21.4,29.6,21.6,71.8,0.03,100,4.17,rain,0,0,,24.1,247,1009.3,54.9,7.7,162.9,14.1,6,,2021-02-28T05:57:50,2021-02-28T18:11:57,0.51,"Rain, Partially cloudy",Partly cloudy throughout the day with late afternoon rain.,rain,"96741099999,WIII,96739099999,96749099999,96751099999,96745099999"
"-6.59117203505968, 106.901704049011",2021-03-01,32,21.5,27.1,39.2,21.5,29.7,22.7,77.5,0.05,100,8.33,rain,0,0,,22.3,277.4,1009.8,59.1,7.7,258.9,22.3,9,,2021-03-01T05:57:49,2021-03-01T18:11:34,0.53,"Rain, Partially cloudy",Partly cloudy throughout the day with late afternoon rain.,rain,"96741099999,WIII,96739099999,96749099999,96751099999,96745099999"
"-6.59117203505968, 106.901704049011",2021-03-02,31,21.4,25.6,37.7,21.4,27.5,22.8,85.2,5.64,100,29.17,rain,0,0,,20.5,269.6,1010.3,66.6,6.6,147.3,12.6,6,,2021-03-02T05:57:48,2021-03-02T18:11:11,0.57,"Rain, Partially cloudy",Partly cloudy throughout the day with a chance of rain throughout the day.,rain,"96741099999,WIII,96739099999,96749099999,96751099999,96745099999"
"-6.59117203505968, 106.901704049011",2021-03-03,31,20.7,26.1,36.5,20.7,28.4,22.6,81.9,34.77,100,20.83,rain,0,0,,20.5,238.5,1010.5,54.9,6.3,200.5,17.4,7,,2021-03-03T05:57:47,2021-03-03T18:10:48,0.61,"Rain, Partially cloudy",Partly cloudy throughout the day with a chance of rain throughout the day.,rain,"96741099999,WIII,96739099999,96749099999,96751099999,96745099999"
"-6.59117203505968, 106.901704049011",2021-03-04,31,21,26.3,35.5,21,28.2,22.5,80.7,0.54,100,8.33,rain,0,0,,22.3,256.6,1010.9,57.4,6,250.5,21.7,9,,2021-03-04T05:57:45,2021-03-04T18:10:24,0.67,"Rain, Partially cloudy",Partly cloudy throughout the day with late afternoon rain.,rain,"96741099999,WIII,96739099999,96749099999,96751099999,96745099999"
"-6.59117203505968, 106.901704049011",2021-03-05,31,20.6,25.9,37.7,20.6,27.3,22.3,81.1,5.25,100,16.67,rain,0,0,,20.5,149.9,1010.4,59.3,6.5,298.4,25.8,10,,2021-03-05T05:57:42,2021-03-05T18:09:59,0.72,"Rain, Partially cloudy",Partly cloudy throughout the day with rain.,rain,"96741099999,WIII,96739099999,96749099999,96751099999,96745099999"
"-6.59117203505968, 106.901704049011",2021-03-06,30,20,25.5,35.1,20,26.9,22.5,83.9,7.93,100,16.67,rain,0,0,,18.4,264.4,1010.3,62.8,5.8,275.1,23.7,10,,2021-03-06T05:57:39,2021-03-06T18:09:35,0.78,"Rain, Partially cloudy",Partly cloudy throughout the day with rain.,rain,"96741099999,WIII,96739099999,96749099999,96751099999,96745099999"
"-6.59117203505968, 106.901704049011",2021-03-07,32,19.6,25.7,37.9,19.6,27.1,22.2,82.6,2.89,100,12.5,rain,0,0,31.7,24.1,255.7,1010.6,60.4,6.2,174.4,15.1,7,,2021-03-07T05:57:36,2021-03-07T18:09:09,0.83,"Rain, Partially cloudy",Partly cloudy throughout the day with rain.,rain,"96741099999,WIII,96739099999,96749099999,96751099999,96745099999"
"-6.59117203505968, 106.901704049011",2021-03-08,31,20.1,24.9,35.5,20.1,25.7,22,84.3,0.84,100,25,rain,0,0,,31.7,262.6,1010.5,63,6.4,228.4,19.6,8,,2021-03-08T05:57:32,2021-03-08T18:08:44,0.88,"Rain, Partially cloudy",Partly cloudy throughout the day with a chance of rain throughout the day.,rain,"96741099999,WIII,96739099999,WIHH,96749099999,96751099999,96745099999,96749599999"
"-6.59117203505968, 106.901704049011",2021-03-09,31,19.9,25,35.8,19.9,25.7,21.5,81.2,1.94,100,8.33,rain,0,0,,17.9,263,1010.2,55.6,6.2,205.1,17.7,7,,2021-03-09T05:57:28,2021-03-09T18:08:18,0.93,"Rain, Partially cloudy",Partly cloudy throughout the day with rain.,rain,"96741099999,WIII,96739099999,WIHH,96749099999,96751099999,96745099999,96749599999"
"-6.59117203505968, 106.901704049011",2021-03-10,30.7,20.3,25.7,34.5,20.3,27,22.2,81.9,1.78,100,16.67,rain,0,0,,15.9,254.8,1010.1,63.3,5.5,212.3,18.4,7,,2021-03-10T05:57:24,2021-03-10T18:07:51,0.96,"Rain, Partially cloudy",Partly cloudy throughout the day with a chance of rain throughout the day.,rain,"96741099999,WIII,96739099999,WIHH,96749099999,96751099999,96745099999,96749599999"
"-6.59117203505968, 106.901704049011",2021-03-11,29.7,19.3,24.7,33.2,19.3,25.7,21.7,84.2,21.94,100,20.83,rain,0,0,,18.4,245.2,1010.6,69.7,6,220.5,19.1,7,,2021-03-11T05:57:19,2021-03-11T18:07:24,0.99,"Rain, Partially cloudy",Partly cloudy throughout the day with rain.,rain,"96741099999,WIII,96739099999,WIHH,96749099999,96751099999,96745099999,96749599999"
"-6.59117203505968, 106.901704049011",2021-03-12,30.5,20.5,25.6,35.8,20.5,26.9,22.4,83,0.82,100,12.5,rain,0,0,40.7,13.4,270.8,1010.8,54.3,6.3,227.3,19.8,8,,2021-03-12T05:57:14,2021-03-12T18:06:57,1,"Rain, Partially cloudy",Partly cloudy throughout the day with a chance of rain throughout the day.,rain,"96741099999,WIII,96739099999,WIHH,96749099999,96751099999,96745099999,96749599999"
"-6.59117203505968, 106.901704049011",2021-03-13,31.3,20.6,26.3,36.5,20.6,28,21.1,73.5,0.18,100,4.17,rain,0,0,,20.5,285.3,1010.4,52.7,7.2,223.4,19.1,8,,2021-03-13T05:57:09,2021-03-13T18:06:30,0,"Rain, Partially cloudy",Partly cloudy throughout the day with afternoon rain.,rain,"96741099999,WIII,96739099999,WIHH,96749099999,96751099999,96745099999,96749599999"
"-6.59117203505968, 106.901704049011",2021-03-14,30.7,20.2,25.8,34.7,20.2,26.9,21.2,76.3,2.38,100,8.33,rain,0,0,48.2,18.4,276.9,1009.1,50.6,6.8,270.4,23.3,9,,2021-03-14T05:57:04,2021-03-14T18:06:03,0.01,"Rain, Partially cloudy",Partly cloudy throughout the day with afternoon rain.,rain,"96741099999,WIII,96739099999,WIHH,96749099999,96751099999,96745099999,96749599999"
"-6.59117203505968, 106.901704049011",2021-03-15,29.7,20.5,25.9,34.4,20.5,27.5,22.5,82,8.07,100,4.17,rain,0,0,,12.5,246.9,1008.8,53.8,5.6,179.3,15.6,7,,2021-03-15T05:56:58,2021-03-15T18:05:35,0.02,"Rain, Partially cloudy",Partly cloudy throughout the day with late afternoon rain.,rain,"96741099999,WIII,96739099999,WIHH,96749099999,96751099999,96745099999,96749599999"
"-6.59117203505968, 106.901704049011",2021-03-16,31.7,20.9,26,37.5,20.9,27.4,22,79.1,8.51,100,8.33,rain,0,0,,15.7,223.8,1009.2,58.8,5.5,248.5,21.4,9,,2021-03-16T05:56:52,2021-03-16T18:05:07,0.04,"Rain, Partially cloudy",Partly cloudy throughout the day with rain.,rain,"96741099999,WIII,96739099999,WIHH,96749099999,96751099999,96745099999,96749599999"
"-6.59117203505968, 106.901704049011",2021-03-17,32,20.6,26.8,36.1,20.6,28.4,21.3,73.3,7.26,100,4.17,rain,0,0,,18.4,216.2,1008.1,46.1,5.6,253.3,21.8,9,,2021-03-17T05:56:46,2021-03-17T18:04:39,0.07,"Rain, Partially cloudy",Becoming cloudy in the afternoon with late afternoon rain.,rain,"96741099999,WIII,96739099999,WIHH,96749099999,96751099999,96745099999,96749599999"
"-6.59117203505968, 106.901704049011",2021-03-18,32.3,20.6,26.8,36.6,20.6,28.6,21.9,75.8,26.84,100,20.83,rain,0,0,,16.6,247.1,1007.9,54.3,5.1,162,14,6,,2021-03-18T05:56:39,2021-03-18T18:04:10,0.11,"Rain, Partially cloudy",Partly cloudy throughout the day with rain.,rain,"96741099999,WIHH,WIII,96739099999,96749099999,96751099999,96749599999,96745099999"
"-6.59117203505968, 106.901704049011",2021-03-19,31.5,20.3,26.5,37.7,20.3,28.5,22.5,79.4,0.92,100,8.33,rain,0,0,,16.6,243.7,1007.6,56.8,6.1,131.9,11.3,6,,2021-03-19T05:56:33,2021-03-19T18:03:42,0.15,"Rain, Partially cloudy",Partly cloudy throughout the day with rain.,rain,"96741099999,WIII,96739099999,WIHH,96749099999,96751099999,96745099999,96749599999"
"-6.59117203505968, 106.901704049011",2021-03-20,33,20.3,26.5,38.1,20.3,28.4,22,77.1,0.33,100,4.17,rain,0,0,,16.8,224.4,1006.4,49.6,6.4,268.3,23.3,9,,2021-03-20T05:56:26,2021-03-20T18:03:13,0.2,"Rain, Partially cloudy",Partly cloudy throughout the day with late afternoon rain.,rain,"96741099999,WIII,96739099999,WIHH,96749099999,96751099999,96745099999,96749599999"
"-6.59117203505968, 106.901704049011",2021-03-21,33,20.7,26.8,39.2,20.7,28.8,22.2,76.9,0,0,0,,0,0,33.5,26.2,282.4,1006.4,48.5,7.3,213.5,18.3,7,,2021-03-21T05:56:19,2021-03-21T18:02:44,0.24,Partially cloudy,Partly cloudy throughout the day.,partly-cloudy-day,"96741099999,WIII,96739099999,WIHH,96749099999,96751099999,96745099999,96749599999"
"-6.59117203505968, 106.901704049011",2021-03-22,33,20.8,27,39.3,20.8,28.8,21.7,73.9,1.15,100,8.33,rain,0,0,35.3,26.1,258.8,1008.3,54.8,7.5,211.9,18.4,8,,2021-03-22T05:56:12,2021-03-22T18:02:15,0.29,"Rain, Partially cloudy",Partly cloudy throughout the day with rain.,rain,"5BZE2,96741099999,WIII,96739099999,WIHH,96749099999,96751099999,96745099999,96749599999"
"-6.59117203505968, 106.901704049011",2021-03-23,33,21,27.1,37.3,21,29,21.8,73.9,0.04,100,4.17,rain,0,0,,28.1,252.7,1008.2,47.7,6.9,225,19.4,8,,2021-03-23T05:56:05,2021-03-23T18:01:46,0.34,"Rain, Partially cloudy",Partly cloudy throughout the day with afternoon rain.,rain,"96741099999,WIII,96739099999,WIHH,96749099999,96751099999,96745099999,96749599999"
"-6.59117203505968, 106.901704049011",2021-03-24,32.3,21.8,26.5,36.1,21.8,27.8,21.6,75.3,2.9,100,12.5,rain,0,0,42.5,27.2,257,1007.7,54.3,7.1,286.9,24.9,10,,2021-03-24T05:55:58,2021-03-24T18:01:18,0.39,"Rain, Partially cloudy",Partly cloudy throughout the day with a chance of rain throughout the day.,rain,"96741099999,WIII,96739099999,WIHH,96749099999,96751099999,96745099999,96749599999"
"-6.59117203505968, 106.901704049011",2021-03-25,32.5,20.7,26.2,37.7,20.7,27.8,21.9,77.9,17.56,100,12.5,rain,0,0,,18.4,253.8,1007.8,51.9,6.5,180.3,15.6,7,,2021-03-25T05:55:51,2021-03-25T18:00:49,0.43,"Rain, Partially cloudy",Partly cloudy throughout the day with rain.,rain,"96741099999,WIII,96739099999,WIHH,96749099999,96751099999,96745099999,96749599999"
"-6.59117203505968, 106.901704049011",2021-03-26,33,20,27,38.4,20,29.3,22.1,75.6,0.05,100,4.17,rain,0,0,,17.4,229.8,1007.4,47.6,6.8,216.2,18.8,8,,2021-03-26T05:55:44,2021-03-26T18:00:20,0.46,"Rain, Partially cloudy",Partly cloudy throughout the day with late afternoon rain.,rain,"96741099999,WIII,96739099999,WIHH,96749099999,96751099999,96745099999,96749599999"
"-6.59117203505968, 106.901704049011",2021-03-27,32,21.4,26.4,37.9,21.4,28.2,22.8,81.5,31.53,100,16.67,rain,0,0,,18.4,208.7,1007.7,53.8,5.5,210.7,18.2,7,,2021-03-27T05:55:36,2021-03-27T17:59:51,0.49,"Rain, Partially cloudy",Partly cloudy throughout the day with rain.,rain,"96741099999,WIII,96739099999,WIHH,96749099999,96751099999,96745099999,96749599999"
"-6.59117203505968, 106.901704049011",2021-03-28,32.7,20.8,27.1,39.8,20.8,29.6,23.4,81.6,1.2,100,16.67,rain,0,0,,17.4,208.7,1007.2,55.9,5.5,92,8,4,,2021-03-28T05:55:29,2021-03-28T17:59:22,0.5,"Rain, Partially cloudy",Partly cloudy throughout the day with rain.,rain,"96741099999,WIII,96739099999,WIHH,96749099999,96751099999,96745099999,96749599999"
"-6.59117203505968, 106.901704049011",2021-03-29,31,21.4,26.9,37.7,21.4,29.8,23.6,82.8,0.33,100,8.33,rain,0,0,,18.4,220.4,1007,60.8,5.6,239.1,20.7,9,,2021-03-29T05:55:22,2021-03-29T17:58:53,0.51,"Rain, Partially cloudy",Partly cloudy throughout the day with rain.,rain,"96741099999,WIII,96739099999,WIHH,96749099999,96751099999,96745099999,96749599999"
"-6.59117203505968, 106.901704049011",2021-03-30,29,21.7,25.8,34.5,21.7,27.6,23.4,86.9,3.06,100,20.83,rain,0,0,,13,186,1006.5,61.1,5.3,142.2,12.2,5,,2021-03-30T05:55:14,2021-03-30T17:58:24,0.53,"Rain, Partially cloudy",Partly cloudy throughout the day with a chance of rain throughout the day.,rain,"96741099999,WIII,96739099999,WIHH,96749099999,96751099999,96745099999,96749599999"
"-6.59117203505968, 106.901704049011",2021-03-31,32.7,20.9,26.4,38.9,20.9,28,23,82.8,35.01,100,16.67,rain,0,0,,24.1,261,1005.7,57.1,6,204,17.6,8,,2021-03-31T05:55:07,2021-03-31T17:57:56,0.55,"Rain, Partially cloudy",Partly cloudy throughout the day with rain.,rain,"96741099999,WIII,96739099999,WIHH,96749099999,96751099999,96745099999,96749599999"
"-6.59117203505968, 106.901704049011",2021-04-01,29.7,21,25.7,33.2,21,27.1,21.9,80,4.84,100,4.17,rain,0,0,,21.2,264.5,1006.5,59.3,6.7,140.6,12.2,5,,2021-04-01T05:55:00,2021-04-01T17:57:27,0.6,"Rain, Partially cloudy",Partly cloudy throughout the day with early morning rain.,rain,"96741099999,WIII,96739099999,WIHH,96749099999,96751099999,96745099999,96749599999"
"-6.59117203505968, 106.901704049011",2021-04-02,32.7,22,27.2,36.3,22,28.9,22,74.1,0.17,100,8.33,rain,0,0,,22.3,186.5,1006.5,58,6.9,132.4,11.4,5,,2021-04-02T05:54:53,2021-04-02T17:56:59,0.65,"Rain, Partially cloudy",Partly cloudy throughout the day with rain.,rain,"96741099999,WIII,96739099999,WIHH,96749099999,96751099999,96745099999,96749599999"
"-6.59117203505968, 106.901704049011",2021-04-03,28,20.7,24.7,31.9,20.7,25.8,22.5,87.6,34.48,100,25,rain,0,0,,18.4,228.4,1007.7,71.4,6.1,162.2,13.9,6,,2021-04-03T05:54:46,2021-04-03T17:56:31,0.7,"Rain, Partially cloudy",Partly cloudy throughout the day with a chance of rain throughout the day.,rain,"96741099999,WIII,96739099999,WIHH,96749099999,96751099999,96745099999"
"-6.59117203505968, 106.901704049011",2021-04-04,30,21.8,26.4,35.5,21.8,28.4,22.9,81.9,3.33,100,8.33,rain,0,0,,11.2,131.5,1007.7,59.4,5.7,182.5,15.7,6,,2021-04-04T05:54:39,2021-04-04T17:56:03,0.76,"Rain, Partially cloudy",Partly cloudy throughout the day with rain.,rain,"96741099999,WIII,96739099999,WIHH,96749099999,96751099999,96745099999,96749599999"
"-6.59117203505968, 106.901704049011",2021-04-05,31,21.7,26.3,35.5,21.7,28.2,22.3,79.3,4.89,100,4.17,rain,0,0,,17.4,238.8,1008.6,58.1,6,154.3,13.5,6,,2021-04-05T05:54:33,2021-04-05T17:55:35,0.81,"Rain, Partially cloudy",Partly cloudy throughout the day with morning rain.,rain,"96741099999,WIII,96739099999,WIHH,96749099999,96751099999,96745099999,96749599999"
"-6.59117203505968, 106.901704049011",2021-04-06,32.7,21.2,26.6,35.8,21.2,27.8,21.6,75.4,0.08,100,4.17,rain,0,0,46.4,34.1,260.8,1008.9,51.1,7,200.3,17.1,7,,2021-04-06T05:54:26,2021-04-06T17:55:08,0.86,"Rain, Partially cloudy",Partly cloudy throughout the day with early morning rain.,rain,"96741099999,WIII,96739099999,WIHH,96749099999,96751099999,96745099999,96749599999"
"-6.59117203505968, 106.901704049011",2021-04-07,30.5,21.2,25.7,35.5,21.2,26.8,21.7,79,11.94,100,16.67,rain,0,0,53.6,29.8,265.1,1008.8,61.5,6.2,229.7,19.8,8,,2021-04-07T05:54:20,2021-04-07T17:54:40,0.91,"Rain, Partially cloudy",Partly cloudy throughout the day with rain.,rain,"96741099999,WIII,96739099999,WIHH,96749099999,96751099999,96745099999,96749599999"
"-6.59117203505968, 106.901704049011",2021-04-08,32.7,21,27.1,37.2,21,28.9,21.5,72.8,1.62,100,8.33,rain,0,0,40.7,21.4,261.9,1007.8,48.7,6.7,278.5,24.2,9,,2021-04-08T05:54:13,2021-04-08T17:54:13,0.94,"Rain, Partially cloudy",Partly cloudy throughout the day with afternoon rain.,rain,"96741099999,WIII,96739099999,WIHH,96749099999,96751099999,96745099999,96749599999"
"-6.59117203505968, 106.901704049011",2021-04-09,32,21.6,27.1,37.5,21.6,29.5,22.7,77.8,0,0,0,,0,0,,16.8,274.2,1008.6,54.8,6,254.5,22,9,,2021-04-09T05:54:07,2021-04-09T17:53:47,0.97,Partially cloudy,Partly cloudy throughout the day.,partly-cloudy-day,"96741099999,WIII,96739099999,WIHH,96749099999,96751099999,96745099999,96749599999"
"-6.59117203505968, 106.901704049011",2021-04-10,32,20.9,26.2,36.8,20.9,28,22.1,79.2,1.33,100,16.67,rain,0,0,,27.7,226.6,1010.2,59.9,6.3,240.9,20.9,9,,2021-04-10T05:54:02,2021-04-10T17:53:20,0.99,"Rain, Partially cloudy",Partly cloudy throughout the day with a chance of rain throughout the day.,rain,"96741099999,WIII,96739099999,WIHH,96749099999,96751099999,96745099999,96749599999"
"-6.59117203505968, 106.901704049011",2021-04-11,32.7,20.1,25.7,38.9,20.1,26.7,21.9,80.3,63.78,100,12.5,rain,0,0,,26.3,212.4,1010.9,56.5,5.4,226.4,19.6,8,,2021-04-11T05:53:56,2021-04-11T17:52:54,1,"Rain, Partially cloudy",Partly cloudy throughout the day with rain.,rain,"96741099999,WIII,96739099999,WIHH,96749099999,96751099999,96745099999,96749599999"
"-6.59117203505968, 106.901704049011",2021-04-12,33,20.2,26.3,38.4,20.2,27.5,21.8,77.7,7.68,100,12.5,rain,0,0,,13.4,194.1,1011.2,54.2,5.6,156.3,13.3,6,,2021-04-12T05:53:51,2021-04-12T17:52:28,0,"Rain, Partially cloudy",Partly cloudy throughout the day with rain.,rain,"96741099999,WIII,96739099999,WIHH,96749099999,96751099999,96745099999,96749599999"
"-6.59117203505968, 106.901704049011",2021-04-13,33,19.8,25.7,37.9,19.8,27,22.5,83.4,17.38,100,25,rain,0,0,35.3,16.6,195.4,1010.8,58.1,5.5,180.7,15.5,7,,2021-04-13T05:53:45,2021-04-13T17:52:03,0.01,"Rain, Partially cloudy",Partly cloudy throughout the day with a chance of rain throughout the day.,rain,"96741099999,WIII,96739099999,WIHH,96749099999,96751099999,96745099999,96749599999"
"-6.59117203505968, 106.901704049011",2021-04-14,32,20.6,25.3,36.7,20.6,26.4,22.5,85.4,21.03,100,16.67,rain,0,0,,22.3,217.5,1010.3,55.6,4.9,138.9,12.2,6,,2021-04-14T05:53:41,2021-04-14T17:51:38,0.03,"Rain, Partially cloudy",Partly cloudy throughout the day with rain.,rain,"96741099999,WIII,96739099999,WIHH,96749099999,96751099999,96745099999,96749599999"
"-6.59117203505968, 106.901704049011",2021-04-15,32,20.5,25,36.8,20.5,26.1,22.3,85.8,23.42,100,20.83,rain,0,0,,19.4,175.9,1010.3,52.1,5.2,131.5,11.5,5,,2021-04-15T05:53:36,2021-04-15T17:51:14,0.05,"Rain, Partially cloudy",Partly cloudy throughout the day with rain.,rain,"96741099999,WIII,96739099999,WIHH,96749099999,96751099999,96745099999,96749599999"
"-6.59117203505968, 106.901704049011",2021-04-16,32,20.7,26.4,36.8,20.7,28.2,22.3,79.7,9.68,100,4.17,rain,0,0,,13.7,152.6,1010.3,53.4,5.8,221.6,19.3,8,,2021-04-16T05:53:32,2021-04-16T17:50:49,0.08,"Rain, Partially cloudy",Partly cloudy throughout the day with afternoon rain.,rain,"5BZE2,96741099999,WIII,96739099999,WIHH,96749099999,96751099999,96745099999,96749599999"
"-6.59117203505968, 106.901704049011",2021-04-17,32,21.2,26.5,38.8,21.2,28.2,23.1,82.5,17.26,100,16.67,rain,0,0,,14.8,200.8,1010.8,57.4,5,226.4,19.5,8,,2021-04-17T05:53:28,2021-04-17T17:50:26,0.12,"Rain, Partially cloudy",Partly cloudy throughout the day with rain.,rain,"96741099999,WIHH,WIII,96739099999,96749099999,96751099999,96745099999,96749599999"
"-6.59117203505968, 106.901704049011",2021-04-18,32,21.7,26.5,37.1,21.7,28.3,22.9,81.2,17.06,100,16.67,rain,0,0,,13.4,208.6,1011.4,61.3,5,275.5,23.7,9,,2021-04-18T05:53:24,2021-04-18T17:50:02,0.16,"Rain, Partially cloudy",Partly cloudy throughout the day with rain.,rain,"96741099999,WIHH,WIII,96739099999,96749099999,96751099999,96745099999,96749599999"
"-6.59117203505968, 106.901704049011",2021-04-19,32.7,20.8,26.9,37.7,20.8,28.9,22.6,78.8,3.48,100,12.5,rain,0,0,,15.6,140.4,1010.2,52.3,4.8,193.1,16.7,7,,2021-04-19T05:53:21,2021-04-19T17:49:40,0.21,"Rain, Partially cloudy",Partly cloudy throughout the day with rain.,rain,"96741099999,WIHH,WIII,96739099999,96749099999,96751099999,96745099999,96749599999"
"-6.59117203505968, 106.901704049011",2021-04-20,32.7,20.8,26.7,37.1,20.8,28.3,22,76.9,3.58,100,8.33,rain,0,0,31.7,25.4,143.1,1010,51.8,5.5,241.4,20.8,8,,2021-04-20T05:53:18,2021-04-20T17:49:17,0.26,"Rain, Partially cloudy",Partly cloudy throughout the day with rain.,rain,"96741099999,WIHH,WIII,96739099999,96749099999,96751099999,96745099999,96749599999"
"-6.59117203505968, 106.901704049011",2021-04-21,33.7,20.1,27.1,37.5,20.1,28.8,21.5,73.1,1.93,100,8.33,rain,0,0,,18.1,140.3,1010.2,44.6,5.8,302.3,26.3,10,,2021-04-21T05:53:15,2021-04-21T17:48:55,0.31,"Rain, Partially cloudy",Partly cloudy throughout the day with late afternoon rain.,rain,"96741099999,WIHH,WIII,96739099999,96749099999,96751099999,96745099999,96749599999"
"-6.59117203505968, 106.901704049011",2021-04-22,33,20.3,27.4,36,20.3,28.7,21.3,70.9,0,0,0,,0,0,,20.3,168.5,1010,44.3,5.9,292.6,25.3,10,,2021-04-22T05:53:13,2021-04-22T17:48:34,0.36,Partially cloudy,Becoming cloudy in the afternoon.,partly-cloudy-day,"5BZE2,96741099999,WIHH,WIII,96739099999,96749099999,96751099999,96745099999,96749599999"
"-6.59117203505968, 106.901704049011",2021-04-23,32.7,20.1,26.6,36.7,20.1,28.1,21.7,76,1.21,100,12.5,rain,0,0,,15.2,176.3,1009.9,47.8,5.3,286.1,24.7,10,,2021-04-23T05:53:11,2021-04-23T17:48:13,0.41,"Rain, Partially cloudy",Partly cloudy throughout the day with rain.,rain,"96741099999,WIHH,WIII,96739099999,96749099999,96751099999,96745099999,96749599999"
"-6.59117203505968, 106.901704049011",2021-04-24,32.7,20.1,27,37.2,20.1,29,21.2,71.7,0.01,100,4.17,rain,0,0,,17.8,160.3,1009.8,43.7,6.2,291.3,25.1,10,,2021-04-24T05:53:10,2021-04-24T17:47:53,0.45,"Rain, Partially cloudy",Becoming cloudy in the afternoon with late afternoon rain.,rain,"96741099999,WIII,96739099999,WIHH,96749099999,96751099999,96745099999,96749599999"
"-6.59117203505968, 106.901704049011",2021-04-25,33,20.3,27.4,38.1,20.3,29.7,21.9,72.8,0,0,0,,0,0,40.7,21.8,140.8,1010.2,45.2,6.4,213.2,18.4,7,,2021-04-25T05:53:09,2021-04-25T17:47:33,0.48,Partially cloudy,Partly cloudy throughout the day.,partly-cloudy-day,"96741099999,WIII,96739099999,WIHH,96749099999,96751099999,96745099999,96749599999"
"-6.59117203505968, 106.901704049011",2021-04-26,33.7,21.4,27.7,38.5,21.4,30.3,22.4,74,0,0,0,,0,0,,24.3,145.2,1009.8,41.2,6.8,267.7,22.9,9,,2021-04-26T05:53:08,2021-04-26T17:47:14,0.5,Partially cloudy,Partly cloudy throughout the day.,partly-cloudy-day,"96741099999,WIII,96739099999,WIHH,96749099999,96751099999,96745099999,96749599999"
"-6.59117203505968, 106.901704049011",2021-04-27,33.7,21.1,27.6,40.2,21.1,30.2,22.5,74.9,0.41,100,4.17,rain,0,0,,23.8,145,1010,46.7,5.9,257.2,22.3,9,,2021-04-27T05:53:08,2021-04-27T17:46:56,0.5,"Rain, Partially cloudy",Partly cloudy throughout the day with late afternoon rain.,rain,"96741099999,WIII,96739099999,WIHH,96749099999,96751099999,96745099999,96749599999"
"-6.59117203505968, 106.901704049011",2021-04-28,32,21.1,26.1,37.9,21.1,27.8,23,83.7,39.22,100,25,rain,0,0,,19,173.7,1011.3,61.9,5.6,157.2,13.7,6,,2021-04-28T05:53:08,2021-04-28T17:46:38,0.52,"Rain, Partially cloudy",Partly cloudy throughout the day with a chance of rain throughout the day.,rain,"96741099999,WIII,96739099999,WIHH,96749099999,96751099999,96745099999,96749599999"
"-6.59117203505968, 106.901704049011",2021-04-29,33,20.5,26.6,37.3,20.5,28.5,22.5,79.8,0.19,100,4.17,rain,0,0,31.7,14.1,179.8,1010.2,52.9,5.8,248.4,21.5,9,,2021-04-29T05:53:08,2021-04-29T17:46:21,0.54,"Rain, Partially cloudy",Partly cloudy throughout the day with late afternoon rain.,rain,"96741099999,WIII,96739099999,WIHH,96749099999,96751099999,96745099999,96749599999"
"-6.59117203505968, 106.901704049011",2021-04-30,32,20.7,26.8,37.9,20.7,29.3,22.9,80,7.98,100,16.67,rain,0,0,,21.8,131.2,1009.8,52.9,5.5,247.3,21.3,9,,2021-04-30T05:53:09,2021-04-30T17:46:04,0.58,"Rain, Partially cloudy",Partly cloudy throughout the day with rain.,rain,"96741099999,WIII,96739099999,WIHH,96749099999,96751099999,96745099999,96749599999"
"-6.59117203505968, 106.901704049011",2021-05-01,33.7,21.2,27.6,39.6,21.2,30.8,23.3,78.7,5.99,100,16.67,rain,0,0,,24.9,105,1009.6,51.1,5.9,146.5,12.6,5,,2021-05-01T05:53:10,2021-05-01T17:45:48,0.63,"Rain, Partially cloudy",Partly cloudy throughout the day with rain.,rain,"96741099999,WIII,96739099999,WIHH,96749099999,96751099999,96745099999,96749599999"
"-6.59117203505968, 106.901704049011",2021-05-02,33,21.3,27.7,40.6,21.3,31.1,23.4,78.2,0.01,100,4.17,rain,0,0,,26.7,106.3,1009.2,48.8,6.4,169.8,14.6,7,,2021-05-02T05:53:12,2021-05-02T17:45:32,0.68,"Rain, Partially cloudy",Partly cloudy throughout the day with early morning rain.,rain,"96741099999,WIII,96739099999,WIHH,96749099999,96751099999,96745099999,96749599999"
"-6.59117203505968, 106.901704049011",2021-05-03,32,21.4,27.5,37.9,21.4,30.4,22.9,77,0,0,0,,0,0,,28.2,90.9,1007.4,52.5,6.6,139.6,12.2,5,,2021-05-03T05:53:15,2021-05-03T17:45:18,0.74,Partially cloudy,Partly cloudy throughout the day.,partly-cloudy-day,"96741099999,WIII,96739099999,WIHH,96749099999,96751099999,96745099999,96749599999"
"-6.59117203505968, 106.901704049011",2021-05-04,33,20.8,27.4,37.9,20.8,29.9,22.6,76.1,0.21,100,4.17,rain,0,0,,14.3,157,1007.1,47.5,6.4,232.3,20.1,8,,2021-05-04T05:53:17,2021-05-04T17:45:03,0.79,"Rain, Partially cloudy",Partly cloudy throughout the day with afternoon rain.,rain,"5BZE2,96741099999,WIII,96739099999,WIHH,96749099999,96751099999,96745099999,96749599999"
"-6.59117203505968, 106.901704049011",2021-05-05,32.3,21.9,27,38.2,21.9,29.7,23.3,81.2,13.77,100,16.67,rain,0,0,,13.9,145.8,1007.5,57.9,5.2,171.2,15,6,,2021-05-05T05:53:20,2021-05-05T17:44:50,0.84,"Rain, Partially cloudy",Partly cloudy throughout the day with rain.,rain,"96741099999,WIII,96739099999,WIHH,96749099999,96751099999,96745099999,96749599999"
"-6.59117203505968, 106.901704049011",2021-05-06,32,21.2,25.9,38.2,21.2,27.4,23.1,85.7,5.06,100,16.67,rain,0,0,,16.6,183.3,1008.9,62.2,5.5,102,8.7,4,,2021-05-06T05:53:24,2021-05-06T17:44:37,0.89,"Rain, Partially cloudy",Partly cloudy throughout the day with rain.,rain,"96741099999,WIII,96739099999,WIHH,96749099999,96751099999,96745099999,96749599999"
"-6.59117203505968, 106.901704049011",2021-05-07,34.5,21,27.2,40.8,21,29.9,23.3,80.4,0.62,100,4.17,rain,0,0,,20.4,148.5,1009.2,52,5.9,193,16.8,8,,2021-05-07T05:53:28,2021-05-07T17:44:25,0.92,"Rain, Partially cloudy",Partly cloudy throughout the day with late afternoon rain.,rain,"96741099999,WIII,96739099999,WIHH,96749099999,96751099999,96745099999,96749599999"
"-6.59117203505968, 106.901704049011",2021-05-08,32.3,21.7,27.2,40.2,21.7,30.4,23.8,82.2,0.5,100,12.5,rain,0,0,,19.4,137.4,1008.6,57.1,5.7,145.8,12.7,5,,2021-05-08T05:53:33,2021-05-08T17:44:14,0.96,"Rain, Partially cloudy",Partly cloudy throughout the day with rain.,rain,"96741099999,WIII,96739099999,WIHH,96749099999,96751099999,96745099999,96749599999"
"-6.59117203505968, 106.901704049011",2021-05-09,33.5,21.6,27.1,39.9,21.6,29.9,23.3,81.1,8.92,100,16.67,rain,0,0,,18.4,132.3,1008.3,59.7,5.7,137.1,11.9,5,,2021-05-09T05:53:37,2021-05-09T17:44:03,0.98,"Rain, Partially cloudy",Partly cloudy throughout the day with rain.,rain,"96741099999,WIII,96739099999,WIHH,96749099999,96751099999,96745099999,96749599999"
"-6.59117203505968, 106.901704049011",2021-05-10,33,21.5,27.6,39.3,21.5,30.5,23.3,78.4,1.26,100,8.33,rain,0,0,,17.9,130.4,1007.9,52.9,5.9,260.2,22.6,9,,2021-05-10T05:53:43,2021-05-10T17:43:53,1,"Rain, Partially cloudy",Partly cloudy throughout the day with rain clearing later.,rain,"96741099999,WIHH,WIII,96739099999,96749099999,96751099999,96749599999,96745099999"
"-6.59117203505968, 106.901704049011",2021-05-11,34,21.5,28.3,40.2,21.5,31.6,22.8,73.3,0,0,0,,0,0,,21,98.5,1007.8,44.5,6.3,250.7,21.6,9,,2021-05-11T05:53:49,2021-05-11T17:43:43,1,Partially cloudy,Partly cloudy throughout the day.,partly-cloudy-day,"96741099999,WIII,96739099999,WIHH,96749099999,96751099999,96745099999,96749599999"
"-6.59117203505968, 106.901704049011",2021-05-12,33,21.5,27.9,39.6,21.5,31.4,23.6,78.6,0,0,0,,0,0,,23.8,139.3,1007.1,51.1,5.8,174.5,15.1,7,,2021-05-12T05:53:55,2021-05-12T17:43:35,0,Partially cloudy,Partly cloudy throughout the day.,partly-cloudy-day,"96741099999,WIII,96739099999,WIHH,96749099999,96751099999,96745099999,96749599999"
"-6.59117203505968, 106.901704049011",2021-05-13,33,21.6,27.8,39.3,21.6,31.2,23,76,1.32,100,4.17,rain,0,0,,20.9,146.3,1006.8,47.4,6,175.3,15,6,,2021-05-13T05:54:02,2021-05-13T17:43:27,0.01,"Rain, Partially cloudy",Partly cloudy throughout the day with afternoon rain.,rain,"96741099999,WIII,96739099999,WIHH,96749099999,96751099999,96745099999,96749599999"
"-6.59117203505968, 106.901704049011",2021-05-14,32.7,21.7,27.6,38.6,21.7,30.3,22.4,73.9,0.01,100,4.17,rain,0,0,,26.7,126,1007.1,55.1,6,168.4,14.5,6,,2021-05-14T05:54:09,2021-05-14T17:43:20,0.03,"Rain, Partially cloudy",Partly cloudy throughout the day with afternoon rain.,rain,"96741099999,WIII,96739099999,WIHH,96749099999,96751099999,96745099999,96749599999"
"-6.59117203505968, 106.901704049011",2021-05-15,33.3,21.8,28,39.6,21.8,31,22.8,74.7,0.11,100,4.17,rain,0,0,,22.3,124.3,1007.6,53.3,6,193.5,16.8,7,,2021-05-15T05:54:16,2021-05-15T17:43:13,0.06,"Rain, Partially cloudy",Partly cloudy throughout the day with afternoon rain.,rain,"96741099999,WIII,96739099999,WIHH,96749099999,96751099999,96745099999,96749599999"
"-6.59117203505968, 106.901704049011",2021-05-16,33.7,22.6,27.8,39.9,22.6,30.5,23,76.7,12.75,100,8.33,rain,0,0,,15.7,164.8,1007.8,54.7,5.9,108.7,9.5,4,,2021-05-16T05:54:24,2021-05-16T17:43:07,0.09,"Rain, Partially cloudy",Partly cloudy throughout the day with rain.,rain,"96741099999,WIII,96739099999,WIHH,96749099999,96751099999,96745099999,96749599999"
"-6.59117203505968, 106.901704049011",2021-05-17,32.7,22,27.5,38.8,22,30.5,23.2,78.5,15.63,100,8.33,rain,0,0,,15.2,132.6,1008.4,55.1,5.3,124.7,11,5,,2021-05-17T05:54:33,2021-05-17T17:43:02,0.14,"Rain, Partially cloudy",Partly cloudy throughout the day with late afternoon rain.,rain,"96741099999,WIII,96739099999,WIHH,96749099999,96751099999,96745099999,96749599999"
"-6.59117203505968, 106.901704049011",2021-05-18,32.2,20,25.9,37.3,20,27.6,22.6,83,20.11,100,12.5,rain,0,0,,16.6,111.4,1008.7,65.5,5.9,123.9,10.8,4,,2021-05-18T05:54:42,2021-05-18T17:42:58,0.18,"Rain, Partially cloudy",Partly cloudy throughout the day with rain clearing later.,rain,"96741099999,WIII,96739099999,WIHH,96749099999,96751099999,96745099999,96749599999"
"-6.59117203505968, 106.901704049011",2021-05-19,33,21.2,27.4,38.3,21.2,30.2,23.1,78.3,0,0,0,,0,0,,12.1,140.2,1008.7,56.2,5.8,182.7,15.7,7,,2021-05-19T05:54:51,2021-05-19T17:42:54,0.23,Partially cloudy,Partly cloudy throughout the day.,partly-cloudy-day,"96741099999,WIII,96739099999,WIHH,96751099999,96749099999,96745099999,96749599999"
"-6.59117203505968, 106.901704049011",2021-05-20,32.7,21.6,27.3,39.2,21.6,29.9,23.1,78.7,0.02,100,8.33,rain,0,0,,24.9,149,1010,56.8,5.6,172.9,14.9,6,,2021-05-20T05:55:00,2021-05-20T17:42:51,0.28,"Rain, Partially cloudy",Partly cloudy throughout the day with late afternoon rain.,rain,"96741099999,WIII,96739099999,WIHH,96749099999,96751099999,96745099999,96749599999"
"-6.59117203505968, 106.901704049011",2021-05-21,33.5,22,26.8,40.2,22,28.9,23.2,81.2,1.69,100,4.17,rain,0,0,,17.9,184.5,1010.2,53.6,5.5,157.9,13.7,6,,2021-05-21T05:55:10,2021-05-21T17:42:49,0.34,"Rain, Partially cloudy",Partly cloudy throughout the day with late afternoon rain.,rain,"96741099999,WIII,96739099999,WIHH,96749099999,96751099999,96745099999,96749599999"
"-6.59117203505968, 106.901704049011",2021-05-22,31.7,21.8,26.7,39.8,21.8,29.4,23.1,81.3,5.15,100,8.33,rain,0,0,33.5,17.4,193.9,1009.5,60.3,5.2,199.4,17.4,7,,2021-05-22T05:55:21,2021-05-22T17:42:47,0.39,"Rain, Partially cloudy",Partly cloudy throughout the day with late afternoon rain.,rain,"5BZE2,96741099999,WIII,96739099999,WIHH,96749099999,96751099999,96745099999,96749599999"
"-6.59117203505968, 106.901704049011",2021-05-23,32,21.2,26.4,37.9,21.2,28.6,23.2,82.9,0,0,0,,0,0,,19.9,138.8,1009.4,57.1,5,71.7,6.3,3,,2021-05-23T05:55:32,2021-05-23T17:42:46,0.44,Partially cloudy,Partly cloudy throughout the day.,partly-cloudy-day,"96741099999,WIII,96739099999,WIHH,96749099999,96751099999,96745099999,96749599999"
"-6.59117203505968, 106.901704049011",2021-05-24,32.7,21.6,27,40.2,21.6,29.8,23.5,82.4,9.67,100,12.5,rain,0,0,,19.8,153.1,1009.9,66.1,4.6,161.3,14.1,6,,2021-05-24T05:55:43,2021-05-24T17:42:46,0.47,"Rain, Partially cloudy",Partly cloudy throughout the day with rain.,rain,"96741099999,WIII,96739099999,WIHH,96749099999,96751099999,96745099999,96749599999"
"-6.59117203505968, 106.901704049011",2021-05-25,33.5,20.7,26.9,40.5,20.7,29,22.8,79.7,4.74,100,8.33,rain,0,0,,16.3,116.4,1009.7,50.9,6.4,130.8,11.5,5,,2021-05-25T05:55:54,2021-05-25T17:42:46,0.49,"Rain, Partially cloudy",Partly cloudy throughout the day with early morning rain.,rain,"5BZE2,96741099999,WIII,96739099999,WIHH,96749099999,96751099999,96745099999,96749599999"
"-6.59117203505968, 106.901704049011",2021-05-26,32.3,21.2,27.7,39.2,21.2,31,22.9,75.8,0,0,0,,0,0,,33.5,89.6,1009.1,32.8,6.9,231.1,19.9,8,,2021-05-26T05:56:06,2021-05-26T17:42:47,0.5,Partially cloudy,Partly cloudy throughout the day.,partly-cloudy-day,"96741099999,WIII,96739099999,WIHH,96749099999,96751099999,96745099999,96749599999"
"-6.59117203505968, 106.901704049011",2021-05-27,33.7,23,28.3,40.6,23,31.9,23.1,73.9,0.43,100,8.33,rain,0,0,,27.2,86.5,1009.6,43.1,7.1,229.1,19.7,8,,2021-05-27T05:56:18,2021-05-27T17:42:49,0.51,"Rain, Partially cloudy",Partly cloudy throughout the day with rain.,rain,"5BZE2,96741099999,WIII,96739099999,WIHH,96749099999,96751099999,96745099999,96749599999"
"-6.59117203505968, 106.901704049011",2021-05-28,33.7,21.6,27.6,40.6,21.6,30.8,23.3,78.3,1.76,100,8.33,rain,0,0,,16.8,103.1,1010.4,44.5,6.3,205.6,17.6,8,,2021-05-28T05:56:30,2021-05-28T17:42:51,0.53,"Rain, Partially cloudy",Partly cloudy throughout the day with rain.,rain,"96741099999,WIII,96739099999,WIHH,96749099999,96751099999,96745099999,96749599999"
"-6.59117203505968, 106.901704049011",2021-05-29,29.7,21.3,25.2,35.5,21.3,26.5,23.1,88.5,20.25,100,16.67,rain,0,0,,24.1,229.2,1010.8,68.4,5.6,141.6,12.2,6,,2021-05-29T05:56:43,2021-05-29T17:42:54,0.56,"Rain, Partially cloudy",Partly cloudy throughout the day with rain.,rain,"96741099999,WIII,96739099999,WIHH,96749099999,96751099999,96745099999,96749599999"
"-6.59117203505968, 106.901704049011",2021-05-30,32.7,20.7,26.7,38.3,20.7,29.1,23.4,83.4,3.78,100,8.33,rain,0,0,,17.9,137.9,1008.8,57.6,6,206.2,17.8,7,,2021-05-30T05:56:55,2021-05-30T17:42:58,0.61,"Rain, Partially cloudy",Partly cloudy throughout the day with rain.,rain,"96741099999,WIII,96739099999,WIHH,96749099999,96751099999,96745099999,96749599999"
"-6.59117203505968, 106.901704049011",2021-05-31,32.7,21.6,27.2,39.8,21.6,29.9,23.5,81.7,2.99,100,12.5,rain,0,0,,11.2,199.5,1008.2,58,5.8,141.5,12.2,5,,2021-05-31T05:57:09,2021-05-31T17:43:02,0.66,"Rain, Partially cloudy",Partly cloudy throughout the day with rain.,rain,"96741099999,WIII,96739099999,WIHH,96749099999,96751099999,96745099999,96749599999"
"-6.59117203505968, 106.901704049011",2021-06-01,32.7,21.7,26.8,39.2,21.7,29,23.5,82.9,1.31,100,8.33,rain,0,0,,14.3,192.8,1008.5,57.2,5.1,216.8,18.8,8,,2021-06-01T05:57:22,2021-06-01T17:43:07,0.71,"Rain, Partially cloudy",Partly cloudy throughout the day with late afternoon rain.,rain,"96741099999,WIII,96739099999,WIHH,96749099999,96751099999,96745099999,96749599999"
"-6.59117203505968, 106.901704049011",2021-06-02,32.7,21.2,26.7,38.8,21.2,29.2,23.4,83,24.6,100,12.5,rain,0,0,,13.9,144.6,1008.9,53.9,5.5,226.8,19.6,8,,2021-06-02T05:57:35,2021-06-02T17:43:12,0.76,"Rain, Partially cloudy",Partly cloudy throughout the day with rain.,rain,"96741099999,WIII,96739099999,WIHH,96749099999,96751099999,96745099999,96749599999"
"-6.59117203505968, 106.901704049011",2021-06-03,33,21.3,27.5,41,21.3,30.8,23.9,81.8,0.48,100,8.33,rain,0,0,,15.7,121.3,1009.3,54.2,5.6,200.9,17.4,7,,2021-06-03T05:57:49,2021-06-03T17:43:18,0.81,"Rain, Partially cloudy",Partly cloudy throughout the day with rain.,rain,"96741099999,WIII,96739099999,WIHH,96749099999,96751099999,96745099999,96749599999"
"-6.59117203505968, 106.901704049011",2021-06-04,33.7,22.5,27.5,40.6,22.5,31.2,24.2,82.9,0.34,100,8.33,rain,0,0,50,24.1,145.7,1009.7,64.6,5.3,176.8,15.3,7,,2021-06-04T05:58:03,2021-06-04T17:43:25,0.86,"Rain, Partially cloudy",Partly cloudy throughout the day with rain.,rain,"96741099999,WIII,96739099999,WIHH,96749099999,96751099999,96745099999,96749599999"
"-6.59117203505968, 106.901704049011",2021-06-05,32.7,20.9,27.4,40.2,20.9,30.5,23.4,79.8,0,0,0,,0,0,,14.4,175.9,1010.1,52,5.8,233.7,20.1,9,,2021-06-05T05:58:17,2021-06-05T17:43:32,0.9,Partially cloudy,Partly cloudy throughout the day.,partly-cloudy-day,"96741099999,WIII,96739099999,WIHH,96749099999,96751099999,96745099999,96749599999"
"-6.59117203505968, 106.901704049011",2021-06-06,32.7,21.5,27,38.9,21.5,29,23,80.4,7.37,100,12.5,rain,0,0,,16.9,233.7,1010.4,59.3,5.2,215.6,18.8,8,,2021-06-06T05:58:31,2021-06-06T17:43:40,0.94,"Rain, Partially cloudy",Partly cloudy throughout the day with rain.,rain,"96741099999,WIII,96739099999,WIHH,96749099999,96751099999,96745099999,96749599999"
"-6.59117203505968, 106.901704049011",2021-06-07,32.7,20.5,26.9,39.5,20.5,29.4,22.9,79.6,0.06,100,8.33,rain,0,0,,16.6,169.6,1010.6,48.6,5.8,208.3,17.9,8,,2021-06-07T05:58:45,2021-06-07T17:43:48,0.97,"Rain, Partially cloudy",Partly cloudy throughout the day with rain.,rain,"96741099999,WIII,96739099999,WIHH,96749099999,96751099999,96745099999,96749599999"
"-6.59117203505968, 106.901704049011",2021-06-08,32,20.6,27.1,39.8,20.6,30,23.1,79.3,0,0,0,,0,0,,15.7,230,1010.2,51.9,6,219.2,19,8,,2021-06-08T05:58:59,2021-06-08T17:43:56,0.99,Partially cloudy,Partly cloudy throughout the day.,partly-cloudy-day,"96741099999,WIII,96739099999,WIHH,96749099999,96751099999,96745099999,96749599999"
"-6.59117203505968, 106.901704049011",2021-06-09,31.3,21.1,26.6,38.4,21.1,28.8,23.2,82.2,0.44,100,8.33,rain,0,0,,22.6,181.2,1009.4,53.7,5.6,240.8,20.8,8,,2021-06-09T05:59:14,2021-06-09T17:44:05,1,"Rain, Partially cloudy",Partly cloudy throughout the day with rain.,rain,"96741099999,WIII,96739099999,WIHH,96749099999,96751099999,96745099999,96749599999"
"-6.59117203505968, 106.901704049011",2021-06-10,32.7,21.9,27.1,39.8,21.9,29.2,22.9,78.9,2.12,100,4.17,rain,0,0,,17.4,155.4,1008.3,53.9,5.1,219.7,19.1,8,,2021-06-10T05:59:28,2021-06-10T17:44:15,0,"Rain, Partially cloudy",Partly cloudy throughout the day with late afternoon rain.,rain,"96741099999,WIII,96739099999,WIHH,96749099999,96751099999,96745099999,96749599999"
"-6.59117203505968, 106.901704049011",2021-06-11,32,20.7,26.4,38.8,20.7,28.6,23,81.9,15.69,100,16.67,rain,0,0,,27.1,213.1,1008.9,56.5,5.1,118.1,10.1,6,,2021-06-11T05:59:43,2021-06-11T17:44:25,0.01,"Rain, Partially cloudy",Partly cloudy throughout the day with rain.,rain,"96741099999,WIII,96739099999,WIHH,96749099999,96751099999,96745099999,96749599999"
"-6.59117203505968, 106.901704049011",2021-06-12,33.7,20.3,27,39.3,20.3,29.4,22.8,79.3,25.8,100,16.67,rain,0,0,,18.3,148.2,1009.5,48.2,6,181.3,15.7,7,,2021-06-12T05:59:57,2021-06-12T17:44:35,0.02,"Rain, Partially cloudy",Partly cloudy throughout the day with rain.,rain,"96741099999,WIII,96739099999,WIHH,96749099999,96751099999,96745099999,96749599999"
"-6.59117203505968, 106.901704049011",2021-06-13,33.7,20.8,27.4,40.2,20.8,30.3,23.3,79.6,2.04,100,16.67,rain,0,0,37.1,22.5,152.1,1010.1,49.8,5.7,87.4,7.5,4,,2021-06-13T06:00:11,2021-06-13T17:44:46,0.04,"Rain, Partially cloudy",Partly cloudy throughout the day with a chance of rain throughout the day.,rain,"96741099999,WIII,96739099999,WIHH,96749099999,96751099999,96745099999,96749599999"
"-6.59117203505968, 106.901704049011",2021-06-14,32,20.9,26.6,37.4,20.9,28.5,22.4,78.5,0,0,0,,0,0,,20.8,110.9,1009.6,52.9,5.9,140.6,12.2,5,,2021-06-14T06:00:26,2021-06-14T17:44:57,0.08,Partially cloudy,Partly cloudy throughout the day.,partly-cloudy-day,"96741099999,WIII,96739099999,WIHH,96749099999,96751099999,96745099999,96749599999"
"-6.59117203505968, 106.901704049011",2021-06-15,32.7,20.8,25.9,38,20.8,27,22.5,82.7,6.7,100,12.5,rain,0,0,,23.8,137.3,1009.6,57.3,5.5,219.4,19,8,,2021-06-15T06:00:40,2021-06-15T17:45:08,0.12,"Rain, Partially cloudy",Partly cloudy throughout the day with rain.,rain,"96741099999,WIII,96739099999,WIHH,96749099999,96751099999,96745099999,96749599999"
"-6.59117203505968, 106.901704049011",2021-06-16,32,20.1,25.7,37.9,20.1,27,22.7,84.1,5.37,100,12.5,rain,0,0,,18.9,155.1,1010.3,53.9,5.5,186.3,15.9,7,,2021-06-16T06:00:54,2021-06-16T17:45:20,0.16,"Rain, Partially cloudy",Partly cloudy throughout the day with rain.,rain,"96741099999,WIII,96739099999,WIHH,96749099999,96751099999,96745099999,96749599999"
"-6.59117203505968, 106.901704049011",2021-06-17,31,20.4,25.7,37.4,20.4,27,23.2,86.6,4.99,100,20.83,rain,0,0,,18.1,169.8,1011.5,58.7,4.9,74.1,6.3,2,,2021-06-17T06:01:08,2021-06-17T17:45:32,0.21,"Rain, Partially cloudy",Partly cloudy throughout the day with rain.,rain,"96741099999,WIII,96739099999,WIHH,96749099999,96751099999,96745099999,96749599999"
"-6.59117203505968, 106.901704049011",2021-06-18,30.7,20.7,25.3,35.4,20.7,26.4,22.6,85.9,15.03,100,16.67,rain,0,0,,18.4,139.2,1011.4,56.3,5.1,159.4,13.9,6,,2021-06-18T06:01:22,2021-06-18T17:45:45,0.27,"Rain, Partially cloudy",Partly cloudy throughout the day with rain.,rain,"96741099999,WIII,96739099999,WIHH,96749099999,96751099999,96745099999,96749599999"
"-6.59117203505968, 106.901704049011",2021-06-19,27,20.4,24.3,30.5,20.4,24.6,23,92.2,3.69,100,12.5,rain,0,0,,9.4,155,1011.4,64.4,4.1,95.3,8.1,3,,2021-06-19T06:01:35,2021-06-19T17:45:57,0.32,"Rain, Partially cloudy",Partly cloudy throughout the day with rain in the morning and afternoon.,rain,"5BZE2,96741099999,WIII,96739099999,WIHH,96749099999,96751099999,96745099999,96749599999"
"-6.59117203505968, 106.901704049011",2021-06-20,31,19.9,24.7,36.5,19.9,25.6,22.2,86.7,29.56,100,16.67,rain,0,0,37.1,21.4,162.1,1010.9,58.4,4.9,101.7,8.9,3,,2021-06-20T06:01:49,2021-06-20T17:46:10,0.38,"Rain, Partially cloudy",Partly cloudy throughout the day with rain.,rain,"5BZE2,96741099999,WIII,96739099999,WIHH,96749099999,96751099999,96745099999,96749599999"
"-6.59117203505968, 106.901704049011",2021-06-21,30.7,19.3,24.1,35.8,19.3,24.6,22.1,89.2,24.09,100,20.83,rain,0,0,,18.2,210.5,1010.8,60.8,5.4,136.7,11.8,5,,2021-06-21T06:02:02,2021-06-21T17:46:23,0.42,"Rain, Partially cloudy",Partly cloudy throughout the day with rain.,rain,"5BZE2,96741099999,WIII,96739099999,WIHH,96749099999,96751099999,96745099999,96749599999"
"-6.59117203505968, 106.901704049011",2021-06-22,31.5,19.7,25.8,35.4,19.7,27.1,21.8,79.5,25.09,100,12.5,rain,0,0,,14.4,154.5,1010.4,49.7,5.9,169.7,14.6,7,,2021-06-22T06:02:15,2021-06-22T17:46:36,0.46,"Rain, Partially cloudy",Partly cloudy throughout the day with rain.,rain,"96741099999,WIII,96739099999,WIHH,96749099999,96751099999,96745099999,96749599999"
"-6.59117203505968, 106.901704049011",2021-06-23,30,20.4,25.5,34.8,20.4,26.9,22.6,84.8,21.78,100,16.67,rain,0,0,,14.3,183.1,1011.1,62.8,5.2,128.8,11.2,5,,2021-06-23T06:02:28,2021-06-23T17:46:50,0.49,"Rain, Partially cloudy",Partly cloudy throughout the day with rain.,rain,"96741099999,WIII,96739099999,WIHH,96749099999,96751099999,96745099999,96749599999"
"-6.59117203505968, 106.901704049011",2021-06-24,30.7,20.3,25.2,35.1,20.3,26.5,22.5,85.3,0.21,100,12.5,rain,0,0,,13.8,143.5,1010.5,57.9,5,57.3,4.9,2,,2021-06-24T06:02:40,2021-06-24T17:47:03,0.5,"Rain, Partially cloudy",Partly cloudy throughout the day with rain.,rain,"96741099999,WIII,96739099999,WIHH,96749099999,96751099999,96745099999,96749599999"
"-6.59117203505968, 106.901704049011",2021-06-25,32.5,20.1,26.4,37,20.1,28.5,22.8,81.9,0.81,100,4.17,rain,0,0,,18.9,143.7,1009.8,49.9,5.8,214.2,18.7,8,,2021-06-25T06:02:52,2021-06-25T17:47:17,0.51,"Rain, Partially cloudy",Partly cloudy throughout the day with afternoon rain.,rain,"96741099999,WIII,96739099999,WIHH,96749099999,96751099999,96745099999,96749599999"
"-6.59117203505968, 106.901704049011",2021-06-26,32,20.8,26.7,36.8,20.8,28.6,22.3,78.2,4.84,100,4.17,rain,0,0,,20.5,160.8,1010.3,49.4,6.3,134.6,11.5,5,,2021-06-26T06:03:04,2021-06-26T17:47:30,0.53,"Rain, Partially cloudy",Partly cloudy throughout the day with afternoon rain.,rain,"96741099999,WIII,96739099999,WIHH,96749099999,96751099999,96745099999,96749599999"
"-6.59117203505968, 106.901704049011",2021-06-27,32,20.4,26.1,38.8,20.4,27.7,22.9,83.5,3.67,100,8.33,rain,0,0,,29.6,207.2,1010.5,53,5.3,99,8.6,4,,2021-06-27T06:03:15,2021-06-27T17:47:44,0.55,"Rain, Partially cloudy",Partly cloudy throughout the day with late afternoon rain.,rain,"96741099999,WIII,96739099999,WIHH,96749099999,96751099999,96745099999,96749599999"
"-6.59117203505968, 106.901704049011",2021-06-28,31,20.5,26.3,36.5,20.5,28.2,22.8,81.9,0,0,0,,0,0,,15.2,117.4,1010.4,54.8,5.3,97.7,8.5,3,,2021-06-28T06:03:26,2021-06-28T17:47:58,0.59,Partially cloudy,Partly cloudy throughout the day.,partly-cloudy-day,"96741099999,WIII,96739099999,WIHH,96749099999,96751099999,96745099999,96749599999"
"-6.59117203505968, 106.901704049011",2021-06-29,31.7,20.5,26,36.6,20.5,27.5,22.1,80.2,3.52,100,8.33,rain,0,0,,18.4,220.4,1010.1,51.3,5.5,106.4,9.1,4,,2021-06-29T06:03:37,2021-06-29T17:48:12,0.64,"Rain, Partially cloudy",Partly cloudy throughout the day with rain.,rain,"96741099999,WIII,96739099999,WIHH,96749099999,96751099999,96745099999,96749599999"
"-6.59117203505968, 106.901704049011",2021-06-30,30.5,20,25.6,35.1,20,27,22.4,83.3,0.62,100,16.67,rain,0,0,,16.3,193.8,1010.7,61.3,5.6,160.8,14,5,,2021-06-30T06:03:47,2021-06-30T17:48:26,0.69,"Rain, Partially cloudy",Partly cloudy throughout the day with a chance of rain throughout the day.,rain,"96741099999,WIII,96739099999,WIHH,96749099999,96751099999,96745099999,96749599999"
"-6.59117203505968, 106.901704049011",2021-07-01,30.7,20.7,25.1,35.9,20.7,26,22.6,86.3,17.06,100,20.83,rain,0,0,,28.5,118.1,1010.6,64.8,5,139.2,11.7,5,,2021-07-01T06:03:57,2021-07-01T17:48:39,0.74,"Rain, Partially cloudy",Partly cloudy throughout the day with a chance of rain throughout the day.,rain,"96741099999,WIII,96739099999,WIHH,96749099999,96751099999,96745099999,96749599999"
"-6.59117203505968, 106.901704049011",2021-07-02,32.7,19.5,26.8,37.9,19.5,28.8,21.9,76.2,0,0,0,,0,0,,24.1,105.9,1009.1,47.3,6.5,233.2,20.3,8,,2021-07-02T06:04:06,2021-07-02T17:48:53,0.78,Partially cloudy,Partly cloudy throughout the day.,partly-cloudy-day,"96741099999,WIII,96739099999,WIHH,96749099999,96751099999,96745099999,96749599999"
"-6.59117203505968, 106.901704049011",2021-07-03,33,20,26.8,35.4,20,28.3,21.3,73.3,0,0,0,,0,0,,23.1,148.1,1009.5,43.4,6,232.4,20.2,8,,2021-07-03T06:04:15,2021-07-03T17:49:07,0.83,Partially cloudy,Partly cloudy throughout the day.,partly-cloudy-day,"96741099999,WIII,96739099999,WIHH,96749099999,96751099999,96745099999,96749599999"
"-6.59117203505968, 106.901704049011",2021-07-04,33.5,19.6,27,36.5,19.6,28.5,21.4,73.2,0,0,0,,0,0,,14.8,197.5,1009.4,44.8,5.6,221.7,19.1,8,,2021-07-04T06:04:23,2021-07-04T17:49:20,0.88,Partially cloudy,Becoming cloudy in the afternoon.,partly-cloudy-day,"96741099999,WIII,96739099999,WIHH,96749099999,96751099999,96745099999,96749599999"
"-6.59117203505968, 106.901704049011",2021-07-05,32.5,20.6,26.9,38.5,20.6,29.2,22.5,77.5,1.06,100,4.17,rain,0,0,,15.3,164.1,1008.4,51.2,5.1,249.4,21.7,9,,2021-07-05T06:04:30,2021-07-05T17:49:34,0.91,"Rain, Partially cloudy",Becoming cloudy in the afternoon with late afternoon rain.,rain,"96741099999,WIII,96739099999,WIHH,96749099999,96751099999,96745099999,96749599999"
"-6.59117203505968, 106.901704049011",2021-07-06,32,20,26.8,35.7,20,28.4,21.2,72.5,0.01,100,4.17,rain,0,0,,17.4,170.8,1008.3,50.4,6.1,250.2,21.7,9,,2021-07-06T06:04:38,2021-07-06T17:49:47,0.95,"Rain, Partially cloudy",Partly cloudy throughout the day with early morning rain.,rain,"96741099999,WIII,96739099999,WIHH,96749099999,96751099999,96745099999,96749599999"
"-6.59117203505968, 106.901704049011",2021-07-07,32.7,19.8,26.5,38.2,19.8,28,21,73.2,0,0,0,,0,0,,17.9,131.2,1008.8,47.5,5.9,258,22.3,9,,2021-07-07T06:04:44,2021-07-07T17:50:00,0.97,Partially cloudy,Partly cloudy throughout the day.,partly-cloudy-day,"96741099999,WIII,96739099999,WIHH,96749099999,96751099999,96745099999,96749599999"
"-6.59117203505968, 106.901704049011",2021-07-08,32.7,19.5,26.6,35.2,19.5,27.8,20.3,70.3,0,0,0,,0,0,,18.4,125.6,1009.1,45.9,5.6,218.8,19.1,8,,2021-07-08T06:04:50,2021-07-08T17:50:13,0.99,Partially cloudy,Partly cloudy throughout the day.,partly-cloudy-day,"96741099999,WIII,96739099999,WIHH,96749099999,96751099999,96745099999,96749599999"
"-6.59117203505968, 106.901704049011",2021-07-09,33.7,20.8,27.2,37.1,20.8,29.1,21.5,72.2,2.26,100,8.33,rain,0,0,,17.6,129.4,1008,49.2,5.7,178.1,15.5,6,,2021-07-09T06:04:56,2021-07-09T17:50:26,1,"Rain, Partially cloudy",Partly cloudy throughout the day with rain.,rain,"96741099999,WIII,96739099999,WIHH,96749099999,96751099999,96745099999,96749599999"
"-6.59117203505968, 106.901704049011",2021-07-10,32,21,27.1,38.8,21,30.3,23.1,79.2,0.01,100,4.17,rain,0,0,35.3,26.3,100.2,1007.5,53.6,6.2,196.4,17.1,7,,2021-07-10T06:05:00,2021-07-10T17:50:38,0,"Rain, Partially cloudy",Partly cloudy throughout the day with morning rain.,rain,"96741099999,WIII,96739099999,WIHH,96749099999,96751099999,96745099999,96749599999"
"-6.59117203505968, 106.901704049011",2021-07-11,32.3,21.2,27.1,37.4,21.2,29.6,22.4,76.4,1.17,100,12.5,rain,0,0,,27.5,93.5,1008.7,51.1,6.5,142.4,12.4,6,,2021-07-11T06:05:05,2021-07-11T17:50:50,0.01,"Rain, Partially cloudy",Partly cloudy throughout the day with rain.,rain,"96741099999,WIII,96739099999,WIHH,96749099999,96751099999,96745099999,96749599999"
"-6.59117203505968, 106.901704049011",2021-07-12,33,21.2,27.2,36.3,21.2,28.7,21.1,70.8,0,0,0,,0,0,37.1,28.1,122.6,1009.2,47.6,6.8,255.5,22.1,9,,2021-07-12T06:05:08,2021-07-12T17:51:02,0.03,Partially cloudy,Partly cloudy throughout the day.,partly-cloudy-day,"96741099999,WIII,96739099999,WIHH,96749099999,96751099999,96745099999,96749599999"
"-6.59117203505968, 106.901704049011",2021-07-13,31,20.1,25.6,35.7,20.1,26.9,21.5,78.9,0,0,0,,0,0,,14.3,260.4,1009.2,48.5,5.2,216.2,18.6,8,,2021-07-13T06:05:11,2021-07-13T17:51:14,0.06,Partially cloudy,Becoming cloudy in the afternoon.,partly-cloudy-day,"96741099999,WIHH,WIII,96739099999,96749099999,96751099999,96749599999,96745099999"
"-6.59117203505968, 106.901704049011",2021-07-14,31.5,20.2,26,34.7,20.2,26.9,21,75.2,0,0,0,,0,0,,14.8,179.8,1009.3,59.7,5.8,123.7,10.8,4,,2021-07-14T06:05:13,2021-07-14T17:51:26,0.1,Partially cloudy,Partly cloudy throughout the day.,partly-cloudy-day,"96741099999,WIII,96739099999,WIHH,96749099999,96751099999,96745099999,96749599999"
"-6.59117203505968, 106.901704049011",2021-07-15,32.5,19.7,26.5,35.5,19.7,28.1,21,72.9,0,0,0,,0,0,,15.2,225.6,1009.4,50.2,5.2,240.9,20.9,8,,2021-07-15T06:05:15,2021-07-15T17:51:37,0.14,Partially cloudy,Partly cloudy throughout the day.,partly-cloudy-day,"96741099999,WIII,96739099999,WIHH,96749099999,96751099999,96745099999,96749599999"
"-6.59117203505968, 106.901704049011",2021-07-16,32.7,19.1,26.6,34.7,19.1,27.6,20.4,70.8,0,0,0,,0,0,,22.8,137.2,1010.2,41.2,5.7,237.4,20.7,9,,2021-07-16T06:05:16,2021-07-16T17:51:47,0.2,Partially cloudy,Partly cloudy throughout the day.,partly-cloudy-day,"96741099999,WIII,96739099999,WIHH,96749099999,96751099999,96745099999,96749599999"
"-6.59117203505968, 106.901704049011",2021-07-17,33.7,19.3,26.9,36,19.3,28.4,20.5,69.2,0,0,0,,0,0,,22.3,147,1010,44.7,6.2,255.3,22.1,9,,2021-07-17T06:05:16,2021-07-17T17:51:58,0.25,Partially cloudy,Partly cloudy throughout the day.,partly-cloudy-day,"96741099999,WIII,96739099999,WIHH,96749099999,96751099999,96745099999,96749599999"
"-6.59117203505968, 106.901704049011",2021-07-18,34.2,20.2,27.1,38.1,20.2,28.7,20.9,70.5,0,0,0,,0,0,,20.3,194.5,1008.7,43.6,5.8,247.7,21.3,9,,2021-07-18T06:05:15,2021-07-18T17:52:08,0.31,Partially cloudy,Becoming cloudy in the afternoon.,partly-cloudy-day,"96741099999,WIII,96739099999,WIHH,96749099999,96751099999,96745099999,96749599999"
"-6.59117203505968, 106.901704049011",2021-07-19,32,21,26.7,36.1,21,28.6,22.4,78.2,3.49,100,16.67,rain,0,0,,13.4,133.3,1009.5,47.7,4.6,186.1,16.1,7,,2021-07-19T06:05:14,2021-07-19T17:52:18,0.37,"Rain, Partially cloudy",Partly cloudy throughout the day with rain.,rain,"96741099999,WIII,96739099999,WIHH,96749099999,96751099999,96745099999,96749599999"
"-6.59117203505968, 106.901704049011",2021-07-20,32.7,20.3,26.4,37.7,20.3,28.4,22.7,81.5,2.14,100,12.5,rain,0,0,,15,182.5,1010.8,51.2,4.9,226.1,19.6,8,,2021-07-20T06:05:12,2021-07-20T17:52:27,0.41,"Rain, Partially cloudy",Partly cloudy throughout the day with rain.,rain,"96741099999,WIII,96739099999,WIHH,96749099999,96751099999,96745099999,96749599999"
"-6.59117203505968, 106.901704049011",2021-07-21,32,20.5,26.8,36.1,20.5,28.6,22.6,79.1,1.17,100,8.33,rain,0,0,,18.4,207.8,1011.3,62.5,5.6,159.3,13.9,6,,2021-07-21T06:05:10,2021-07-21T17:52:36,0.45,"Rain, Partially cloudy",Partly cloudy throughout the day with rain.,rain,"96741099999,WIII,96739099999,WIHH,96749099999,96751099999,96745099999,96749599999"
"-6.59117203505968, 106.901704049011",2021-07-22,31.7,20.7,26.7,37.5,20.7,28.8,22.6,79.4,0.52,100,4.17,rain,0,0,,16.6,131.4,1009.9,59.6,5.4,132,11.4,5,,2021-07-22T06:05:06,2021-07-22T17:52:44,0.48,"Rain, Partially cloudy",Partly cloudy throughout the day with early morning rain.,rain,"96741099999,WIII,96739099999,WIHH,96749099999,96751099999,96745099999,96749599999"
"-6.59117203505968, 106.901704049011",2021-07-23,31,20.8,25.8,35.8,20.8,27.1,22.6,83.6,20.66,100,25,rain,0,0,,16.3,197.4,1010.3,66.4,4.8,192.4,16.6,7,,2021-07-23T06:05:02,2021-07-23T17:52:52,0.5,"Rain, Partially cloudy",Partly cloudy throughout the day with a chance of rain throughout the day.,rain,"96741099999,WIII,96739099999,WIHH,96749099999,96751099999,96745099999,96749599999"
"-6.59117203505968, 106.901704049011",2021-07-24,31,20.2,25.4,35.1,20.2,26.5,22.6,85.1,15.72,100,16.67,rain,0,0,,24.5,202.2,1010.9,49.4,4.8,186.3,16.2,7,,2021-07-24T06:04:57,2021-07-24T17:53:00,0.5,"Rain, Partially cloudy",Partly cloudy throughout the day with rain.,rain,"96741099999,WIII,96739099999,WIHH,96749099999,96751099999,96745099999,96749599999"
"-6.59117203505968, 106.901704049011",2021-07-25,33.7,19.8,26.2,35.5,19.8,27,20.5,73.3,0,0,0,,0,0,,22.3,120.4,1010.4,28.9,5.8,269.3,23.4,9,,2021-07-25T06:04:52,2021-07-25T17:53:07,0.52,Partially cloudy,Partly cloudy throughout the day.,partly-cloudy-day,"96741099999,WIII,96739099999,WIHH,96749099999,96751099999,96745099999,96749599999"
"-6.59117203505968, 106.901704049011",2021-07-26,33,18.6,26.4,34.5,18.6,27,19.3,67.2,0,0,0,,0,0,,27.2,139.4,1010.2,38.2,6.5,274.9,23.7,9,,2021-07-26T06:04:45,2021-07-26T17:53:14,0.54,Partially cloudy,Partly cloudy throughout the day.,partly-cloudy-day,"96741099999,WIII,96739099999,WIHH,96749099999,96751099999,96745099999,96749599999"
"-6.59117203505968, 106.901704049011",2021-07-27,33.5,18.7,26.1,33.9,18.7,26.4,18.4,65.6,0,0,0,,0,0,,21.2,170.3,1010.1,29.9,6.1,274.7,23.6,9,,2021-07-27T06:04:38,2021-07-27T17:53:20,0.57,Partially cloudy,Partly cloudy throughout the day.,partly-cloudy-day,"96741099999,WIII,96739099999,WIHH,96749099999,96751099999,96745099999,96749599999"
"-6.59117203505968, 106.901704049011",2021-07-28,33.5,18.9,26.4,34.4,18.9,26.9,18.8,65.6,0,0,0,,0,0,,21.2,185.5,1010.3,32.2,5.9,268.7,23.2,9,,2021-07-28T06:04:30,2021-07-28T17:53:26,0.61,Partially cloudy,Partly cloudy throughout the day.,partly-cloudy-day,"96741099999,WIII,96739099999,WIHH,96749099999,96751099999,96745099999,96749599999"
"-6.59117203505968, 106.901704049011",2021-07-29,33.5,19.2,26.7,36.1,19.2,27.9,20,68.3,0,0,0,,0,0,,13.4,226.4,1010.9,45.8,5.8,248.8,21.5,9,,2021-07-29T06:04:22,2021-07-29T17:53:31,0.66,Partially cloudy,Partly cloudy throughout the day.,partly-cloudy-day,"96741099999,WIII,96739099999,WIHH,96749099999,96751099999,96745099999,96749599999"
"-6.59117203505968, 106.901704049011",2021-07-30,33.5,19.9,27.4,37.7,19.9,29.2,21.5,71.8,0,0,0,,0,0,,14.8,158.4,1011.2,48.5,5.7,255.7,22,9,,2021-07-30T06:04:12,2021-07-30T17:53:36,0.7,Partially cloudy,Partly cloudy throughout the day.,partly-cloudy-day,"96741099999,WIII,96739099999,WIHH,96749099999,96751099999,96745099999,96749599999"
"-6.59117203505968, 106.901704049011",2021-07-31,31.8,21.5,27,36.1,21.5,29.2,22.3,76.3,20.64,100,12.5,rain,0,0,,18.4,201.6,1011.1,53.4,5,179,15.5,7,,2021-07-31T06:04:02,2021-07-31T17:53:41,0.75,"Rain, Partially cloudy",Partly cloudy throughout the day with rain.,rain,"96741099999,WIII,96739099999,WIHH,96749099999,96751099999,96745099999,96749599999"
"-6.59117203505968, 106.901704049011",2021-08-01,31.7,20.5,25.9,36.4,20.5,27.2,22.3,82.2,44.79,100,20.83,rain,0,0,,16.6,157.2,1010.3,56,5.4,222.4,19.4,9,,2021-08-01T06:03:51,2021-08-01T17:53:45,0.8,"Rain, Partially cloudy",Partly cloudy throughout the day with rain.,rain,"96741099999,WIII,96739099999,WIHH,96749099999,96751099999,96745099999,96749599999"
"-6.59117203505968, 106.901704049011",2021-08-02,32.5,21.3,26.6,36.7,21.3,27.9,21.8,76.4,0.68,100,8.33,rain,0,0,,23.1,208.3,1010.4,58.3,6.1,235.4,20.3,8,,2021-08-02T06:03:40,2021-08-02T17:53:48,0.84,"Rain, Partially cloudy",Partly cloudy throughout the day with rain.,rain,"96741099999,WIII,96739099999,WIHH,96749099999,96751099999,96745099999,96749599999"
"-6.59117203505968, 106.901704049011",2021-08-03,32.5,20,26.8,37.6,20,28.8,22.1,76.7,0.24,100,4.17,rain,0,0,,21.6,135.8,1011.1,45.2,5.8,216.8,18.6,8,,2021-08-03T06:03:28,2021-08-03T17:53:51,0.89,"Rain, Partially cloudy",Partly cloudy throughout the day with afternoon rain.,rain,"96741099999,WIII,96739099999,WIHH,96749099999,96751099999,96745099999,96749599999"
"-6.59117203505968, 106.901704049011",2021-08-04,32.7,20.7,26.9,37,20.7,28.6,22,75.9,20.11,100,12.5,rain,0,0,,23.9,140.8,1011.7,46.2,6.2,202.5,17.5,7,,2021-08-04T06:03:15,2021-08-04T17:53:54,0.93,"Rain, Partially cloudy",Partly cloudy throughout the day with rain.,rain,"96741099999,WIHH,WIII,96739099999,96749099999,96751099999,96749599999,96745099999"
"-6.59117203505968, 106.901704049011",2021-08-05,32,19.7,25,36.8,19.7,25.7,22,84.4,5.84,100,12.5,rain,0,0,,20.5,177.3,1012.1,52.1,5.5,122.9,10.7,5,,2021-08-05T06:03:01,2021-08-05T17:53:56,0.96,"Rain, Partially cloudy",Partly cloudy throughout the day with rain.,rain,"96741099999,WIII,96739099999,WIHH,96749099999,96751099999,96745099999,96749599999"
"-6.59117203505968, 106.901704049011",2021-08-06,33,19.6,26.5,37.3,19.6,27.8,21,73.3,0,0,0,,0,0,,29.8,135.3,1011.2,44.3,6.1,228,19.9,8,,2021-08-06T06:02:46,2021-08-06T17:53:57,0.98,Partially cloudy,Partly cloudy throughout the day.,partly-cloudy-day,"96741099999,WIII,96739099999,WIHH,96749099999,96751099999,96745099999,96749599999"
"-6.59117203505968, 106.901704049011",2021-08-07,33,20.2,27.3,38.4,20.2,29.6,22.1,74.7,0,0,0,,0,0,,22.5,98.3,1011.1,44.9,6.7,233.5,20.1,8,,2021-08-07T06:02:31,2021-08-07T17:53:58,1,Partially cloudy,Partly cloudy throughout the day.,partly-cloudy-day,"96741099999,WIHH,WIII,96739099999,96749099999,96751099999,96749599999,96745099999"
"-6.59117203505968, 106.901704049011",2021-08-08,33,21.5,27.4,38.9,21.5,30.1,22.8,77.3,5.64,100,8.33,rain,0,0,,29,94.1,1011,49.3,6.4,207.7,18.1,7,,2021-08-08T06:02:15,2021-08-08T17:53:59,1,"Rain, Partially cloudy",Partly cloudy throughout the day with afternoon rain.,rain,"96741099999,WIII,96739099999,WIHH,96749099999,96751099999,96745099999,96749599999"
"-6.59117203505968, 106.901704049011",2021-08-09,32,21.5,27.2,37.3,21.5,29.6,22.8,77.9,4.77,100,8.33,rain,0,0,35.3,27.2,129.9,1010.1,55.5,6,150,13.1,6,,2021-08-09T06:01:59,2021-08-09T17:53:59,0,"Rain, Partially cloudy",Partly cloudy throughout the day with rain.,rain,"96741099999,WIII,96739099999,WIHH,96749099999,96751099999,96745099999,96749599999"
"-6.59117203505968, 106.901704049011",2021-08-10,30.5,21.2,25.5,35,21.2,27.1,22.9,86.1,18.03,100,16.67,rain,0,0,,13.3,156.7,1010.3,66,5.3,253.5,21.9,9,,2021-08-10T06:01:42,2021-08-10T17:53:58,0.02,"Rain, Partially cloudy",Partly cloudy throughout the day with rain clearing later.,rain,"96741099999,WIHH,WIII,96739099999,96749099999,96751099999,96749599999,96745099999"
"-6.59117203505968, 106.901704049011",2021-08-11,32.7,19.6,26.9,36,19.6,28.3,21.2,72.8,0,0,0,,0,0,,24.6,144,1010.5,41.9,6.2,280.3,24.2,9,,2021-08-11T06:01:24,2021-08-11T17:53:58,0.05,Partially cloudy,Becoming cloudy in the afternoon.,partly-cloudy-day,"96741099999,WIII,96739099999,WIHH,96749099999,96751099999,96745099999,96749599999"
"-6.59117203505968, 106.901704049011",2021-08-12,33.5,19.8,27.3,35.5,19.8,28.3,19.3,64.2,0,0,0,,0,0,,19.4,124.3,1011.7,35.5,6.9,281.8,24.2,10,,2021-08-12T06:01:05,2021-08-12T17:53:56,0.09,Partially cloudy,Partly cloudy throughout the day.,partly-cloudy-day,"96741099999,WIII,96739099999,WIHH,96749099999,96751099999,96745099999,96749599999"
"-6.59117203505968, 106.901704049011",2021-08-13,31,20.8,26.3,34.4,20.8,27.7,21.8,77.2,0,0,0,,0,0,,27.2,143.3,1010.6,53.6,6,219.1,19.1,8,,2021-08-13T06:00:46,2021-08-13T17:53:54,0.13,Partially cloudy,Partly cloudy throughout the day.,partly-cloudy-day,"96741099999,WIII,96739099999,WIHH,96749099999,96751099999,96745099999,96749599999"
"-6.59117203505968, 106.901704049011",2021-08-14,33.7,20.6,27.2,37.5,20.6,28.8,21.5,72.7,0,0,0,,0,0,,27.5,142.3,1009,45.6,5.9,246.3,21.3,9,,2021-08-14T06:00:26,2021-08-14T17:53:52,0.19,Partially cloudy,Partly cloudy throughout the day.,partly-cloudy-day,"96741099999,WIII,96739099999,WIHH,96749099999,96751099999,96745099999,96749599999"
"-6.59117203505968, 106.901704049011",2021-08-15,34.7,21,27.5,36.5,21,28.8,20.6,68,0,0,0,,0,0,55.4,36.6,129.3,1010,44,6.9,235.8,20.5,8,,2021-08-15T06:00:06,2021-08-15T17:53:50,0.24,Partially cloudy,Partly cloudy throughout the day.,partly-cloudy-day,"96741099999,WIII,96739099999,WIHH,96749099999,96751099999,96745099999,96749599999"
"-6.59117203505968, 106.901704049011",2021-08-16,33.7,20.5,27.3,36.8,20.5,29.2,21,69.8,0,0,0,,0,0,,23.8,135,1011.3,39.4,7.4,234.5,20.2,8,,2021-08-16T05:59:45,2021-08-16T17:53:46,0.3,Partially cloudy,Partly cloudy throughout the day.,partly-cloudy-day,"96741099999,WIII,96739099999,WIHH,96749099999,96751099999,96745099999,96749599999"
"-6.59117203505968, 106.901704049011",2021-08-17,33.5,21.5,27.2,37.2,21.5,28.8,21.4,72.1,0,0,0,,0,0,,22.9,165.8,1010.8,50.5,6.1,272.6,23.5,9,,2021-08-17T05:59:23,2021-08-17T17:53:43,0.35,Partially cloudy,Partly cloudy throughout the day.,partly-cloudy-day,"96741099999,WIII,96739099999,WIHH,96749099999,96751099999,96745099999,96749599999"
"-6.59117203505968, 106.901704049011",2021-08-18,32,21.5,26.3,35.6,21.5,27.5,21.9,77.7,21.62,100,12.5,rain,0,0,,19.3,248.4,1009.8,53.3,5,199,17.1,8,,2021-08-18T05:59:01,2021-08-18T17:53:39,0.4,"Rain, Partially cloudy",Partly cloudy throughout the day with rain.,rain,"96741099999,WIII,96739099999,WIHH,96749099999,96751099999,96745099999,96749599999"
"-6.59117203505968, 106.901704049011",2021-08-19,32.2,19.9,25.8,35.8,19.9,26.7,21.3,77.6,10.07,100,12.5,rain,0,0,,13.9,210.2,1009.3,53.7,5.5,162.4,14.2,6,,2021-08-19T05:58:38,2021-08-19T17:53:34,0.44,"Rain, Partially cloudy",Partly cloudy throughout the day with rain.,rain,"96741099999,WIII,96739099999,WIHH,96749099999,96751099999,96745099999,96749599999"
"-6.59117203505968, 106.901704049011",2021-08-20,32.5,20,26.3,36.1,20,27.5,21.3,75.5,0.82,100,12.5,rain,0,0,,17.9,186.7,1009.9,55.1,5.5,178.8,15.5,7,,2021-08-20T05:58:14,2021-08-20T17:53:30,0.48,"Rain, Partially cloudy",Partly cloudy throughout the day with rain.,rain,"96741099999,WIII,96739099999,WIHH,96749099999,96751099999,96745099999,96749599999"
"-6.59117203505968, 106.901704049011",2021-08-21,31,20.4,25.6,33.9,20.4,26.7,21.7,79.7,3.33,100,8.33,rain,0,0,,17.6,218.6,1010.7,54.9,5.1,190.3,16.4,8,,2021-08-21T05:57:50,2021-08-21T17:53:24,0.49,"Rain, Partially cloudy",Partly cloudy throughout the day with late afternoon rain.,rain,"96741099999,WIHH,WIII,96739099999,96749099999,96751099999,96749599999,96745099999"
"-6.59117203505968, 106.901704049011",2021-08-22,32.7,19.7,26.4,36.6,19.7,28.3,21.7,76.5,0,0,0,,0,0,,24.3,138.5,1009.9,50.2,6,253.9,21.8,9,,2021-08-22T05:57:26,2021-08-22T17:53:19,0.5,Partially cloudy,Partly cloudy throughout the day.,partly-cloudy-day,"96741099999,WIII,96739099999,WIHH,96749099999,96751099999,96745099999,96749599999"
"-6.59117203505968, 106.901704049011",2021-08-23,32.7,20.8,27.1,36.3,20.8,29.1,21.9,74.9,0.81,100,4.17,rain,0,0,,16.8,149.7,1009.9,50.1,5.6,220.1,19,8,,2021-08-23T05:57:01,2021-08-23T17:53:13,0.51,"Rain, Partially cloudy",Partly cloudy throughout the day with late afternoon rain.,rain,"96741099999,WIII,96739099999,WIHH,96749099999,96751099999,96745099999,96749599999"
"-6.59117203505968, 106.901704049011",2021-08-24,31.9,20.7,26.2,37,20.7,27.8,22.5,81,1.56,100,12.5,rain,0,0,,17.4,239.3,1010.2,57.8,5.1,274.1,23.6,9,,2021-08-24T05:56:35,2021-08-24T17:53:06,0.53,"Rain, Partially cloudy",Partly cloudy throughout the day with rain.,rain,"96741099999,WIII,96739099999,WIHH,96749099999,96751099999,96745099999,96749599999"
"-6.59117203505968, 106.901704049011",2021-08-25,33.2,20,26.7,35.1,20,27.7,20.7,72,0.55,100,4.17,rain,0,0,,16.9,140.5,1009.6,47.5,5.5,288.3,24.8,10,,2021-08-25T05:56:09,2021-08-25T17:53:00,0.55,"Rain, Partially cloudy",Partly cloudy throughout the day with morning rain.,rain,"96741099999,WIII,96739099999,WIHH,96749099999,96751099999,96745099999,96749599999"
"-6.59117203505968, 106.901704049011",2021-08-26,33.5,19.9,27.1,36.8,19.9,28.4,20.5,68.8,0,0,0,,0,0,,24.5,169.1,1008.7,42.5,6.2,284.4,24.5,10,,2021-08-26T05:55:43,2021-08-26T17:52:53,0.59,Partially cloudy,Partly cloudy throughout the day.,partly-cloudy-day,"96741099999,WIII,96739099999,WIHH,96749099999,96751099999,96745099999,96749599999"
"-6.59117203505968, 106.901704049011",2021-08-27,33.5,19.6,26.9,37,19.6,28.3,21,72,0.16,100,4.17,rain,0,0,,20.8,200.5,1009.1,41.3,5.5,293,25.4,10,,2021-08-27T05:55:16,2021-08-27T17:52:45,0.63,"Rain, Partially cloudy",Partly cloudy throughout the day with late afternoon rain.,rain,"96741099999,WIII,96739099999,WIHH,96749099999,96751099999,96745099999,96749599999"
"-6.59117203505968, 106.901704049011",2021-08-28,33.7,19.9,27.2,36.8,19.9,28.5,20.8,70,0,0,0,,0,0,,18.4,157.9,1008,40,5.9,273.4,23.8,10,,2021-08-28T05:54:49,2021-08-28T17:52:38,0.67,Partially cloudy,Partly cloudy throughout the day.,partly-cloudy-day,"96741099999,WIII,96739099999,WIHH,96749099999,96751099999,96745099999,96749599999"
"-6.59117203505968, 106.901704049011",2021-08-29,30.5,20.4,26.1,34.6,20.4,27.5,21.9,78.5,0.03,100,4.17,rain,0,0,,15.2,220.4,1008.7,53.5,4.9,234.9,20.4,9,,2021-08-29T05:54:21,2021-08-29T17:52:30,0.72,"Rain, Partially cloudy",Partly cloudy throughout the day with afternoon rain.,rain,"96741099999,WIII,96739099999,WIHH,96749099999,96751099999,96745099999,96749599999"
"-6.59117203505968, 106.901704049011",2021-08-30,31.7,20.3,26.7,37,20.3,28.5,22.2,77.7,0,0,0,,0,0,,15.1,196.8,1009,53.1,5.2,233.2,20.2,8,,2021-08-30T05:53:53,2021-08-30T17:52:22,0.76,Partially cloudy,Partly cloudy throughout the day.,partly-cloudy-day,"96741099999,WIII,96739099999,WIHH,96749099999,96751099999,96745099999,96749599999"
"-6.59117203505968, 106.901704049011",2021-08-31,31,21.7,26.8,37.4,21.7,29,22.3,77.2,0.97,100,8.33,rain,0,0,,13,228.4,1009.5,62.4,5.3,181.5,15.8,7,,2021-08-31T05:53:24,2021-08-31T17:52:13,0.81,"Rain, Partially cloudy",Partly cloudy throughout the day with rain.,rain,"96741099999,WIII,96739099999,WIHH,96749099999,96751099999,96745099999,96749599999"
"-6.59117203505968, 106.901704049011",2021-09-01,33.7,19.9,27.2,37.4,19.9,29.1,21.8,74.4,0.42,100,4.17,rain,0,0,,24.3,134.5,1009.8,45.2,6,282.2,24.2,10,,2021-09-01T05:52:55,2021-09-01T17:52:04,0.86,"Rain, Partially cloudy",Partly cloudy throughout the day with afternoon rain.,rain,"96741099999,WIII,96739099999,WIHH,96749099999,96751099999,96745099999,96749599999"
"-6.59117203505968, 106.901704049011",2021-09-02,32.5,20,26.9,36.6,20,28.6,21.6,74.2,0,0,0,,0,0,,16.1,207,1010.2,50.9,5.6,285.6,24.7,10,,2021-09-02T05:52:26,2021-09-02T17:51:55,0.9,Partially cloudy,Partly cloudy throughout the day.,partly-cloudy-day,"96741099999,WIII,96739099999,WIHH,96749099999,96751099999,96745099999,96749599999"
"-6.59117203505968, 106.901704049011",2021-09-03,33.5,20.4,27.1,39,20.4,28.9,21.8,73.9,0,0,0,,0,0,,15.2,159.1,1009.4,54.1,5.6,262.6,22.7,10,,2021-09-03T05:51:57,2021-09-03T17:51:46,0.94,Partially cloudy,Partly cloudy throughout the day.,partly-cloudy-day,"96741099999,WIHH,WIII,96739099999,96749099999,96751099999,96749599999,96745099999"
"-6.59117203505968, 106.901704049011",2021-09-04,32.5,20.1,27.1,36.1,20.1,28.7,21.1,71.4,0,0,0,,0,0,,14.8,213.2,1009.8,42.5,6.4,282.8,24.4,10,,2021-09-04T05:51:27,2021-09-04T17:51:37,0.97,Partially cloudy,Partly cloudy throughout the day.,partly-cloudy-day,"96741099999,WIII,96739099999,WIHH,96749099999,96751099999,96745099999,96749599999"
"-6.59117203505968, 106.901704049011",2021-09-05,33,21.2,27.3,37.6,21.2,29.5,22,73.9,0.04,100,4.17,rain,0,0,,20.4,165.6,1009.7,47.5,5.9,273.6,23.6,10,,2021-09-05T05:50:57,2021-09-05T17:51:27,0.99,"Rain, Partially cloudy",Partly cloudy throughout the day with afternoon rain.,rain,"96741099999,WIII,96739099999,WIHH,96749099999,96751099999,96745099999,96749599999"
"-6.59117203505968, 106.901704049011",2021-09-06,32.7,21.8,27,37.5,21.8,29,22.5,78,19.45,100,12.5,rain,0,0,,21.4,155.3,1010.3,62,5.6,233.9,20.2,8,,2021-09-06T05:50:26,2021-09-06T17:51:17,1,"Rain, Partially cloudy",Partly cloudy throughout the day with rain.,rain,"96741099999,WIII,96739099999,WIHH,96749099999,96751099999,96745099999,96749599999"
"-6.59117203505968, 106.901704049011",2021-09-07,31.2,20.8,25.4,36.8,20.8,26.7,22.5,84.6,3.72,100,20.83,rain,0,0,,12.6,233.1,1010.8,58.2,5.4,197.3,17.2,7,,2021-09-07T05:49:55,2021-09-07T17:51:07,0,"Rain, Partially cloudy",Partly cloudy throughout the day with rain.,rain,"96741099999,WIII,96739099999,WIHH,96749099999,96751099999,96745099999,96749599999"
"-6.59117203505968, 106.901704049011",2021-09-08,32.5,19.5,25.7,36.6,19.5,27.1,21.8,81.2,8.34,100,12.5,rain,0,0,,23.2,218.5,1010.1,57.7,5.3,286,24.6,10,,2021-09-08T05:49:24,2021-09-08T17:50:57,0.01,"Rain, Partially cloudy",Partly cloudy throughout the day with rain.,rain,"96741099999,WIII,96739099999,WIHH,96749099999,96751099999,96745099999,96749599999"
"-6.59117203505968, 106.901704049011",2021-09-09,32.7,18.9,26.3,38,18.9,27.5,20.4,71.9,0,0,0,,0,0,,13.7,141.5,1010.4,39.7,7,304.8,26.2,10,,2021-09-09T05:48:53,2021-09-09T17:50:47,0.04,Partially cloudy,Becoming cloudy in the afternoon.,partly-cloudy-day,"96741099999,WIII,96739099999,WIHH,96749099999,96751099999,96745099999,96749599999"
"-6.59117203505968, 106.901704049011",2021-09-10,32.7,19.6,26.7,35.1,19.6,27.8,20.4,69.8,0,0,0,,0,0,,15,231.6,1010.7,41.9,6.4,272.7,23.6,10,,2021-09-10T05:48:22,2021-09-10T17:50:36,0.07,Partially cloudy,Partly cloudy throughout the day.,partly-cloudy-day,"96741099999,WIII,96739099999,WIHH,96749099999,96751099999,96745099999,96749599999"
"-6.59117203505968, 106.901704049011",2021-09-11,33,20.8,26.9,36.3,20.8,28.6,21.8,75.1,0,0,0,,0,0,,21.2,145,1009.3,50.2,5.8,265.4,22.9,9,,2021-09-11T05:47:51,2021-09-11T17:50:26,0.12,Partially cloudy,Partly cloudy throughout the day.,partly-cloudy-day,"96741099999,WIII,96739099999,WIHH,96749099999,96751099999,96745099999,96749599999"
"-6.59117203505968, 106.901704049011",2021-09-12,30.7,21.7,26.7,36.5,21.7,29.2,22.7,79.3,16.13,100,4.17,rain,0,0,,16.3,135.5,1008.4,58.6,5,144.2,12.3,5,,2021-09-12T05:47:19,2021-09-12T17:50:15,0.17,"Rain, Partially cloudy",Partly cloudy throughout the day with late afternoon rain.,rain,"96741099999,WIHH,WIII,96739099999,96749099999,96751099999,96749599999,96745099999"
"-6.59117203505968, 106.901704049011",2021-09-13,33,20.9,26.9,37.9,20.9,28.9,22.8,79.9,12.24,100,16.67,rain,0,0,,28.8,130.2,1009.1,61.7,6.4,171,14.9,6,,2021-09-13T05:46:47,2021-09-13T17:50:04,0.23,"Rain, Partially cloudy",Partly cloudy throughout the day with rain.,rain,"96741099999,WIII,96739099999,WIHH,96749099999,96751099999,96745099999,96749599999"
"-6.59117203505968, 106.901704049011",2021-09-14,27.3,21.1,24.3,30.5,21.1,25,22.3,89,19.5,100,25,rain,0,0,,18.4,208.8,1011.2,68.4,5.1,185.9,16.3,7,,2021-09-14T05:46:15,2021-09-14T17:49:54,0.28,"Rain, Partially cloudy",Partly cloudy throughout the day with a chance of rain throughout the day.,rain,"96741099999,WIII,96739099999,WIHH,96749099999,96751099999,96745099999,96749599999"
"-6.59117203505968, 106.901704049011",2021-09-15,31.7,20.5,26,36.7,20.5,28,22.8,83.3,20.9,100,16.67,rain,0,0,,18.4,169.8,1011,56.5,6.1,160.2,14,5,,2021-09-15T05:45:43,2021-09-15T17:49:43,0.34,"Rain, Partially cloudy",Partly cloudy throughout the day with rain.,rain,"96741099999,WIII,96739099999,WIHH,96749099999,96751099999,96745099999,96749599999"
"-6.59117203505968, 106.901704049011",2021-09-16,33.7,20.6,27.3,39.2,20.6,29.8,22.9,78.5,0.03,100,4.17,rain,0,0,,27.7,95.4,1009.9,51.7,6.6,250.1,21.6,8,,2021-09-16T05:45:11,2021-09-16T17:49:32,0.39,"Rain, Partially cloudy",Partly cloudy throughout the day with early morning rain.,rain,"96741099999,WIII,96739099999,WIHH,96749099999,96751099999,96745099999,96749599999"
"-6.59117203505968, 106.901704049011",2021-09-17,33.7,20.2,27.9,38,20.2,30.4,22.4,73.8,0.03,100,4.17,rain,0,0,,27.7,70.3,1009.1,44.3,6.6,275.7,23.8,10,,2021-09-17T05:44:39,2021-09-17T17:49:22,0.43,"Rain, Partially cloudy",Partly cloudy throughout the day with morning rain.,rain,"96741099999,WIII,96739099999,WIHH,96749099999,96751099999,96745099999,96749599999"
"-6.59117203505968, 106.901704049011",2021-09-18,34.7,21.7,28.5,38.8,21.7,30.8,21.6,68.7,0.11,100,4.17,rain,0,0,,30,138,1009.5,38,6.4,291.3,25.2,10,,2021-09-18T05:44:07,2021-09-18T17:49:11,0.47,"Rain, Partially cloudy",Partly cloudy throughout the day with early morning rain.,rain,"96741099999,WIII,96739099999,WIHH,96749099999,96751099999,96745099999,96749599999"
"-6.59117203505968, 106.901704049011",2021-09-19,32.5,21.5,26.4,36.4,21.5,28.1,22.6,80.9,10.47,100,20.83,rain,0,0,,22.3,229.8,1010.5,64,5.6,226.5,19.7,8,,2021-09-19T05:43:35,2021-09-19T17:49:00,0.49,"Rain, Partially cloudy",Partly cloudy throughout the day with rain.,rain,"96741099999,WIII,96739099999,WIHH,96749099999,96751099999,96745099999,96749599999"
"-6.59117203505968, 106.901704049011",2021-09-20,32,19.8,26.7,37.4,19.8,28.4,21.8,76.1,0,0,0,,0,0,,21.2,150.9,1010,49.5,5.9,255.7,22.1,9,,2021-09-20T05:43:03,2021-09-20T17:48:50,0.5,Partially cloudy,Partly cloudy throughout the day.,partly-cloudy-day,"96741099999,WIII,96739099999,WIHH,96749099999,96751099999,96745099999,96749599999"
"-6.59117203505968, 106.901704049011",2021-09-21,32.7,20.1,26.4,37.9,20.1,28,21.7,77,40.14,100,12.5,rain,0,0,,14.8,155.6,1009.7,46.9,6,246.2,21.3,9,,2021-09-21T05:42:31,2021-09-21T17:48:39,0.5,"Rain, Partially cloudy",Partly cloudy throughout the day with rain.,rain,"96741099999,WIHH,WIII,96739099999,96749099999,96751099999,96749599999,96745099999"
"-6.59117203505968, 106.901704049011",2021-09-22,33,20.6,27.2,37.6,20.6,28.9,21.5,72.9,2.42,100,4.17,rain,0,0,,26.4,121,1009.5,49.5,6.9,230.7,20.1,8,,2021-09-22T05:41:59,2021-09-22T17:48:29,0.52,"Rain, Partially cloudy",Partly cloudy throughout the day with early morning rain.,rain,"96741099999,WIII,96739099999,WIHH,96749099999,96751099999,96745099999,96749599999"
"-6.59117203505968, 106.901704049011",2021-09-23,33.7,21.1,27.7,38.1,21.1,30.1,21.7,71.2,0.81,100,4.17,rain,0,0,50,30.1,109.5,1009.9,43.3,6.7,267.8,23,10,,2021-09-23T05:41:27,2021-09-23T17:48:18,0.53,"Rain, Partially cloudy",Partly cloudy throughout the day with afternoon rain.,rain,"96741099999,WIII,96739099999,WIHH,96749099999,96751099999,96745099999,96749599999"
"-6.59117203505968, 106.901704049011",2021-09-24,33,21.6,27.7,38.2,21.6,30.1,22,72.3,0.24,100,4.17,rain,0,0,,30.6,95.7,1009.4,42,6.7,251.4,21.9,9,,2021-09-24T05:40:55,2021-09-24T17:48:08,0.56,"Rain, Partially cloudy",Partly cloudy throughout the day with late afternoon rain.,rain,"96741099999,WIHH,WIII,96739099999,96749099999,96751099999,96749599999,96745099999"
"-6.59117203505968, 106.901704049011",2021-09-25,34,21,27.9,39.1,21,30.9,22.6,74.5,3.96,100,8.33,rain,0,0,,22.3,85.7,1008.3,50.7,7,256.8,22,9,,2021-09-25T05:40:24,2021-09-25T17:47:58,0.6,"Rain, Partially cloudy",Partly cloudy throughout the day with late afternoon rain.,rain,"96741099999,WIII,96739099999,WIHH,96749099999,96751099999,96745099999,96749599999"
"-6.59117203505968, 106.901704049011",2021-09-26,33.7,20.8,27.1,38,20.8,29.2,22.5,77.7,15.95,100,12.5,rain,0,0,,21.8,157.8,1008,51.2,6.4,242.6,21.1,9,,2021-09-26T05:39:52,2021-09-26T17:47:48,0.64,"Rain, Partially cloudy",Partly cloudy throughout the day with rain.,rain,"96741099999,WIII,96739099999,WIHH,96749099999,96751099999,96745099999,96749599999"
"-6.59117203505968, 106.901704049011",2021-09-27,33,20.6,27.4,38.7,20.6,30,23.1,78.7,2.01,100,8.33,rain,0,0,,22.5,114.9,1007.8,57.2,6.1,169.9,14.7,6,,2021-09-27T05:39:21,2021-09-27T17:47:38,0.68,"Rain, Partially cloudy",Partly cloudy throughout the day with rain.,rain,"96741099999,WIII,96739099999,WIHH,96749099999,96751099999,96745099999,96749599999"
"-6.59117203505968, 106.901704049011",2021-09-28,33,21.2,27.2,38.4,21.2,29.6,23.2,80.4,0.95,100,25,rain,0,0,,18.9,173.4,1008.2,57.7,5.7,251,21.7,9,,2021-09-28T05:38:50,2021-09-28T17:47:29,0.73,"Rain, Partially cloudy",Partly cloudy throughout the day with a chance of rain throughout the day.,rain,"96741099999,WIII,96739099999,WIHH,96749099999,96751099999,96745099999,96749599999"
"-6.59117203505968, 106.901704049011",2021-09-29,32.5,20.9,27.2,38.6,20.9,29.9,23.2,79.9,0.04,100,4.17,rain,0,0,,17.9,235.4,1008.6,51.6,5.3,300.1,25.9,10,,2021-09-29T05:38:19,2021-09-29T17:47:20,0.77,"Rain, Partially cloudy",Partly cloudy throughout the day with afternoon rain.,rain,"96741099999,WIII,96739099999,WIHH,96749099999,96751099999,96745099999,96749599999"
"-6.59117203505968, 106.901704049011",2021-09-30,32.7,20.8,26.9,39.2,20.8,28.8,22.6,78.8,40.77,100,12.5,rain,0,0,,18.4,254.6,1009.6,53.2,5.7,287.1,24.8,10,,2021-09-30T05:37:48,2021-09-30T17:47:11,0.82,"Rain, Partially cloudy",Partly cloudy throughout the day with rain.,rain,"96741099999,WIII,96739099999,WIHH,96749099999,96751099999,96745099999,96749599999"
"-6.59117203505968, 106.901704049011",2021-10-01,33,20.4,26.8,37.9,20.4,29.3,23,80.6,6.45,100,4.17,rain,0,0,,17.4,174.5,1009.9,54.7,5.3,144.4,12.5,5,,2021-10-01T05:37:17,2021-10-01T17:47:02,0.87,"Rain, Partially cloudy",Partly cloudy throughout the day with early morning rain.,rain,"96741099999,WIII,96739099999,WIHH,96749099999,96751099999,96745099999,96749599999"
"-6.59117203505968, 106.901704049011",2021-10-02,31.7,20.9,27.1,37.3,20.9,29.7,22.5,76.8,0,0,0,,0,0,,17.9,173.3,1009.4,53.2,5.1,250.4,21.7,9,,2021-10-02T05:36:47,2021-10-02T17:46:54,0.91,Partially cloudy,Partly cloudy throughout the day.,partly-cloudy-day,"96741099999,WIII,96739099999,WIHH,96749099999,96751099999,96745099999,96749599999"
"-6.59117203505968, 106.901704049011",2021-10-03,33,20.2,27,38.4,20.2,29,22,75.5,7.27,100,8.33,rain,0,0,,15.2,191.8,1009.1,49.4,6,280.7,24.3,10,,2021-10-03T05:36:17,2021-10-03T17:46:45,0.95,"Rain, Partially cloudy",Partly cloudy throughout the day with rain.,rain,"96741099999,WIHH,WIII,96739099999,96749099999,96751099999,96749599999,96745099999"
"-6.59117203505968, 106.901704049011",2021-10-04,32.7,21.3,26.4,38.3,21.3,27.9,22.6,80.7,0.97,100,4.17,rain,0,0,,13.9,181.2,1008.2,56.5,5.6,266.4,23,9,,2021-10-04T05:35:48,2021-10-04T17:46:38,0.98,"Rain, Partially cloudy",Partly cloudy throughout the day with late afternoon rain.,rain,"96741099999,WIII,96739099999,WIHH,96749099999,96751099999,96745099999,96749599999"
"-6.59117203505968, 106.901704049011",2021-10-05,33.7,19.9,27.2,37.9,19.9,29.1,21.2,70.8,0.3,100,4.17,rain,0,0,,15.7,221.8,1007.5,52.3,6.8,278.1,23.8,9,,2021-10-05T05:35:19,2021-10-05T17:46:30,1,"Rain, Partially cloudy",Partly cloudy throughout the day with morning rain.,rain,"96741099999,WIII,96739099999,WIHH,96749099999,96751099999,96745099999,96749599999"
"-6.59117203505968, 106.901704049011",2021-10-06,32.7,19.8,26.6,36.6,19.8,28.4,21.7,75.7,1.29,100,12.5,rain,0,0,,12.1,207.3,1007.4,53,6.8,263.1,22.7,10,,2021-10-06T05:34:50,2021-10-06T17:46:23,0,"Rain, Partially cloudy",Partly cloudy throughout the day with rain.,rain,"96741099999,WIHH,WIII,96739099999,96749099999,96751099999,96749599999,96745099999"
"-6.59117203505968, 106.901704049011",2021-10-07,33,20,27.1,36.4,20,28.6,21.1,71.4,0.09,100,4.17,rain,0,0,,11.8,253.2,1008.1,45.6,7,270.5,23.3,10,,2021-10-07T05:34:21,2021-10-07T17:46:16,0.01,"Rain, Partially cloudy",Partly cloudy throughout the day with early morning rain.,rain,"96741099999,WIII,96739099999,WIHH,96749099999,96751099999,96745099999,96749599999"
"-6.59117203505968, 106.901704049011",2021-10-08,33.5,20.1,26.6,39.9,20.1,28.9,22.2,77.6,0.44,100,8.33,rain,0,0,29.5,15,228.5,1009.1,49.9,5.6,240.4,20.8,9,,2021-10-08T05:33:53,2021-10-08T17:46:10,0.03,"Rain, Partially cloudy",Partly cloudy throughout the day with rain.,rain,"96741099999,WIII,96739099999,WIHH,96749099999,96751099999,96745099999,96749599999"
"-6.59117203505968, 106.901704049011",2021-10-09,33.7,20.7,27.8,39.9,20.7,30.5,22.5,74.1,0.15,100,4.17,rain,0,0,,14.2,160.4,1008.6,47.7,6.1,293,25.5,10,,2021-10-09T05:33:26,2021-10-09T17:46:04,0.06,"Rain, Partially cloudy",Partly cloudy throughout the day with early morning rain.,rain,"96741099999,WIII,96739099999,WIHH,96749099999,96751099999,96745099999,96749599999"
"-6.59117203505968, 106.901704049011",2021-10-10,33.7,20.8,27.8,40.2,20.8,30.6,22.7,74.9,0.01,100,4.17,rain,0,0,,22.1,223.6,1008.4,45,5.6,300.3,25.9,10,,2021-10-10T05:32:59,2021-10-10T17:45:58,0.11,"Rain, Partially cloudy",Partly cloudy throughout the day with afternoon rain.,rain,"96741099999,WIII,96739099999,WIHH,96749099999,96751099999,96745099999,96749599999"
"-6.59117203505968, 106.901704049011",2021-10-11,33.7,20.3,27,39,20.3,29,22.1,75.8,2.34,100,8.33,rain,0,0,,15.7,226.6,1008.4,49.8,6,296.4,25.7,10,,2021-10-11T05:32:32,2021-10-11T17:45:53,0.16,"Rain, Partially cloudy",Partly cloudy throughout the day with rain.,rain,"96741099999,WIII,96739099999,WIHH,96749099999,96751099999,96745099999,96749599999"
"-6.59117203505968, 106.901704049011",2021-10-12,33.7,20,27.6,37.9,20,29.6,21.6,71.4,14.52,100,8.33,rain,0,0,,11.2,173.5,1007.1,48.5,6,290.8,25.2,10,,2021-10-12T05:32:06,2021-10-12T17:45:49,0.21,"Rain, Partially cloudy",Partly cloudy throughout the day with late afternoon rain.,rain,"96741099999,WIHH,WIII,96739099999,96749099999,96751099999,96749599999,96745099999"
"-6.59117203505968, 106.901704049011",2021-10-13,33.5,21.3,27.9,38.2,21.3,30.5,22.5,74,3.34,100,8.33,rain,0,0,,15.7,222.8,1007.4,48.6,5.7,256.5,22.2,10,,2021-10-13T05:31:40,2021-10-13T17:45:45,0.27,"Rain, Partially cloudy",Partly cloudy throughout the day with rain.,rain,"96741099999,WIII,96739099999,WIHH,96749099999,96751099999,96745099999,96749599999"
"-6.59117203505968, 106.901704049011",2021-10-14,32.7,20.6,27.3,39.6,20.6,29.9,22.9,78.1,0,0,0,,0,0,,10.8,257.7,1007.7,52.9,5.1,241.8,20.7,9,,2021-10-14T05:31:15,2021-10-14T17:45:41,0.33,Partially cloudy,Partly cloudy throughout the day.,partly-cloudy-day,"96741099999,WIII,96739099999,WIHH,96749099999,96751099999,96745099999,96749599999"
"-6.59117203505968, 106.901704049011",2021-10-15,33.7,21.5,27.3,39.3,21.5,29.7,22.8,77.9,1.98,100,8.33,rain,0,0,,23.3,220.9,1007.3,50.9,5.6,153,13.1,5,,2021-10-15T05:30:51,2021-10-15T17:45:38,0.37,"Rain, Partially cloudy",Partly cloudy throughout the day with rain.,rain,"96741099999,WIHH,WIII,96739099999,96749099999,96751099999,96749599999,96745099999"
"-6.59117203505968, 106.901704049011",2021-10-16,33.5,21.3,27.4,38.6,21.3,29.9,22.9,77.5,0,0,0,,0,0,,17.4,208.6,1007.5,43.4,5.3,222.1,19.1,8,,2021-10-16T05:30:27,2021-10-16T17:45:35,0.42,Partially cloudy,Partly cloudy throughout the day.,partly-cloudy-day,"96741099999,WIII,96739099999,WIHH,96749099999,96751099999,96745099999,96749599999"
"-6.59117203505968, 106.901704049011",2021-10-17,34,22.5,28.2,42,22.5,31.6,23.3,76,11.8,100,16.67,rain,0,0,,30.6,118.1,1008.3,51.7,5.5,175.6,15.2,6,,2021-10-17T05:30:04,2021-10-17T17:45:33,0.45,"Rain, Partially cloudy",Partly cloudy throughout the day with rain.,rain,"96741099999,WIHH,WIII,96739099999,96749099999,96751099999,96749599999,96745099999"
"-6.59117203505968, 106.901704049011",2021-10-18,27.5,20.7,24.4,31.1,20.7,24.9,23.6,95.4,21.26,100,33.33,rain,0,0,40.7,16.3,209.5,1011,75.8,4.9,153.5,13.2,6,,2021-10-18T05:29:41,2021-10-18T17:45:32,0.48,"Rain, Partially cloudy",Partly cloudy throughout the day with a chance of rain throughout the day.,rain,"96741099999,WIII,96739099999,WIHH,96749099999,96751099999,96745099999,96749599999"
"-6.59117203505968, 106.901704049011",2021-10-19,32.7,19.7,25.3,39.6,19.7,26.7,22.6,85.6,22,100,12.5,rain,0,0,,21.2,247.5,1012.7,51.1,6.3,212.3,18.4,7,,2021-10-19T05:29:19,2021-10-19T17:45:31,0.49,"Rain, Partially cloudy",Partly cloudy throughout the day with rain.,rain,"96741099999,WIHH,WIII,96739099999,96749099999,96751099999,96749599999,96745099999"
"-6.59117203505968, 106.901704049011",2021-10-20,33,19.6,26.8,39.6,19.6,29.1,22.8,80.3,3.22,100,12.5,rain,0,0,,16.4,212.4,1011.8,53.1,6.3,219,18.8,8,,2021-10-20T05:28:58,2021-10-20T17:45:31,0.5,"Rain, Partially cloudy",Partly cloudy throughout the day with rain.,rain,"96741099999,WIII,96739099999,WIHH,96749099999,96751099999,96745099999,96749599999"
"-6.59117203505968, 106.901704049011",2021-10-21,32.7,21.6,26.7,40.9,21.6,29,23.8,84.9,6.4,100,16.67,rain,0,0,,18.4,211.8,1011.1,64.3,5.4,153.2,13.2,5,,2021-10-21T05:28:37,2021-10-21T17:45:31,0.51,"Rain, Partially cloudy",Partly cloudy throughout the day with a chance of rain throughout the day.,rain,"96741099999,WIHH,WIII,96739099999,96749099999,96751099999,96749599999,96745099999"
"-6.59117203505968, 106.901704049011",2021-10-22,33,20.7,27.1,39.3,20.7,29.5,22.9,79.1,13.36,100,12.5,rain,0,0,,18.9,152.7,1011.3,47.9,5.7,204.8,17.6,7,,2021-10-22T05:28:17,2021-10-22T17:45:32,0.52,"Rain, Partially cloudy",Partly cloudy throughout the day with rain.,rain,"96741099999,WIII,96739099999,WIHH,96749099999,96751099999,96745099999,96749599999"
"-6.59117203505968, 106.901704049011",2021-10-23,33.5,20.7,27.1,38.9,20.7,29.3,22.8,78.6,0.57,100,8.33,rain,0,0,,18.4,133,1011.2,52,6.3,231.6,20,9,,2021-10-23T05:27:58,2021-10-23T17:45:34,0.54,"Rain, Partially cloudy",Partly cloudy throughout the day with early morning rain.,rain,"96741099999,WIHH,WIII,96739099999,96749099999,96751099999,96749599999,96745099999"
"-6.59117203505968, 106.901704049011",2021-10-24,33.7,20.6,27.6,40.6,20.6,30.1,22.9,77.2,0,0,0,,0,0,,18.4,226.1,1010.2,39.7,6.4,197.8,17.2,7,,2021-10-24T05:27:39,2021-10-24T17:45:36,0.57,Partially cloudy,Partly cloudy throughout the day.,partly-cloudy-day,"96741099999,WIII,96739099999,WIHH,96749099999,96751099999,96745099999,96749599999"
"-6.59117203505968, 106.901704049011",2021-10-25,33,21.5,26.8,42.1,21.5,29.2,23.7,83.6,5.53,100,8.33,rain,0,0,63,18.4,213.9,1009.3,53.3,6.2,251.1,21.6,8,,2021-10-25T05:27:22,2021-10-25T17:45:39,0.61,"Rain, Partially cloudy",Partly cloudy throughout the day with rain.,rain,"96741099999,WIII,96739099999,WIHH,96749099999,96751099999,96745099999,96749599999"
"-6.59117203505968, 106.901704049011",2021-10-26,33.7,20.3,26.6,38.5,20.3,28.6,22.8,80.9,6.86,100,12.5,rain,0,0,,18.9,227.4,1008.8,51.4,5.9,263.6,22.8,9,,2021-10-26T05:27:05,2021-10-26T17:45:42,0.65,"Rain, Partially cloudy",Partly cloudy throughout the day with rain.,rain,"96741099999,WIII,96739099999,WIHH,96749099999,96751099999,96745099999,96749599999"
"-6.59117203505968, 106.901704049011",2021-10-27,32.5,20.6,25.8,38,20.6,27,23.1,86.1,33.06,100,20.83,rain,0,0,,19.8,161.4,1009.8,68.5,5.8,180.7,15.5,6,,2021-10-27T05:26:49,2021-10-27T17:45:47,0.69,"Rain, Partially cloudy",Partly cloudy throughout the day with rain.,rain,"96741099999,WIHH,WIII,96739099999,96749099999,96751099999,96749599999,96745099999"
"-6.59117203505968, 106.901704049011",2021-10-28,30.3,20.8,24.9,36.6,20.8,26,23.3,91,60.67,100,20.83,rain,0,0,48.2,35,171.4,1010.3,59.1,5.1,226.6,19.5,9,,2021-10-28T05:26:34,2021-10-28T17:45:52,0.74,"Rain, Partially cloudy",Partly cloudy throughout the day with rain.,rain,"96741099999,WIII,96739099999,WIHH,96749099999,96751099999,96745099999,96749599999"
"-6.59117203505968, 106.901704049011",2021-10-29,33.7,19.7,26.5,39,19.7,28.3,22.4,79.8,10,100,8.33,rain,0,0,,17.9,203.2,1011,50.8,6.2,237.2,20.5,9,,2021-10-29T05:26:19,2021-10-29T17:45:57,0.79,"Rain, Partially cloudy",Partly cloudy throughout the day with late afternoon rain.,rain,"96741099999,WIHH,WIII,96739099999,96749099999,96751099999,96749599999,96745099999"
"-6.59117203505968, 106.901704049011",2021-10-30,33,20.4,26.6,40.6,20.4,28.7,22.9,81.6,23.62,100,8.33,rain,0,0,,22.3,187.9,1010.9,56.3,6.5,175.6,15.1,7,,2021-10-30T05:26:06,2021-10-30T17:46:04,0.84,"Rain, Partially cloudy",Partly cloudy throughout the day with late afternoon rain.,rain,"96741099999,WIII,96739099999,WIHH,96749099999,96751099999,96745099999,96749599999"
"-6.59117203505968, 106.901704049011",2021-10-31,32.7,20.5,26.1,39,20.5,28,23.1,84.4,32.37,100,12.5,rain,0,0,,11.5,212.3,1010,56.8,6.1,253,21.8,9,,2021-10-31T05:25:53,2021-10-31T17:46:11,0.88,"Rain, Partially cloudy",Partly cloudy throughout the day with rain.,rain,"96741099999,WIHH,WIII,96739099999,96749099999,96751099999,96749599999,96745099999"
"-6.59117203505968, 106.901704049011",2021-11-01,32.5,20.8,25.2,38.3,20.8,26.4,23.2,89.5,7.82,100,20.83,rain,0,0,,22.1,173.7,1010.4,67,5.3,213.2,18.4,7,,2021-11-01T05:25:41,2021-11-01T17:46:19,0.93,"Rain, Partially cloudy",Partly cloudy throughout the day with rain.,rain,"96741099999,WIII,96739099999,WIHH,96749099999,96751099999,96745099999,96749599999"
"-6.59117203505968, 106.901704049011",2021-11-02,31.3,20.4,25.2,39.1,20.4,26.6,22.8,87,17.79,100,16.67,rain,0,0,,27.6,211.3,1009.6,60,6,163.1,14.1,8,,2021-11-02T05:25:30,2021-11-02T17:46:27,0.96,"Rain, Partially cloudy",Partly cloudy throughout the day with rain.,rain,"96741099999,WIII,96739099999,WIHH,96749099999,96751099999,96745099999,96749599999"
"-6.59117203505968, 106.901704049011",2021-11-03,32,20.4,26,37.9,20.4,27.9,23.1,85,1.3,100,8.33,rain,0,0,,27.1,213.9,1009.1,53.5,6,165.7,14.3,7,,2021-11-03T05:25:20,2021-11-03T17:46:36,0.99,"Rain, Partially cloudy",Partly cloudy throughout the day with late afternoon rain.,rain,"96741099999,WIII,96739099999,WIHH,96749099999,96751099999,96745099999,96749599999"
"-6.59117203505968, 106.901704049011",2021-11-04,33,21.1,26,41,21.1,27.7,23.5,87,7.29,100,12.5,rain,0,0,,16.7,197.5,1008.6,52.1,5.3,206.5,17.8,8,,2021-11-04T05:25:11,2021-11-04T17:46:46,1,"Rain, Partially cloudy",Partly cloudy throughout the day with rain.,rain,"96741099999,WIII,96739099999,WIHH,96749099999,96751099999,96745099999,96749599999"
"-6.59117203505968, 106.901704049011",2021-11-05,29.7,20.4,25.6,35,20.4,27,23.5,88.9,15.12,100,16.67,rain,0,0,,11.2,195.7,1008.2,52.8,5,182.9,15.7,7,,2021-11-05T05:25:03,2021-11-05T17:46:57,0,"Rain, Partially cloudy",Partly cloudy throughout the day with rain.,rain,"96741099999,WIII,96739099999,WIHH,96749099999,96751099999,96745099999,96749599999"
"-6.59117203505968, 106.901704049011",2021-11-06,32.7,21,27.1,40.2,21,29.7,23.5,81.8,7.26,100,8.33,rain,0,0,,18.8,149.9,1006.6,50.7,5.8,240.6,20.9,9,,2021-11-06T05:24:56,2021-11-06T17:47:09,0.02,"Rain, Partially cloudy",Partly cloudy throughout the day with late afternoon rain.,rain,"96741099999,WIHH,WIII,96739099999,96749099999,96751099999,96749599999,96745099999"
"-6.59117203505968, 106.901704049011",2021-11-07,32,20.3,25.3,37.9,20.3,26.4,23.2,88.9,29.74,100,12.5,rain,0,0,,27.7,211.8,1006.8,63.7,6,142.3,12.1,5,,2021-11-07T05:24:49,2021-11-07T17:47:21,0.05,"Rain, Partially cloudy",Partly cloudy throughout the day with rain.,rain,"96741099999,WIII,96739099999,WIHH,96749099999,96751099999,96745099999,96749599999"
"-6.59117203505968, 106.901704049011",2021-11-08,32,20.2,26.8,39.2,20.2,29.6,23.1,81.2,0,0,0,,0,0,,18.4,126,1007.1,50.7,6.4,159.6,13.9,6,,2021-11-08T05:24:44,2021-11-08T17:47:34,0.09,Partially cloudy,Partly cloudy throughout the day.,partly-cloudy-day,"96741099999,WIHH,WIII,96739099999,96749099999,96751099999,96749599999,96745099999"
"-6.59117203505968, 106.901704049011",2021-11-09,32,21.4,27.1,40.7,21.4,30.4,23.7,82.2,22.76,100,16.67,rain,0,0,,14.8,247.3,1007.7,59.8,6.1,101.8,8.8,4,,2021-11-09T05:24:40,2021-11-09T17:47:47,0.14,"Rain, Partially cloudy",Partly cloudy throughout the day with rain.,rain,"96741099999,WIII,96739099999,WIHH,96749099999,96751099999,96745099999,96749599999"
"-6.59117203505968, 106.901704049011",2021-11-10,32.5,21.3,26.2,38.5,21.3,27.8,22.8,82.4,4.62,100,20.83,rain,0,0,31.7,26.3,242.3,1008.9,63.8,6.4,189.7,16.2,8,,2021-11-10T05:24:37,2021-11-10T17:48:02,0.19,"Rain, Partially cloudy",Partly cloudy throughout the day with a chance of rain throughout the day.,rain,"96741099999,WIII,96739099999,WIHH,96749099999,96751099999,96745099999,96749599999"
"-6.59117203505968, 106.901704049011",2021-11-11,31,20.6,26.2,36.5,20.6,28.1,22.7,81.7,0.16,100,4.17,rain,0,0,,20.5,259.5,1008.8,55.5,6.5,158.3,13.8,6,,2021-11-11T05:24:34,2021-11-11T17:48:17,0.25,"Rain, Partially cloudy",Partly cloudy throughout the day with afternoon rain.,rain,"96741099999,WIII,96739099999,WIHH,96749099999,96751099999,96745099999,96749599999"
"-6.59117203505968, 106.901704049011",2021-11-12,33,20.8,26.5,38.2,20.8,28,22.2,79.2,7,100,8.33,rain,0,0,,19.9,213.6,1008.9,56.2,6.5,162,13.9,6,,2021-11-12T05:24:33,2021-11-12T17:48:33,0.3,"Rain, Partially cloudy",Partly cloudy throughout the day with late afternoon rain.,rain,"96741099999,WIII,96739099999,WIHH,96749099999,96751099999,96745099999,96749599999"
"-6.59117203505968, 106.901704049011",2021-11-13,33,20.6,25.7,39.3,20.6,27,23,86.4,7.99,100,16.67,rain,0,0,,11.2,210.2,1009,59.3,5.7,135.4,11.9,5,,2021-11-13T05:24:32,2021-11-13T17:48:50,0.35,"Rain, Partially cloudy",Partly cloudy throughout the day with rain.,rain,"96741099999,WIII,96739099999,WIHH,96749099999,96751099999,96745099999,96749599999"
"-6.59117203505968, 106.901704049011",2021-11-14,33,20.8,27,40.7,20.8,29.3,22.8,79,2.42,100,4.17,rain,0,0,33.5,25.8,248,1008.7,57.2,6.9,110.5,9.6,4,,2021-11-14T05:24:33,2021-11-14T17:49:07,0.4,"Rain, Partially cloudy",Partly cloudy throughout the day with late afternoon rain.,rain,"96741099999,WIHH,WIII,96739099999,96749099999,96751099999,96749599999,96745099999"
"-6.59117203505968, 106.901704049011",2021-11-15,29,20.5,25.3,33.6,20.5,26.6,22.6,85,2.36,100,12.5,rain,0,0,,20.5,256.1,1008.7,65.2,7.3,126,10.9,4,,2021-11-15T05:24:35,2021-11-15T17:49:25,0.43,"Rain, Partially cloudy",Partly cloudy throughout the day with rain.,rain,"96741099999,WIII,96739099999,WIHH,96749099999,96751099999,96745099999,96749599999"
"-6.59117203505968, 106.901704049011",2021-11-16,33,20.4,27,39.3,20.4,29.2,22.2,75.7,0.54,100,8.33,rain,0,0,,22.3,255.3,1007.9,52,7.5,183.3,15.8,6,,2021-11-16T05:24:37,2021-11-16T17:49:44,0.46,"Rain, Partially cloudy",Partly cloudy throughout the day with rain.,rain,"96741099999,WIII,96739099999,WIHH,96749099999,96751099999,96745099999,96749599999"
"-6.59117203505968, 106.901704049011",2021-11-17,33,21.3,27.2,38.4,21.3,29.2,22.4,76.5,0,0,0,,0,0,,25.8,178.8,1008.4,56.3,6.5,77.4,6.7,3,,2021-11-17T05:24:41,2021-11-17T17:50:03,0.48,Partially cloudy,Partly cloudy throughout the day.,partly-cloudy-day,"96741099999,WIII,96739099999,WIHH,96749099999,96751099999,96745099999,96749599999"
"-6.59117203505968, 106.901704049011",2021-11-18,32.7,21.3,26.8,38.3,21.3,28.8,22.7,79.6,2.42,100,8.33,rain,0,0,29.5,24.1,207.5,1007.5,52.5,6.9,173.9,15.2,6,,2021-11-18T05:24:45,2021-11-18T17:50:23,0.5,"Rain, Partially cloudy",Partly cloudy throughout the day with late afternoon rain.,rain,"96741099999,WIII,96739099999,WIHH,96749099999,96751099999,96745099999,96749599999"
"-6.59117203505968, 106.901704049011",2021-11-19,29.3,21.2,25.5,34,21.2,26.8,22.4,83.6,16.98,100,20.83,rain,0,0,37.1,27.2,251.1,1007,51,6.3,86.1,7.4,3,,2021-11-19T05:24:51,2021-11-19T17:50:44,0.5,"Rain, Partially cloudy",Partly cloudy throughout the day with rain.,rain,"96741099999,WIII,96739099999,WIHH,96749099999,96751099999,96745099999,96749599999"
"-6.59117203505968, 106.901704049011",2021-11-20,32.5,20.7,25.9,39.2,20.7,27.1,22.2,80.8,0.6,100,4.17,rain,0,0,,17.4,242.2,1007,58.2,6.6,83.3,7,3,,2021-11-20T05:24:57,2021-11-20T17:51:06,0.51,"Rain, Partially cloudy",Partly cloudy throughout the day with late afternoon rain.,rain,"96741099999,WIII,96739099999,WIHH,96749099999,96751099999,96745099999,96749599999"
"-6.59117203505968, 106.901704049011",2021-11-21,33,21.4,26.9,39.2,21.4,29.2,22.9,79.7,0.4,100,8.33,rain,0,0,38.9,20.9,253.1,1007.7,53.3,7.5,168.1,14.5,6,,2021-11-21T05:25:05,2021-11-21T17:51:28,0.52,"Rain, Partially cloudy",Partly cloudy throughout the day with late afternoon rain.,rain,"96741099999,WIII,96739099999,WIHH,96749099999,96751099999,96745099999,96749599999"
"-6.59117203505968, 106.901704049011",2021-11-22,32,21.8,26.8,38.5,21.8,28.8,23,80.6,0,0,0,,0,0,,27.1,265.3,1007.7,58.2,7.4,175.1,15.2,6,,2021-11-22T05:25:14,2021-11-22T17:51:51,0.54,Partially cloudy,Partly cloudy throughout the day.,partly-cloudy-day,"96741099999,WIHH,WIII,96739099999,96749099999,96751099999,96749599999,96745099999"
"-6.59117203505968, 106.901704049011",2021-11-23,30.7,21.2,25.7,35.7,21.2,26.7,21.7,79.5,1.06,100,12.5,rain,0,0,48.2,31.4,253.9,1008.1,61.5,7.3,145.3,12.4,5,,2021-11-23T05:25:23,2021-11-23T17:52:14,0.57,"Rain, Partially cloudy",Partly cloudy throughout the day with rain clearing later.,rain,"96741099999,WIII,96739099999,WIHH,96749099999,96751099999,96745099999,96749599999"
"-6.59117203505968, 106.901704049011",2021-11-24,32.5,21.6,27,35.8,21.6,28.4,20.7,69.7,0,0,0,,0,0,33.5,29.5,226.2,1008.1,53.4,7.5,124.7,10.9,4,,2021-11-24T05:25:33,2021-11-24T17:52:38,0.61,Partially cloudy,Partly cloudy throughout the day.,partly-cloudy-day,"96741099999,WIII,96739099999,WIHH,96749099999,96751099999,96745099999,96749599999"
"-6.59117203505968, 106.901704049011",2021-11-25,33.3,21.5,26.8,39.2,21.5,28.3,22,76,0.4,100,4.17,rain,0,0,35.3,20.9,263,1007.9,52.4,7,242.8,21.1,9,,2021-11-25T05:25:45,2021-11-25T17:53:02,0.66,"Rain, Partially cloudy",Partly cloudy throughout the day with late afternoon rain.,rain,"96741099999,WIII,96739099999,WIHH,96749099999,96751099999,96745099999,96749599999"
"-6.59117203505968, 106.901704049011",2021-11-26,33.3,21.3,26.6,38.2,21.3,28.7,22.9,81.4,4.68,100,12.5,rain,0,0,,21.2,233.9,1008.3,63.5,6.9,144.6,12.5,5,,2021-11-26T05:25:57,2021-11-26T17:53:28,0.7,"Rain, Partially cloudy",Partly cloudy throughout the day with rain.,rain,"96741099999,WIII,96739099999,WIHH,96749099999,96751099999,96745099999,96749599999"
"-6.59117203505968, 106.901704049011",2021-11-27,32,20.3,25.3,37,20.3,26.4,22.3,84.5,23.33,100,16.67,rain,0,0,55.4,32.2,257.4,1009.2,63.9,6.7,261.1,22.5,9,,2021-11-27T05:26:11,2021-11-27T17:53:53,0.75,"Rain, Partially cloudy",Partly cloudy throughout the day with rain.,rain,"96741099999,WIII,96739099999,WIHH,96749099999,96751099999,96745099999,96749599999"
"-6.59117203505968, 106.901704049011",2021-11-28,31.9,19.8,25.4,37.6,19.8,26.5,22.5,84.8,25.54,100,25,rain,0,0,31.7,29.5,247.8,1008.9,67.4,6.6,175.9,15.1,6,,2021-11-28T05:26:25,2021-11-28T17:54:19,0.81,"Rain, Partially cloudy",Partly cloudy throughout the day with a chance of rain throughout the day.,rain,"96741099999,WIII,96739099999,WIHH,96749099999,96751099999,96745099999,96749599999"
"-6.59117203505968, 106.901704049011",2021-11-29,31.3,19.8,25.8,36.9,19.8,27.9,22,80.6,58.3,100,8.33,rain,0,0,40.7,26.7,256.7,1007.7,57.6,6.8,259.5,22.5,9,,2021-11-29T05:26:40,2021-11-29T17:54:46,0.86,"Rain, Partially cloudy",Partly cloudy throughout the day with rain.,rain,"96741099999,WIII,96739099999,WIHH,96749099999,96751099999,96745099999,96749599999"
"-6.59117203505968, 106.901704049011",2021-11-30,31,21.2,26.3,36.9,21.2,28.4,22.7,81,21.77,100,16.67,rain,0,0,,18.4,262,1008.1,56.5,6.5,123.3,10.7,4,,2021-11-30T05:26:56,2021-11-30T17:55:13,0.91,"Rain, Partially cloudy",Partly cloudy throughout the day with rain.,rain,"96741099999,WIHH,WIII,96739099999,96749099999,96751099999,96749599999,96745099999"
"-6.59117203505968, 106.901704049011",2021-12-01,35,21,27.5,39.5,21,29.7,21.7,72.1,0,0,0,,0,0,,33.5,245.9,1008.8,48.8,7.9,223,19.3,9,,2021-12-01T05:27:13,2021-12-01T17:55:40,0.95,Partially cloudy,Partly cloudy throughout the day.,partly-cloudy-day,"96741099999,WIII,96739099999,WIHH,96749099999,96751099999,96745099999,96749599999"
"-6.59117203505968, 106.901704049011",2021-12-02,34,21.3,27.7,40.6,21.3,30.1,22.1,72.9,1.1,100,12.5,rain,0,0,38.9,31.7,246.3,1008.6,38.6,8.3,284.1,24.4,10,,2021-12-02T05:27:30,2021-12-02T17:56:08,0.98,"Rain, Partially cloudy",Partly cloudy throughout the day with rain.,rain,"96741099999,WIII,96739099999,WIHH,96749099999,96751099999,remote,96745099999,96749599999"
"-6.59117203505968, 106.901704049011",2021-12-03,32,22,27.7,37.4,22,30.5,22.8,75,0,0,0,,0,0,,17.9,259.4,1009.7,52.7,6.8,203.9,17.5,8,,2021-12-03T05:27:49,2021-12-03T17:56:37,1,Partially cloudy,Partly cloudy throughout the day.,partly-cloudy-day,"96741099999,WIII,WIHH,96739099999,96749099999,96751099999,96745099999,96749599999"
"-6.59117203505968, 106.901704049011",2021-12-04,27.7,20.8,25,31.6,20.8,25.9,22.6,87,14.32,100,16.67,rain,0,0,,20.5,261.2,1010.3,54.4,6,173.5,15,7,,2021-12-04T05:28:08,2021-12-04T17:57:05,0,"Rain, Partially cloudy",Partly cloudy throughout the day with rain in the morning and afternoon.,rain,"96741099999,WIHH,WIII,96739099999,96749099999,96751099999,96749599999,96745099999"
"-6.59117203505968, 106.901704049011",2021-12-05,28.2,20.2,24.3,31.5,20.2,24.8,22.3,88.9,4.1,100,16.67,rain,0,0,,12.8,258.4,1010.2,65.2,5.4,140.7,12.1,6,,2021-12-05T05:28:28,2021-12-05T17:57:34,0.01,"Rain, Partially cloudy",Partly cloudy throughout the day with rain.,rain,"96741099999,WIII,96739099999,WIHH,96749099999,96751099999,96745099999,96749599999"
"-6.59117203505968, 106.901704049011",2021-12-06,30.7,20.4,25.2,36.2,20.4,26.5,22.7,86.6,44.45,100,12.5,rain,0,0,,18.4,202.5,1009,67.2,5.9,226.4,19.6,8,,2021-12-06T05:28:49,2021-12-06T17:58:03,0.04,"Rain, Partially cloudy",Partly cloudy throughout the day with rain.,rain,"96741099999,WIHH,WIII,96739099999,96749099999,96751099999,96749599999,96745099999"
"-6.59117203505968, 106.901704049011",2021-12-07,29,20.6,24.3,34.1,20.6,25.3,23.2,93.8,30.86,100,33.33,rain,0,0,,11.2,268.2,1009.6,70.4,5,212.8,18.4,6,,2021-12-07T05:29:11,2021-12-07T17:58:33,0.07,"Rain, Partially cloudy",Partly cloudy throughout the day with a chance of rain throughout the day.,rain,"96741099999,WIII,96739099999,WIHH,96749099999,96751099999,96745099999,96749599999"
"-6.59117203505968, 106.901704049011",2021-12-08,31.7,20.9,26.6,39,20.9,29.3,23.8,85.6,23.92,100,20.83,rain,0,0,,20.5,273.5,1009.8,56.2,6.5,312.3,27.1,10,,2021-12-08T05:29:34,2021-12-08T17:59:03,0.12,"Rain, Partially cloudy",Partly cloudy throughout the day with a chance of rain throughout the day.,rain,"96741099999,WIHH,WIII,96739099999,96749099999,96751099999,96749599999,96745099999"
"-6.59117203505968, 106.901704049011",2021-12-09,31,20.5,25.9,38.7,20.5,28.1,23.8,89,15.71,100,25,rain,0,0,33.5,13.4,246.9,1010.2,70,5.6,208.2,18,7,,2021-12-09T05:29:57,2021-12-09T17:59:33,0.17,"Rain, Partially cloudy",Partly cloudy throughout the day with a chance of rain throughout the day.,rain,"96741099999,WIII,96739099999,WIHH,96749099999,96751099999,96745099999,96749599999"
"-6.59117203505968, 106.901704049011",2021-12-10,31.2,20.6,26.1,37.7,20.6,28.2,23.3,85,31.03,100,12.5,rain,0,0,37.1,22.1,249.4,1010.3,61.9,5.9,213,18.4,7,,2021-12-10T05:30:20,2021-12-10T18:00:03,0.22,"Rain, Partially cloudy",Partly cloudy throughout the day with rain.,rain,"96741099999,WIHH,WIII,96739099999,96749099999,96751099999,96749599999,96745099999"
"-6.59117203505968, 106.901704049011",2021-12-11,31.5,20.5,25.2,39.8,20.5,26.7,23.2,89.2,27.29,100,20.83,rain,0,0,,18.9,234,1010.3,68.6,5.5,73.4,6.2,2,,2021-12-11T05:30:45,2021-12-11T18:00:33,0.27,"Rain, Partially cloudy",Partly cloudy throughout the day with rain.,rain,"96741099999,WIII,96739099999,WIHH,96749099999,96751099999,96745099999,96749599999"
"-6.59117203505968, 106.901704049011",2021-12-12,31.6,20.5,26.4,40,20.5,28.6,22.9,82,0.08,100,4.17,rain,0,0,40.7,26.2,256.6,1009.4,51,6.6,218.3,19.1,7,,2021-12-12T05:31:10,2021-12-12T18:01:04,0.32,"Rain, Partially cloudy",Partly cloudy throughout the day with afternoon rain.,rain,"96741099999,WIHH,WIII,96739099999,96749099999,96751099999,96749599999,96745099999"
"-6.59117203505968, 106.901704049011",2021-12-13,32.6,20.5,27.1,40,20.5,29.8,23,79,0.08,100,4.17,rain,0,0,27.7,18.3,275.2,1008,50.9,7.3,279.5,24.1,9,,2021-12-13T05:31:36,2021-12-13T18:01:34,0.37,"Rain, Partially cloudy",Partly cloudy throughout the day with late afternoon rain.,rain,"96741099999,WIII,96739099999,WIHH,96749099999,96751099999,96745099999,96749599999"
"-6.59117203505968, 106.901704049011",2021-12-14,31.5,21.7,26.7,38.8,21.7,29.5,23.6,83.8,2.11,100,8.33,rain,0,0,,14.4,290.5,1007.6,59.3,6.6,254.5,22.1,9,,2021-12-14T05:32:02,2021-12-14T18:02:05,0.41,"Rain, Partially cloudy",Partly cloudy throughout the day with rain.,rain,"96741099999,WIII,96739099999,WIHH,96749099999,96751099999,96745099999,96749599999"
"-6.59117203505968, 106.901704049011",2021-12-15,32.5,20.8,26.4,40.2,20.8,28.7,23.4,84.3,2.74,100,16.67,rain,0,0,,19,228.4,1007.6,57.6,6.1,268.5,23.3,9,,2021-12-15T05:32:29,2021-12-15T18:02:35,0.44,"Rain, Partially cloudy",Partly cloudy throughout the day with rain.,rain,"96741099999,WIII,96739099999,WIHH,96749099999,96751099999,96745099999,96749599999"
"-6.59117203505968, 106.901704049011",2021-12-16,33.5,20.6,25.9,39.6,20.6,27.4,23.5,87.4,32.79,100,16.67,rain,0,0,,17.9,192.7,1008,65,5.4,169.1,14.6,6,,2021-12-16T05:32:56,2021-12-16T18:03:06,0.47,"Rain, Partially cloudy",Partly cloudy throughout the day with rain.,rain,"96741099999,WIII,96739099999,WIHH,96749099999,96751099999,96745099999,96749599999"
"-6.59117203505968, 106.901704049011",2021-12-17,33,20.3,26,40.6,20.3,27.6,23.2,85.7,42.78,100,8.33,rain,0,0,46.4,23.7,219.3,1008,53.4,6.2,122.7,10.5,5,,2021-12-17T05:33:24,2021-12-17T18:03:36,0.49,"Rain, Partially cloudy",Partly cloudy throughout the day with afternoon rain.,rain,"96741099999,WIHH,WIII,96739099999,96749099999,96751099999,96749599999,96745099999"
"-6.59117203505968, 106.901704049011",2021-12-18,34.3,20.6,26.7,41.3,20.6,28.2,22.7,80.1,2.11,100,16.67,rain,0,0,,16.3,199.1,1008.2,52.9,6.8,102.7,8.8,3,,2021-12-18T05:33:52,2021-12-18T18:04:07,0.5,"Rain, Partially cloudy",Partly cloudy throughout the day with rain.,rain,"96741099999,WIII,96739099999,WIHH,96749099999,96751099999,96745099999,96749599999"
"-6.59117203505968, 106.901704049011",2021-12-19,32.7,21.2,27.1,41,21.2,30.2,23.7,82.3,4.55,100,16.67,rain,0,0,,18.4,225,1009.2,53.3,6.3,238.6,20.6,9,,2021-12-19T05:34:21,2021-12-19T18:04:37,0.5,"Rain, Partially cloudy",Partly cloudy throughout the day with rain.,rain,"96741099999,WIHH,WIII,96739099999,96749099999,96751099999,96749599999,96745099999"
"-6.59117203505968, 106.901704049011",2021-12-20,32.7,21.4,25.7,40,21.4,27,23.3,87.8,3.11,100,16.67,rain,0,0,,20.9,249.2,1010.4,53.9,6.1,138.6,11.9,5,,2021-12-20T05:34:50,2021-12-20T18:05:07,0.51,"Rain, Partially cloudy",Partly cloudy throughout the day with rain.,rain,"96741099999,WIII,96739099999,WIHH,96749099999,96751099999,96745099999,96749599999"
"-6.59117203505968, 106.901704049011",2021-12-21,30,20.4,24.5,35.4,20.4,25.1,23,91.6,36.54,100,16.67,rain,0,0,,21.8,204.5,1010.9,63.3,5,163.6,14.1,7,,2021-12-21T05:35:19,2021-12-21T18:05:37,0.53,"Rain, Partially cloudy",Partly cloudy throughout the day with rain.,rain,"96741099999,WIHH,WIII,96739099999,96749099999,96751099999,96749599999,96745099999"
"-6.59117203505968, 106.901704049011",2021-12-22,32,19.6,25.9,37.4,19.6,27.6,22.8,84.5,14.64,100,16.67,rain,0,0,,14.3,211.9,1010.3,57.1,4.9,88.3,7.5,3,,2021-12-22T05:35:49,2021-12-22T18:06:06,0.55,"Rain, Partially cloudy",Partly cloudy throughout the day with rain.,rain,"96741099999,WIII,96739099999,WIHH,96749099999,96751099999,96745099999,96749599999"
"-6.59117203505968, 106.901704049011",2021-12-23,32.7,20.6,25.5,37.5,20.6,26.8,22.9,86.5,19.08,100,16.67,rain,0,0,50,24.9,223.6,1009.6,59.1,5.8,234.2,20.1,8,,2021-12-23T05:36:19,2021-12-23T18:06:36,0.59,"Rain, Partially cloudy",Partly cloudy throughout the day with rain.,rain,"96741099999,WIHH,WIII,96739099999,96751099999,96749099999,96749599999,96745099999"
"-6.59117203505968, 106.901704049011",2021-12-24,31.7,20.3,25.3,38.8,20.3,26.8,22.8,86.7,2.41,100,12.5,rain,0,0,,16.3,255.9,1009.3,58.6,6.4,256.9,22.2,9,,2021-12-24T05:36:49,2021-12-24T18:07:05,0.63,"Rain, Partially cloudy",Partly cloudy throughout the day with a chance of rain throughout the day.,rain,"96741099999,WIII,96739099999,WIHH,96749099999,96751099999,96745099999,96749599999"
"-6.59117203505968, 106.901704049011",2021-12-25,30.7,20.7,25.6,36.8,20.7,26.9,23.4,88.2,0.99,100,16.67,rain,0,0,,13,272.3,1009.8,59.2,6.2,193.7,16.8,7,,2021-12-25T05:37:19,2021-12-25T18:07:34,0.67,"Rain, Partially cloudy",Partly cloudy throughout the day with rain.,rain,"96741099999,WIHH,WIII,96739099999,96749099999,96751099999,96749599999,96745099999"
"-6.59117203505968, 106.901704049011",2021-12-26,31.5,19.5,25.6,35.7,19.5,27.4,22.4,83.7,2.87,100,12.5,rain,0,0,,20.8,262.7,1011.1,63.7,6.5,152.7,13.3,6,,2021-12-26T05:37:50,2021-12-26T18:08:02,0.72,"Rain, Partially cloudy",Partly cloudy throughout the day with rain clearing later.,rain,"96741099999,WIII,96739099999,WIHH,96749099999,96751099999,96745099999,96749599999"
"-6.59117203505968, 106.901704049011",2021-12-27,32,21.3,26.4,38.2,21.3,28.7,23.3,83.3,4.06,100,12.5,rain,0,0,,24.6,271.1,1011.4,54.2,6,212.7,18.4,7,,2021-12-27T05:38:21,2021-12-27T18:08:30,0.78,"Rain, Partially cloudy",Partly cloudy throughout the day with rain.,rain,"96741099999,WIII,96739099999,WIHH,96749099999,96751099999,96745099999,96749599999"
"-6.59117203505968, 106.901704049011",2021-12-28,30.3,20.7,25.9,36.6,20.7,27.9,23.3,86,8.39,100,20.83,rain,0,0,,16,177.3,1010.3,59.6,6,220.8,18.8,7,,2021-12-28T05:38:52,2021-12-28T18:08:58,0.83,"Rain, Partially cloudy",Partly cloudy throughout the day with rain.,rain,"96741099999,WIII,96739099999,WIHH,96749099999,96751099999,96745099999,96749599999"
"-6.59117203505968, 106.901704049011",2021-12-29,31,20.6,25.7,37.3,20.6,27.8,23.2,87,14.82,100,16.67,rain,0,0,,18.4,249.7,1010.2,63.8,5.9,242.2,20.9,9,,2021-12-29T05:39:23,2021-12-29T18:09:25,0.88,"Rain, Partially cloudy",Partly cloudy throughout the day with rain.,rain,"96741099999,WIII,96739099999,WIHH,96749099999,96751099999,96745099999,96749599999"
"-6.59117203505968, 106.901704049011",2021-12-30,30.7,20.6,26,37.7,20.6,28.2,23.7,87.7,0.85,100,12.5,rain,0,0,,16.6,280.3,1009.9,59.7,5.8,236.3,20.3,8,,2021-12-30T05:39:54,2021-12-30T18:09:52,0.93,"Rain, Partially cloudy",Partly cloudy throughout the day with rain.,rain,"96741099999,WIHH,WIII,96739099999,96749099999,96751099999,96749599999,96745099999"
"-6.59117203505968, 106.901704049011",2021-12-31,32,20.2,26.6,38.2,20.2,28.6,22.8,81.2,0,0,0,,0,0,,18.1,253.4,1009.6,49.6,6.4,194.1,16.6,7,,2021-12-31T05:40:25,2021-12-31T18:10:18,0.97,Partially cloudy,Partly cloudy throughout the day.,partly-cloudy-day,"96741099999,WIII,96739099999,WIHH,96749099999,96751099999,96745099999,96749599999"
"-6.59117203505968, 106.901704049011",2022-01-01,31.7,20.6,26.7,37.5,20.6,29,22.6,79.4,0.26,100,12.5,rain,0,0,,21.5,256.8,1009.4,54.8,7.5,222.8,19.2,8,,2022-01-01T05:40:56,2022-01-01T18:10:44,0.99,"Rain, Partially cloudy",Partly cloudy throughout the day with rain clearing later.,rain,"96741099999,WIHH,WIII,96739099999,96749099999,96751099999,96749599999,96745099999"
"-6.59117203505968, 106.901704049011",2022-01-02,32.7,20.5,26.4,37.7,20.5,28,22.5,80.6,0.08,100,4.17,rain,0,0,,22.6,239.1,1009,51.6,7.1,241.4,21,8,,2022-01-02T05:41:27,2022-01-02T18:11:09,1,"Rain, Partially cloudy",Partly cloudy throughout the day with late afternoon rain.,rain,"96741099999,WIII,96739099999,WIHH,96749099999,96751099999,96745099999,96749599999"
"-6.59117203505968, 106.901704049011",2022-01-03,34.3,19.1,26.8,38.4,19.1,28.5,21.2,73.5,0,0,0,,0,0,,20.8,228.8,1008.8,45.4,7.3,271.9,23.6,10,,2022-01-03T05:41:58,2022-01-03T18:11:33,0,Partially cloudy,Partly cloudy throughout the day.,partly-cloudy-day,"96741099999,WIHH,WIII,96739099999,96749099999,96751099999,96749599999,96745099999"
"-6.59117203505968, 106.901704049011",2022-01-04,32.7,19.6,26.5,37,19.6,28.6,21.7,75.8,0,0,0,,0,0,,15.2,206.4,1009.8,43.2,6.6,324.7,28,10,,2022-01-04T05:42:29,2022-01-04T18:11:57,0.02,Partially cloudy,Partly cloudy throughout the day.,partly-cloudy-day,"96741099999,WIII,96739099999,WIHH,96749099999,96751099999,96745099999,96749599999"
"-6.59117203505968, 106.901704049011",2022-01-05,32.7,20.5,27.1,38,20.5,29.5,22.9,79.5,4.03,100,4.17,rain,0,0,,12.7,190.8,1009.6,49.9,5.6,288,25,10,,2022-01-05T05:42:59,2022-01-05T18:12:20,0.05,"Rain, Partially cloudy",Partly cloudy throughout the day with late afternoon rain.,rain,"96741099999,WIII,96739099999,WIHH,96749099999,96751099999,96745099999,96749599999"
"-6.59117203505968, 106.901704049011",2022-01-06,32,20.9,26.3,39.6,20.9,28.5,23.8,87,6.54,100,16.67,rain,0,0,,16.6,221.4,1010.4,59.9,5.3,240.5,20.6,8,,2022-01-06T05:43:30,2022-01-06T18:12:43,0.09,"Rain, Partially cloudy",Partly cloudy throughout the day with rain.,rain,"96741099999,WIII,96739099999,WIHH,96749099999,96751099999,96745099999,96749599999"
"-6.59117203505968, 106.901704049011",2022-01-07,33.7,20,26.4,38.5,20,27.9,22.3,80.4,1.08,100,12.5,rain,0,0,,17.3,212.8,1010.7,55.5,6.6,192,16.5,7,,2022-01-07T05:44:00,2022-01-07T18:13:05,0.14,"Rain, Partially cloudy",Partly cloudy throughout the day with rain.,rain,"96741099999,WIII,96739099999,WIHH,96749099999,96751099999,96745099999,96749599999"
"-6.59117203505968, 106.901704049011",2022-01-08,32,21.4,26.7,38.2,21.4,28.5,22.8,80.4,0.01,100,4.17,rain,0,0,,20.8,274.5,1009.8,52.9,6.2,234.5,20.2,8,,2022-01-08T05:44:30,2022-01-08T18:13:26,0.19,"Rain, Partially cloudy",Partly cloudy throughout the day with early morning rain.,rain,"96741099999,WIII,96739099999,WIHH,96749099999,96751099999,96745099999,96749599999"
"-6.59117203505968, 106.901704049011",2022-01-09,31.7,20.8,26.8,38.2,20.8,29.2,22.9,80.4,1.61,100,4.17,rain,0,0,,16.6,270.9,1009,53.2,6.6,225.4,19.6,7,,2022-01-09T05:45:00,2022-01-09T18:13:46,0.24,"Rain, Partially cloudy",Partly cloudy throughout the day with afternoon rain.,rain,"96741099999,WIII,96739099999,WIHH,96749099999,96751099999,96745099999,96749599999"
"-6.59117203505968, 106.901704049011",2022-01-10,31.5,20.8,26.1,38.4,20.8,28,23.2,85,2.63,100,12.5,rain,0,0,4.7,19.9,268.6,1009.1,56,6.4,184.5,16.3,6,10,2022-01-10T05:45:29,2022-01-10T18:14:06,0.28,"Rain, Partially cloudy",Partly cloudy throughout the day with rain.,rain,"96741099999,WIII,96739099999,WIHH,96749099999,96751099999,96745099999,96749599999"
"-6.59117203505968, 106.901704049011",2022-01-11,31.5,20.7,25.1,38.4,20.7,26.3,23.2,90.2,15.19,100,25,rain,0,0,33.5,14.8,243.8,1010.8,69.8,5.6,237.1,20.7,7,10,2022-01-11T05:45:59,2022-01-11T18:14:25,0.33,"Rain, Partially cloudy",Partly cloudy throughout the day with a chance of rain throughout the day.,rain,"96741099999,WIHH,WIII,96739099999,96749099999,96751099999,96749599999,96745099999"
"-6.59117203505968, 106.901704049011",2022-01-12,30.3,20.4,24.8,36.5,20.4,26.3,23,90.2,15.1,100,20.83,rain,0,0,51.8,22,270,1010.8,63.7,5.8,180.4,15.8,9,30,2022-01-12T05:46:27,2022-01-12T18:14:43,0.38,"Rain, Partially cloudy",Partly cloudy throughout the day with rain.,rain,"96741099999,WIII,96739099999,WIHH,96749099999,96751099999,96745099999,96749599999"
"-6.59117203505968, 106.901704049011",2022-01-13,30.7,19.9,25.2,36.5,19.9,27.3,23,88,10.18,100,20.83,rain,0,0,18.4,24.1,234.4,1010.8,59.8,6.3,233.3,20.5,8,30,2022-01-13T05:46:56,2022-01-13T18:15:00,0.41,"Rain, Partially cloudy",Partly cloudy throughout the day with a chance of rain throughout the day.,rain,"96741099999,WIHH,WIII,96739099999,96749099999,96751099999,96749599999,96745099999"
"-6.59117203505968, 106.901704049011",2022-01-14,29,20.7,25.2,34.5,20.7,27,23.3,89.6,15.11,100,25,rain,0,0,16.9,19.4,231.5,1010.6,54.3,5,260.7,23.2,7,30,2022-01-14T05:47:24,2022-01-14T18:15:16,0.45,"Rain, Partially cloudy",Partly cloudy throughout the day with rain.,rain,"96741099999,WIII,96739099999,WIHH,96749099999,96751099999,96745099999,96749599999"
"-6.59117203505968, 106.901704049011",2022-01-15,29,20.7,25.2,34.1,20.7,26.9,23.2,89.6,16.1,100,12.5,rain,0,0,17.3,16.6,242.7,1010.4,66,5.7,183,16.2,7,30,2022-01-15T05:47:51,2022-01-15T18:15:32,0.47,"Rain, Partially cloudy",Partly cloudy throughout the day with rain.,rain,"96741099999,WIHH,WIII,96739099999,96749099999,96751099999,96749599999,96745099999"
"-6.59117203505968, 106.901704049011",2022-01-16,29,20,25.5,34.8,20,27.5,23.9,91.5,1.72,100,12.5,rain,0,0,16.2,11.4,246.3,1009.9,55.1,5.1,243.9,21.6,7,30,2022-01-16T05:48:19,2022-01-16T18:15:47,0.49,"Rain, Partially cloudy",Partly cloudy throughout the day with rain.,rain,"96741099999,WIII,96739099999,WIHH,96749099999,96751099999,96745099999,96749599999"
"-6.59117203505968, 106.901704049011",2022-01-17,31,20.6,26.1,37.7,20.6,28.6,23.6,86.5,6.14,100,20.83,rain,0,0,15.8,18.4,293.7,1009.5,65.2,6.1,260.1,22.7,8,30,2022-01-17T05:48:45,2022-01-17T18:16:00,0.5,"Rain, Partially cloudy",Partly cloudy throughout the day with rain.,rain,"96741099999,WIHH,WIII,96739099999,96749099999,96751099999,96749599999,96745099999"
"-6.59117203505968, 106.901704049011",2022-01-18,28,20.3,24.5,32.3,20.3,25.2,23.4,93.7,21.98,100,29.17,rain,0,0,40.7,18.4,298,1009.3,65.5,4.5,247.5,21.7,8,30,2022-01-18T05:49:11,2022-01-18T18:16:13,0.5,"Rain, Partially cloudy",Partly cloudy throughout the day with a chance of rain throughout the day.,rain,"96741099999,WIII,WIHH,96739099999,96749099999,96751099999,96745099999,96749599999"
"-6.59117203505968, 106.901704049011",2022-01-19,30.5,20.5,25.4,36.4,20.5,26.9,23,87.5,10.95,100,29.17,rain,0,0,55.4,27.7,290.8,1008.5,62.5,5.6,287.6,25.1,8,30,2022-01-19T05:49:37,2022-01-19T18:16:25,0.52,"Rain, Partially cloudy",Partly cloudy throughout the day with a chance of rain throughout the day.,rain,"96741099999,WIHH,WIII,96739099999,96749099999,96751099999,96749599999,96745099999"
"-6.59117203505968, 106.901704049011",2022-01-20,29.7,20.4,24.2,34.3,20.4,24.7,22.3,89.3,16.25,100,16.67,rain,0,0,25.2,15,252.6,1009.3,55,6.3,112.7,10.1,5,10,2022-01-20T05:50:02,2022-01-20T18:16:36,0.53,"Rain, Partially cloudy",Partly cloudy throughout the day with a chance of rain throughout the day.,rain,"96741099999,WIII,96739099999,WIHH,96749099999,96751099999,96745099999,96749599999"
"-6.59117203505968, 106.901704049011",2022-01-21,31,19.8,25.4,36.3,19.8,27.3,22.5,84.9,3.75,100,12.5,rain,0,0,18.4,14.8,248.4,1009.1,53.8,6.8,295,25.7,9,30,2022-01-21T05:50:27,2022-01-21T18:16:47,0.56,"Rain, Partially cloudy",Partly cloudy throughout the day with rain.,rain,"96741099999,WIII,96739099999,WIHH,96749099999,96751099999,96745099999,96749599999"
"-6.59117203505968, 106.901704049011",2022-01-22,30.7,19.7,25.7,36.5,19.7,27.7,23.1,86.2,4.41,100,16.67,rain,0,0,14.8,16.6,273.2,1009.3,59.8,6.2,240.2,21.2,8,30,2022-01-22T05:50:51,2022-01-22T18:16:56,0.6,"Rain, Partially cloudy",Partly cloudy throughout the day with rain clearing later.,rain,"96741099999,WIII,96739099999,WIHH,96749099999,96751099999,96745099999,96749599999"
"-6.59117203505968, 106.901704049011",2022-01-23,33.2,21,27.1,40.5,21,29.6,23,79.3,0,0,0,rain,0,0,15.1,17,269.8,1008.4,50,7,294.1,25.6,9,30,2022-01-23T05:51:14,2022-01-23T18:17:04,0.65,Partially cloudy,Partly cloudy throughout the day.,partly-cloudy-day,"96741099999,WIHH,WIII,96739099999,96749099999,96751099999,96749599999,96745099999"
"-6.59117203505968, 106.901704049011",2022-01-24,34.5,21.3,27.3,41.3,21.3,29.7,22.5,76.4,0,0,0,rain,0,0,17.6,28.8,252.3,1007.4,44.4,7.5,257.1,22.6,8,30,2022-01-24T05:51:37,2022-01-24T18:17:11,0.7,Partially cloudy,Partly cloudy throughout the day.,partly-cloudy-day,"96741099999,WIII,96739099999,WIHH,96749099999,96751099999,96745099999,96749599999"
"-6.59117203505968, 106.901704049011",2022-01-25,31.7,21.3,26.8,38.2,21.3,29.3,23.2,81.1,0.39,100,8.33,rain,0,0,20.5,25.2,265.8,1007.6,51.8,7.8,281.9,24.8,8,30,2022-01-25T05:51:59,2022-01-25T18:17:18,0.75,"Rain, Partially cloudy",Partly cloudy throughout the day with rain.,rain,"96741099999,WIII,96739099999,WIHH,96749099999,96751099999,96745099999,96749599999"
"-6.59117203505968, 106.901704049011",2022-01-26,30,21.2,25.6,36.5,21.2,27.1,23.4,88.2,0.7,100,16.67,rain,0,0,16.6,13,269.4,1008.5,62.5,6.5,214.8,18.8,6,30,2022-01-26T05:52:20,2022-01-26T18:17:23,0.81,"Rain, Partially cloudy",Partly cloudy throughout the day with rain.,rain,"96741099999,WIII,96739099999,WIHH,96749099999,96751099999,96745099999,96749599999"
"-6.59117203505968, 106.901704049011",2022-01-27,32.5,21,26.5,37.2,21,28.5,23.1,82.9,0.11,100,4.17,rain,0,0,17.3,20.4,303.7,1009,55.6,6.7,247,21.5,7,30,2022-01-27T05:52:41,2022-01-27T18:17:28,0.86,"Rain, Partially cloudy",Partly cloudy throughout the day with late afternoon rain.,rain,"96741099999,WIHH,WIII,96739099999,96749099999,96751099999,96749599999,96745099999"
"-6.59117203505968, 106.901704049011",2022-01-28,32.7,20.3,25.8,37.8,20.3,27.1,22.7,84.4,1.37,100,12.5,rain,0,0,15.1,16.3,260.4,1009.5,51.9,6.5,221.6,19.5,7,30,2022-01-28T05:53:02,2022-01-28T18:17:31,0.91,"Rain, Partially cloudy",Partly cloudy throughout the day with rain.,rain,"96741099999,WIII,96739099999,WIHH,96749099999,96751099999,96745099999,96749599999"
"-6.59117203505968, 106.901704049011",2022-01-29,31.7,21,26.3,37.9,21,28.4,22.8,82,0,0,0,rain,0,0,15.1,14.8,213.2,1009.3,52.5,5.8,313.3,27.4,10,30,2022-01-29T05:53:21,2022-01-29T18:17:34,0.95,Partially cloudy,Partly cloudy throughout the day.,partly-cloudy-day,"96741099999,WIII,96739099999,WIHH,96749099999,96751099999,96745099999,96749599999"
"-6.59117203505968, 106.901704049011",2022-01-30,31.7,20.2,26.2,38.2,20.2,28.5,22.7,81.3,0.98,100,8.33,rain,0,0,17.6,14.4,213.7,1009.1,55,5.2,269.2,23.5,10,30,2022-01-30T05:53:40,2022-01-30T18:17:35,0.98,"Rain, Partially cloudy",Partly cloudy throughout the day with rain.,rain,"96741099999,WIII,96739099999,WIHH,96749099999,96751099999,96745099999,96749599999"
"-6.59117203505968, 106.901704049011",2022-01-31,31.7,20.3,26.6,38.8,20.3,28.8,22.6,79.6,50.17,100,8.33,rain,0,0,15.8,16.6,298.3,1008.8,56.4,6.1,272.1,23.7,9,30,2022-01-31T05:53:58,2022-01-31T18:17:36,1,"Rain, Partially cloudy",Partly cloudy throughout the day with late afternoon rain.,rain,"96741099999,WIII,96739099999,WIHH,96749099999,96751099999,96745099999,96749599999"
"-6.59117203505968, 106.901704049011",2022-02-01,31.7,20.1,26.4,38.2,20.1,28.7,23.2,83.4,20.22,100,8.33,rain,0,0,17.6,16.3,240.2,1008.3,53.5,6,299.8,26.3,9,30,2022-02-01T05:54:16,2022-02-01T18:17:35,0,"Rain, Partially cloudy",Partly cloudy throughout the day with rain.,rain,"96741099999,WIII,96739099999,WIHH,96749099999,96751099999,96745099999,96749599999"
"-6.59117203505968, 106.901704049011",2022-02-02,31.5,20.2,25.8,37.2,20.2,27.8,23,85.1,10.86,100,20.83,rain,0,0,13,22.3,222.7,1009.4,60.8,5.9,283.2,24.7,8,30,2022-02-02T05:54:32,2022-02-02T18:17:34,0.01,"Rain, Partially cloudy",Partly cloudy throughout the day with a chance of rain throughout the day.,rain,"96741099999,WIII,96739099999,WIHH,96749099999,96751099999,96745099999,96749599999"
"-6.59117203505968, 106.901704049011",2022-02-03,32.2,20,26.7,37.6,20,29.2,23,80.9,0.61,100,16.67,rain,0,0,11.9,15.2,227.6,1008.9,49.3,6.2,301.6,26.4,9,30,2022-02-03T05:54:48,2022-02-03T18:17:32,0.03,"Rain, Partially cloudy",Partly cloudy throughout the day with rain.,rain,"96741099999,WIII,96739099999,WIHH,96749099999,96751099999,96745099999,96749599999"
"-6.59117203505968, 106.901704049011",2022-02-04,31,20.4,25.3,37.3,20.4,26.7,23,87.9,13.87,100,25,rain,0,0,14,15.7,237.8,1008,69.2,5,228.4,19.9,7,30,2022-02-04T05:55:04,2022-02-04T18:17:29,0.07,"Rain, Partially cloudy",Partly cloudy throughout the day with a chance of rain throughout the day.,rain,"96741099999,WIII,96739099999,WIHH,96749099999,96751099999,96745099999,96749599999"
"-6.59117203505968, 106.901704049011",2022-02-05,28.9,20.3,24.6,34.4,20.3,25.8,23.1,91.7,15.64,100,20.83,rain,0,0,20.2,20.5,258.9,1008.4,64.1,6.1,150.1,13.2,5,30,2022-02-05T05:55:19,2022-02-05T18:17:25,0.11,"Rain, Partially cloudy",Partly cloudy throughout the day with a chance of rain throughout the day.,rain,"96741099999,WIII,96739099999,WIHH,96749099999,96751099999,96745099999,96749599999"
"-6.59117203505968, 106.901704049011",2022-02-06,30.7,20.6,25.5,35.7,20.6,27.2,23,86.7,21.95,100,29.17,rain,0,0,44.3,20.3,273.6,1007.9,60.1,5.8,178.1,15.5,8,30,2022-02-06T05:55:33,2022-02-06T18:17:20,0.15,"Rain, Partially cloudy",Partly cloudy throughout the day with a chance of rain throughout the day.,rain,"96741099999,WIII,96739099999,WIHH,96749099999,96751099999,96745099999,96749599999"
"-6.59117203505968, 106.901704049011",2022-02-07,31,20.5,25.8,36.5,20.5,27.6,23.2,86.6,19.15,100,25,rain,0,0,14,17.9,277.1,1008.1,65.6,5.8,215.3,18.8,7,10,2022-02-07T05:55:46,2022-02-07T18:17:14,0.2,"Rain, Partially cloudy",Partly cloudy throughout the day with a chance of rain throughout the day.,rain,"96741099999,WIII,96739099999,WIHH,96749099999,96751099999,96745099999,96749599999"
"-6.59117203505968, 106.901704049011",2022-02-08,27.3,20.8,24.8,31.2,20.8,25.6,23.7,93.2,26.23,100,25,rain,0,0,14.4,10.9,205.6,1009.1,65.9,4.9,233.1,20.2,7,30,2022-02-08T05:55:58,2022-02-08T18:17:07,0.25,"Rain, Partially cloudy",Partly cloudy throughout the day with a chance of rain throughout the day.,rain,"96741099999,WIII,96739099999,WIHH,96749099999,96751099999,96745099999,96749599999"
"-6.59117203505968, 106.901704049011",2022-02-09,31,20.2,25.5,37.7,20.2,27,22.8,85.3,6.66,100,20.83,rain,0,0,68.4,37.1,250.1,1009.1,63.8,6.1,277.7,24.2,9,10,2022-02-09T05:56:10,2022-02-09T18:16:59,0.29,"Rain, Partially cloudy",Partly cloudy throughout the day with rain.,rain,"96741099999,WIII,96739099999,WIHH,96749099999,96751099999,96745099999,96749599999"
"-6.59117203505968, 106.901704049011",2022-02-10,30,20.2,25.2,34.1,20.2,26.6,22,82.8,3.33,100,12.5,rain,0,0,44.6,22.3,263.9,1008,60.7,6.3,129.7,11.5,5,30,2022-02-10T05:56:21,2022-02-10T18:16:51,0.34,"Rain, Partially cloudy",Partly cloudy throughout the day with rain.,rain,"96741099999,WIII,96739099999,WIHH,96749099999,96751099999,96745099999,96749599999"
"-6.59117203505968, 106.901704049011",2022-02-11,30,19.8,25.7,36.2,19.8,27.8,22.5,82.4,0.02,100,4.17,rain,0,0,31.3,18.4,259.6,1007.5,58.6,6.3,277.9,24.2,9,10,2022-02-11T05:56:32,2022-02-11T18:16:41,0.38,"Rain, Partially cloudy",Partly cloudy throughout the day with late afternoon rain.,rain,"96741099999,WIII,96739099999,WIHH,96749099999,96751099999,96745099999,96749599999"
"-6.59117203505968, 106.901704049011",2022-02-12,30,21,26.1,36.5,21,28.6,23.3,85.2,0.32,100,4.17,rain,0,0,20.9,12.1,285.5,1006.5,59.5,6.1,213.6,18.7,7,10,2022-02-12T05:56:42,2022-02-12T18:16:31,0.42,"Rain, Partially cloudy",Partly cloudy throughout the day with morning rain.,rain,"96741099999,WIII,96739099999,WIHH,96749099999,96751099999,96745099999,96749599999"
"-6.59117203505968, 106.901704049011",2022-02-13,30.5,20.8,25.4,36.9,20.8,27,22.8,86.1,1.12,100,12.5,rain,0,0,15.1,16.6,249.7,1006.4,60.8,6,134.5,11.8,4,10,2022-02-13T05:56:51,2022-02-13T18:16:20,0.45,"Rain, Partially cloudy",Partly cloudy throughout the day with rain.,rain,"96741099999,WIII,96739099999,WIHH,96749099999,96751099999,96745099999,96749599999"
"-6.59117203505968, 106.901704049011",2022-02-14,29.7,20.6,25,34.7,20.6,25.8,22.3,85.4,2.43,100,12.5,rain,0,0,16.9,17.9,141.3,1007.8,54.2,6.2,285.6,24.9,9,10,2022-02-14T05:56:59,2022-02-14T18:16:08,0.48,"Rain, Partially cloudy",Partly cloudy throughout the day with rain in the morning and afternoon.,rain,"96741099999,WIII,96739099999,WIHH,96749099999,96751099999,96745099999,96749599999"
"-6.59117203505968, 106.901704049011",2022-02-15,33.5,21,26.1,39.3,21,27.9,22.7,82.5,2.23,100,8.33,rain,0,0,16.2,13.1,166.7,1007.8,55.3,5.9,250.2,21.9,10,10,2022-02-15T05:57:07,2022-02-15T18:15:55,0.49,"Rain, Partially cloudy",Partly cloudy throughout the day with rain.,rain,"96741099999,WIII,96739099999,WIHH,96749099999,96751099999,96745099999,96749599999"
"-6.59117203505968, 106.901704049011",2022-02-16,32.7,20.7,26.3,38,20.7,27.9,22.7,82.2,30.65,100,8.33,rain,0,0,13.3,33.5,167,1006.2,56.8,5.8,241.2,21,10,30,2022-02-16T05:57:14,2022-02-16T18:15:42,0.5,"Rain, Partially cloudy",Partly cloudy throughout the day with late afternoon rain.,rain,"96741099999,WIII,96739099999,WIHH,96749099999,96751099999,96745099999,96749599999"
"-6.59117203505968, 106.901704049011",2022-02-17,30.7,19.8,25.6,37.3,19.8,27.5,23,86.3,16.48,100,16.67,rain,0,0,14.4,14.3,230.3,1006.5,53.9,5.7,209,18.3,10,30,2022-02-17T05:57:20,2022-02-17T18:15:27,0.51,"Rain, Partially cloudy",Partly cloudy throughout the day with rain.,rain,"96741099999,WIII,96739099999,WIHH,96749099999,96751099999,96745099999,96749599999"
"-6.59117203505968, 106.901704049011",2022-02-18,29.7,20.4,25.4,35.6,20.4,26.9,23.3,88.7,5.44,100,20.83,rain,0,0,14,10.4,180.6,1008.2,61.4,5.1,177.3,15.5,6,30,2022-02-18T05:57:26,2022-02-18T18:15:12,0.52,"Rain, Partially cloudy",Partly cloudy throughout the day with rain.,rain,"96741099999,WIII,96739099999,WIHH,96749099999,96751099999,96745099999,96749599999"
"-6.59117203505968, 106.901704049011",2022-02-19,30,20.1,25.7,35.1,20.1,27.6,23.2,86.8,1.03,100,20.83,rain,0,0,11.2,18.4,191.7,1009.2,54.9,5.7,167.2,14.5,7,30,2022-02-19T05:57:31,2022-02-19T18:14:56,0.54,"Rain, Partially cloudy",Partly cloudy throughout the day with rain.,rain,"96741099999,WIII,96739099999,WIHH,96749099999,96751099999,96745099999,96749599999"
"-6.59117203505968, 106.901704049011",2022-02-20,30,20.9,26.2,36.4,20.9,28.4,23.7,86.6,1.45,100,12.5,rain,0,0,7.9,13,162.5,1009.5,55.9,5.7,170.7,14.8,7,30,2022-02-20T05:57:36,2022-02-20T18:14:40,0.58,"Rain, Partially cloudy",Partly cloudy throughout the day with rain.,rain,"96741099999,WIII,96739099999,WIHH,96749099999,96751099999,96745099999,96749599999"
"-6.59117203505968, 106.901704049011",2022-02-21,32.7,20.6,26.5,38.5,20.6,28.6,22.3,79,8.11,100,8.33,rain,0,0,16.9,17.4,250.7,1009.1,57.5,6.5,245.2,21.4,8,30,2022-02-21T05:57:40,2022-02-21T18:14:22,0.62,"Rain, Partially cloudy",Partly cloudy throughout the day with rain clearing later.,rain,"96741099999,WIII,96739099999,WIHH,96749099999,96751099999,96745099999,96749599999"
"-6.59117203505968, 106.901704049011",2022-02-22,32.7,20.7,26.9,36.6,20.7,29.1,22.5,78,1.57,100,8.33,rain,0,0,16.9,19.4,265,1009.7,52.2,6.8,301.3,26.2,10,30,2022-02-22T05:57:43,2022-02-22T18:14:04,0.67,"Rain, Partially cloudy",Partly cloudy throughout the day with rain.,rain,"96741099999,WIII,96739099999,WIHH,96749099999,96751099999,96745099999,96749599999"
"-6.59117203505968, 106.901704049011",2022-02-23,31.7,20.9,26.3,37.6,20.9,28.3,22.1,78.9,2.82,100,12.5,rain,0,0,16.2,29.5,272.7,1010.3,58.3,6.6,261.4,22.9,9,30,2022-02-23T05:57:46,2022-02-23T18:13:46,0.73,"Rain, Partially cloudy",Partly cloudy throughout the day with rain.,rain,"96741099999,WIII,96739099999,WIHH,96749099999,96751099999,96745099999,96749599999"
"-6.59117203505968, 106.901704049011",2022-02-24,32.5,19.6,26,34.7,19.6,27.2,21,75.8,13.65,100,16.67,rain,0,0,33.5,27.9,251,1010.3,55.4,7.2,178.9,15.6,8,10,2022-02-24T05:57:48,2022-02-24T18:13:26,0.79,"Rain, Partially cloudy",Partly cloudy throughout the day with rain clearing later.,rain,"96741099999,WIII,96739099999,WIHH,96749099999,96751099999,96745099999,96749599999"
"-6.59117203505968, 106.901704049011",2022-02-25,29.2,20.5,25.2,32.7,20.5,25.8,21.7,81.7,5.15,100,12.5,rain,0,0,31.7,21.2,258.4,1010.1,60.6,6.9,127.1,11.4,6,10,2022-02-25T05:57:49,2022-02-25T18:13:06,0.84,"Rain, Partially cloudy",Partly cloudy throughout the day with rain in the morning and afternoon.,rain,"96741099999,WIII,96739099999,WIHH,96749099999,96751099999,96745099999,96749599999"
"-6.59117203505968, 106.901704049011",2022-02-26,31,21.4,25,35.8,21.4,25.7,22.1,84.5,8.49,100,16.67,rain,0,0,59.4,30.1,259.4,1009.6,58.1,6.7,299.8,26.2,9,10,2022-02-26T05:57:50,2022-02-26T18:12:46,0.89,"Rain, Partially cloudy",Partly cloudy throughout the day with rain.,rain,"96741099999,WIII,96739099999,WIHH,96749099999,96751099999,96745099999,96749599999"
"-6.59117203505968, 106.901704049011",2022-02-27,30.5,21.2,25.4,35.8,21.2,26.7,22.4,83.9,8.24,100,16.67,rain,0,0,26.3,27.7,256.8,1009.3,52.5,7.3,279.3,24.6,9,30,2022-02-27T05:57:51,2022-02-27T18:12:24,0.94,"Rain, Partially cloudy",Partly cloudy throughout the day with rain in the morning and afternoon.,rain,"96741099999,WIII,96739099999,WIHH,96749099999,96751099999,96745099999,96749599999"
"-6.59117203505968, 106.901704049011",2022-02-28,30,20.5,25.7,35,20.5,27.4,22.5,83.2,1.64,100,20.83,rain,0,0,21.2,20.5,267.1,1008.7,56.1,7.2,254.6,22.1,8,10,2022-02-28T05:57:51,2022-02-28T18:12:03,0.97,"Rain, Partially cloudy",Partly cloudy throughout the day with rain.,rain,"96741099999,WIII,96739099999,WIHH,96749099999,96751099999,96745099999,96749599999"
"-6.59117203505968, 106.901704049011",2022-03-01,29,20.5,24.4,33.6,20.5,25.2,22.8,90.9,14.74,100,29.17,rain,0,0,20.5,24.1,256.9,1009,67.6,6.2,249.3,19.1,7,30,2022-03-01T05:57:50,2022-03-01T18:11:40,1,"Rain, Partially cloudy",Partly cloudy throughout the day with a chance of rain throughout the day.,rain,"96741099999,WIII,96739099999,WIHH,96749099999,96751099999,96745099999,96749599999"
"-6.59117203505968, 106.901704049011",2022-03-02,31,20.4,25.9,37.7,20.4,27.6,22.9,84.6,4.88,100,12.5,rain,0,0,57.6,27.6,257.1,1008.6,54.5,7,306.7,22,9,10,2022-03-02T05:57:49,2022-03-02T18:11:17,1,"Rain, Partially cloudy",Partly cloudy throughout the day with rain in the morning and afternoon.,rain,"96741099999,WIII,96739099999,WIHH,96749099999,96751099999,96745099999,96749599999"
"-6.59117203505968, 106.901704049011",2022-03-03,32.7,20.6,26.4,39.2,20.6,28.7,22.9,81.7,5.72,100,12.5,rain,0,0,18.7,27.7,259.7,1008.1,53.2,7.2,247.6,17.6,7,30,2022-03-03T05:57:48,2022-03-03T18:10:54,0,"Rain, Partially cloudy",Partly cloudy throughout the day with rain.,rain,"96741099999,WIII,96739099999,WIHH,96749099999,96751099999,96745099999,96749599999"
"-6.59117203505968, 106.901704049011",2022-03-04,31.7,20.4,26.3,37,20.4,28.2,22.8,82.4,2.52,100,8.33,rain,0,0,35.3,16.6,268.9,1009.1,64.5,6.6,241.8,17.3,9,30,2022-03-04T05:57:46,2022-03-04T18:10:30,0.02,"Rain, Partially cloudy",Partly cloudy throughout the day with rain clearing later.,rain,"96741099999,WIII,96739099999,WIHH,96749099999,96751099999,96745099999,96749599999"
"-6.59117203505968, 106.901704049011",2022-03-05,32.7,21.2,25.7,38.3,21.2,26.9,22.6,83.9,14.33,100,12.5,rain,0,0,23.4,21.2,241.5,1008.7,56.3,6.9,304.1,21.8,8,30,2022-03-05T05:57:43,2022-03-05T18:10:06,0.04,"Rain, Partially cloudy",Partly cloudy throughout the day with rain.,rain,"96741099999,WIII,96739099999,WIHH,96749099999,96751099999,96745099999,96749599999"
"-6.59117203505968, 106.901704049011",2022-03-06,31.7,20.7,25.9,37.9,20.7,27.4,22.6,82.7,3.72,100,16.67,rain,0,0,51.8,29.3,238.9,1008.5,61.9,7,280.2,20.2,8,60,2022-03-06T05:57:41,2022-03-06T18:09:41,0.08,"Rain, Partially cloudy",Partly cloudy throughout the day with rain.,rain,"96741099999,WIII,96739099999,WIHH,96749099999,96751099999,96745099999,96749599999"
"-6.59117203505968, 106.901704049011",2022-03-07,32.5,21.5,26.6,38,21.5,28.1,22.3,78.5,0.81,100,4.17,rain,0,0,11.9,24.1,247.9,1008.1,59.8,7.6,137.7,10.4,6,60,2022-03-07T05:57:37,2022-03-07T18:09:16,0.12,"Rain, Partially cloudy",Partly cloudy throughout the day with late afternoon rain.,rain,"96741099999,WIII,96739099999,WIHH,96749099999,96751099999,96745099999,96749599999"
"-6.59117203505968, 106.901704049011",2022-03-08,32.7,20.5,26.1,40.6,20.5,27.8,23.1,84.9,8.39,100,16.67,rain,0,0,37.1,20.5,248,1007.6,62.2,6.9,233,19.9,7,30,2022-03-08T05:57:34,2022-03-08T18:08:50,0.16,"Rain, Partially cloudy",Partly cloudy throughout the day with rain.,rain,"96741099999,WIII,96739099999,WIHH,96749099999,96751099999,96745099999,96749599999"
"-6.59117203505968, 106.901704049011",2022-03-09,31.7,20.8,25.7,37.9,20.8,27.1,23.3,87.2,3.38,100,12.5,rain,0,0,11.5,16.9,220.2,1007.6,52.8,6.4,266.1,23,9,30,2022-03-09T05:57:30,2022-03-09T18:08:24,0.21,"Rain, Partially cloudy",Partly cloudy throughout the day with rain.,rain,"96741099999,WIII,96739099999,WIHH,96749099999,96751099999,96745099999,96749599999"
"-6.59117203505968, 106.901704049011",2022-03-10,32.3,20.9,26.2,39.2,20.9,28.2,23.3,85.1,14.27,100,16.67,rain,0,0,13.7,20.6,222.3,1007.1,54.6,6.2,252.5,21.7,9,60,2022-03-10T05:57:26,2022-03-10T18:07:58,0.25,"Rain, Partially cloudy",Partly cloudy throughout the day with rain.,rain,"96741099999,WIII,96739099999,WIHH,96749099999,96751099999,96745099999,96749599999"
"-6.59117203505968, 106.901704049011",2022-03-11,31.7,21.1,26.3,40.2,21.1,28.5,23.4,84.9,11.5,100,12.5,rain,0,0,18,23.8,234,1006.3,56.6,5.6,184.3,16,8,30,2022-03-11T05:57:21,2022-03-11T18:07:32,0.3,"Rain, Partially cloudy",Partly cloudy throughout the day with rain.,rain,"96741099999,WIII,96739099999,WIHH,96749099999,96751099999,96745099999,96749599999"
"-6.59117203505968, 106.901704049011",2022-03-12,31.3,20.9,25.7,37.2,20.9,27.2,23.8,89.2,39.9,100,12.5,rain,0,0,27,16.6,267.5,1006.2,53.6,6.3,284.3,24.4,9,30,2022-03-12T05:57:16,2022-03-12T18:07:05,0.35,"Rain, Partially cloudy",Partly cloudy throughout the day with rain.,rain,"96741099999,WIII,96739099999,WIHH,96749099999,96751099999,96745099999,96749599999"
"-6.59117203505968, 106.901704049011",2022-03-13,32,21.3,26.1,38.2,21.3,28.1,23.6,87,36.78,100,20.83,rain,0,0,16.9,15.7,225.4,1006.9,55.5,6.9,292.1,25.2,8,60,2022-03-13T05:57:11,2022-03-13T18:06:37,0.39,"Rain, Partially cloudy",Partly cloudy throughout the day with rain.,rain,"96741099999,WIII,96739099999,WIHH,96749099999,96751099999,96745099999,96749599999"
"-6.59117203505968, 106.901704049011",2022-03-14,33.7,20.9,27.2,41.3,20.9,30.2,23.8,82.8,5.48,100,16.67,rain,0,0,46.4,16.6,227,1007.2,53.4,6.1,277.9,23.9,7,60,2022-03-14T05:57:06,2022-03-14T18:06:10,0.43,"Rain, Partially cloudy",Partly cloudy throughout the day with rain.,rain,"96741099999,WIII,96739099999,WIHH,96749099999,96751099999,96745099999,96749599999"
"-6.59117203505968, 106.901704049011",2022-03-15,29.3,21.2,25.1,35,21.2,26.1,23.5,91.1,4.65,100,16.67,rain,0,0,15.8,19.9,232.4,1006.8,63.2,5.5,87.7,7.5,3,30,2022-03-15T05:57:00,2022-03-15T18:05:42,0.46,"Rain, Partially cloudy",Partly cloudy throughout the day with a chance of rain throughout the day.,rain,"96741099999,WIII,96739099999,WIHH,96749099999,96751099999,96745099999,96749599999"
"-6.59117203505968, 106.901704049011",2022-03-16,33,20.1,26.7,39.6,20.1,29.2,23.1,82.4,0.21,100,4.17,rain,0,0,13.3,17.4,145.7,1006.7,48.9,5.9,299.5,25.9,9,30,2022-03-16T05:56:54,2022-03-16T18:05:14,0.48,"Rain, Partially cloudy",Partly cloudy throughout the day with afternoon rain.,rain,"96741099999,WIII,96739099999,WIHH,96749099999,96751099999,96745099999,96749599999"
"-6.59117203505968, 106.901704049011",2022-03-17,32.5,21.5,27,40.2,21.5,30.2,24.2,85.2,2.01,100,20.83,rain,0,0,16.2,18.4,205.2,1006.8,59.1,4.9,264.7,22.8,8,60,2022-03-17T05:56:48,2022-03-17T18:04:46,0.5,"Rain, Partially cloudy",Partly cloudy throughout the day with rain.,rain,"96741099999,WIII,96739099999,WIHH,96749099999,96751099999,96745099999,96749599999"
"-6.59117203505968, 106.901704049011",2022-03-18,32.7,21.6,26.3,40.6,21.6,28.5,23.7,86.3,20.97,100,12.5,rain,0,0,15.5,24.5,243.4,1006.8,56.8,5.7,316.6,27.3,9,60,2022-03-18T05:56:41,2022-03-18T18:04:18,0.5,"Rain, Partially cloudy",Partly cloudy throughout the day with rain.,rain,"96741099999,WIII,96739099999,WIHH,96749099999,96751099999,96745099999,96749599999"
"-6.59117203505968, 106.901704049011",2022-03-19,33.7,20.8,27.1,40.2,20.8,29.9,23.1,79.4,0,0,0,rain,0,0,16.2,29.3,247.2,1006.8,50.6,7.6,290.1,25.2,8,30,2022-03-19T05:56:35,2022-03-19T18:03:49,0.51,Partially cloudy,Partly cloudy throughout the day.,partly-cloudy-day,"96741099999,WIII,96739099999,WIHH,96749099999,96751099999,96745099999,96749599999"
"-6.59117203505968, 106.901704049011",2022-03-20,34.3,21.5,27.5,39.2,21.5,29.9,22.2,74.1,0,0,0,rain,0,0,46.4,33.7,247.5,1007.8,47,7.8,207.9,18,8,30,2022-03-20T05:56:28,2022-03-20T18:03:20,0.53,Partially cloudy,Partly cloudy throughout the day.,partly-cloudy-day,"96741099999,WIII,96739099999,WIHH,96749099999,96751099999,96745099999,96749599999"
"-6.59117203505968, 106.901704049011",2022-03-21,32.3,22,27,38,22,29.1,22.2,75.8,0.48,100,4.17,rain,0,0,19.4,27.7,252.8,1008.8,52,8,228.6,19.8,7,10,2022-03-21T05:56:21,2022-03-21T18:02:52,0.56,"Rain, Partially cloudy",Partly cloudy throughout the day with morning rain.,rain,"96741099999,WIII,96739099999,WIHH,96749099999,96751099999,96745099999,96749599999"
"-6.59117203505968, 106.901704049011",2022-03-22,32.7,21.7,26.9,39.2,21.7,29.4,22.9,79.1,4.15,100,8.33,rain,0,0,14.8,18.4,272.3,1009,49.3,7.2,144.5,12.6,5,30,2022-03-22T05:56:14,2022-03-22T18:02:23,0.61,"Rain, Partially cloudy",Partly cloudy throughout the day with rain.,rain,"96741099999,WIII,96739099999,WIHH,96749099999,96751099999,96745099999,96749599999"
"-6.59117203505968, 106.901704049011",2022-03-23,30.3,21.1,25.8,37,21.1,27.7,23,84.7,3.65,100,8.33,rain,0,0,57.6,26.8,254.6,1008.9,53.4,6.9,296.8,25.7,10,30,2022-03-23T05:56:07,2022-03-23T18:01:54,0.66,"Rain, Partially cloudy",Partly cloudy throughout the day with rain.,rain,"96741099999,WIII,96739099999,WIHH,96749099999,96751099999,96745099999,96749599999"
"-6.59117203505968, 106.901704049011",2022-03-24,32.7,20.7,27,37.7,20.7,29.3,22.7,78.9,2.72,100,12.5,rain,0,0,18,18.4,254.1,1008.4,50.1,6.4,218.4,18.8,9,30,2022-03-24T05:56:00,2022-03-24T18:01:25,0.71,"Rain, Partially cloudy",Partly cloudy throughout the day with rain.,rain,"96741099999,WIII,96739099999,WIHH,96751099999,96749099999,96745099999,96749599999"
"-6.59117203505968, 106.901704049011",2022-03-25,33,20.3,27.4,39.4,20.3,30.5,23.5,80.7,9.68,100,4.17,rain,0,0,18,19.4,123.4,1009.3,53.5,5.4,274.6,23.8,10,60,2022-03-25T05:55:53,2022-03-25T18:00:56,0.77,"Rain, Partially cloudy",Partly cloudy throughout the day with late afternoon rain.,rain,"96741099999,WIII,96739099999,WIHH,96749099999,96751099999,96745099999,96749599999"
"-6.59117203505968, 106.901704049011",2022-03-26,30,21.2,25,36.2,21.2,26,23.1,89.8,3.63,100,12.5,rain,0,0,40.7,11.6,206.3,1010.5,58,4.9,231.8,20,9,60,2022-03-26T05:55:46,2022-03-26T18:00:27,0.83,"Rain, Partially cloudy",Partly cloudy throughout the day with rain.,rain,"96741099999,WIII,96739099999,WIHH,96749099999,96751099999,96745099999,96749599999"
"-6.59117203505968, 106.901704049011",2022-03-27,32.5,20.7,26.1,38.1,20.7,28,23.3,86,9.93,100,12.5,rain,0,0,48.2,29.5,246.8,1009.7,58.1,5.7,254.5,22.1,10,30,2022-03-27T05:55:39,2022-03-27T17:59:58,0.88,"Rain, Partially cloudy",Partly cloudy throughout the day with rain.,rain,"96741099999,WIII,96739099999,WIHH,96749099999,96751099999,96745099999,96749599999"
"-6.59117203505968, 106.901704049011",2022-03-28,32.7,20.4,26.4,39.2,20.4,28.3,23.1,83.4,12.06,100,12.5,rain,0,0,15.1,15.2,200.7,1009.2,58.9,6.2,283.6,24.4,10,30,2022-03-28T05:55:31,2022-03-28T17:59:29,0.92,"Rain, Partially cloudy",Partly cloudy throughout the day with rain.,rain,"96741099999,WIII,96739099999,WIHH,96749099999,96751099999,96745099999,96749599999"
"-6.59117203505968, 106.901704049011",2022-03-29,32.7,19.9,26.9,39.2,19.9,29.6,22.8,78.7,0,0,0,,0,0,16.9,13,277.9,1008.6,52.8,6.1,267.5,23.3,10,30,2022-03-29T05:55:24,2022-03-29T17:59:01,0.96,Partially cloudy,Partly cloudy throughout the day.,partly-cloudy-day,"96741099999,WIII,96739099999,WIHH,96749099999,96751099999,96745099999,96749599999"
"-6.59117203505968, 106.901704049011",2022-03-30,32.7,20.9,27.3,38.9,20.9,29.8,22.7,77.2,0,0,0,rain,0,0,16.9,11.6,193.7,1008.6,51.3,5.6,287.3,24.8,10,30,2022-03-30T05:55:17,2022-03-30T17:58:32,0.99,Partially cloudy,Partly cloudy throughout the day.,partly-cloudy-day,"96741099999,WIII,96739099999,WIHH,96749099999,96751099999,96745099999,96749599999"
"-6.59117203505968, 106.901704049011",2022-03-31,32.7,21,26.9,39,21,29.5,23.3,81.6,14.53,100,12.5,rain,0,0,23,16.7,198.6,1009.2,52.1,5.6,260.4,22.6,10,30,2022-03-31T05:55:10,2022-03-31T17:58:03,1,"Rain, Partially cloudy",Partly cloudy throughout the day with rain.,rain,"96741099999,WIII,96739099999,WIHH,96749099999,96751099999,96745099999,96749599999"
"-6.59117203505968, 106.901704049011",2022-04-01,31.2,20,26.5,36.8,20,29,22.8,80.7,1.07,100,8.33,rain,0,0,18.4,14.8,224.2,1009.6,63.5,6.7,287,24.9,10,30,2022-04-01T05:55:02,2022-04-01T17:57:35,0,"Rain, Partially cloudy",Partly cloudy throughout the day with rain.,rain,"96741099999,WIII,96739099999,WIHH,96749099999,96751099999,96745099999,96749599999"
"-6.59117203505968, 106.901704049011",2022-04-02,32.7,21.3,26.6,38.3,21.3,29,23.3,82.8,1.13,100,8.33,rain,0,0,14.8,17.4,273.9,1009.5,52.2,6.8,258.2,22.4,10,30,2022-04-02T05:54:55,2022-04-02T17:57:06,0.01,"Rain, Partially cloudy",Partly cloudy throughout the day with afternoon rain.,rain,"96741099999,WIII,96739099999,WIHH,96749099999,96751099999,96745099999,96749599999"
"-6.59117203505968, 106.901704049011",2022-04-03,33.5,20.5,25.5,39.3,20.5,26.6,22.8,85.9,14.87,100,16.67,rain,0,0,21.2,29.5,253,1009.7,59.2,6.7,227.1,19.6,10,30,2022-04-03T05:54:48,2022-04-03T17:56:38,0.03,"Rain, Partially cloudy",Partly cloudy throughout the day with rain.,rain,"96741099999,WIII,96739099999,WIHH,96749099999,96751099999,96745099999,96749599999"
"-6.59117203505968, 106.901704049011",2022-04-04,33,20.4,26.6,39.3,20.4,28.6,22.5,79.4,0.56,100,12.5,rain,0,0,40.7,19.9,214.3,1009.9,51.6,7.4,265.8,23,10,10,2022-04-04T05:54:41,2022-04-04T17:56:10,0.05,"Rain, Partially cloudy",Partly cloudy throughout the day with rain.,rain,"96741099999,WIII,96739099999,WIHH,96749099999,96751099999,96745099999,96749599999"
"-6.59117203505968, 106.901704049011",2022-04-05,33.7,20.4,25.9,39.3,20.4,27.3,22.9,84.8,20.57,100,16.67,rain,0,0,7.6,22.3,218.1,1010.8,60.3,6.2,223.5,19.3,10,30,2022-04-05T05:54:35,2022-04-05T17:55:42,0.09,"Rain, Partially cloudy",Partly cloudy throughout the day with rain.,rain,"96741099999,WIII,96739099999,WIHH,96749099999,96751099999,96745099999,96749599999"
"-6.59117203505968, 106.901704049011",2022-04-06,34,20,26.8,42,20,29,22.3,78.2,5.05,100,16.67,rain,0,0,8.6,29.5,231.4,1010.1,48.4,7.9,261.8,22.5,10,30,2022-04-06T05:54:28,2022-04-06T17:55:15,0.12,"Rain, Partially cloudy",Partly cloudy throughout the day with rain.,rain,"96741099999,WIII,96739099999,96749099999,96751099999,96745099999"
"-6.59117203505968, 106.901704049011",2022-04-07,33,19.8,27.1,42.1,19.8,30,23,79.6,1.64,100,4.17,rain,0,0,10.1,24.1,251,1009.7,51.3,7.9,229.7,19.7,8,30,2022-04-07T05:54:22,2022-04-07T17:54:47,0.17,"Rain, Partially cloudy",Partly cloudy throughout the day with late afternoon rain.,rain,"96741099999,WIII,96739099999,96749099999,96751099999,96745099999"
"-6.59117203505968, 106.901704049011",2022-04-08,33,20.1,26.3,39.3,20.1,28.3,22.2,79,6.56,100,16.67,rain,0,0,10.4,29.5,244.5,1009.4,49.3,7.9,201.4,17.4,9,10,2022-04-08T05:54:15,2022-04-08T17:54:20,0.21,"Rain, Partially cloudy",Partly cloudy throughout the day with rain.,rain,"96741099999,WIII,96739099999,96749099999,96751099999,96745099999"
"-6.59117203505968, 106.901704049011",2022-04-09,33,20.1,26.4,38.1,20.1,28.3,22.5,80.5,20.3,100,16.67,rain,0,0,14,14.8,225.7,1008.9,44.4,7.6,257.6,22.2,9,10,2022-04-09T05:54:09,2022-04-09T17:53:54,0.26,"Rain, Partially cloudy",Partly cloudy throughout the day with rain.,rain,"96741099999,WIII,96739099999,96749099999,96751099999,96745099999"
"-6.59117203505968, 106.901704049011",2022-04-10,32,20.6,26.3,37.9,20.6,28.4,23.1,83.2,2.01,100,12.5,rain,0,0,6.5,18.4,226.9,1009,51.3,6.3,233.2,20.1,10,30,2022-04-10T05:54:03,2022-04-10T17:53:27,0.31,"Rain, Partially cloudy",Partly cloudy throughout the day with rain.,rain,"96741099999,WIII,96739099999,96749099999,96751099999,96745099999"
"-6.59117203505968, 106.901704049011",2022-04-11,32,21.3,26.6,37.9,21.3,28.9,23.2,82.9,24.87,100,16.67,rain,0,0,6.5,18.4,194,1009,60.9,6.3,280.4,24.2,10,30,2022-04-11T05:53:58,2022-04-11T17:53:01,0.35,"Rain, Partially cloudy",Partly cloudy throughout the day with rain.,rain,"96741099999,WIII,96739099999,96749099999,96751099999,96745099999"
"-6.59117203505968, 106.901704049011",2022-04-12,33,20.6,26.4,39.3,20.6,28.7,23.6,85.5,3.92,100,16.67,rain,0,0,8.6,24.1,207.8,1008.4,60.4,5.1,277.3,23.9,10,30,2022-04-12T05:53:52,2022-04-12T17:52:35,0.4,"Rain, Partially cloudy",Partly cloudy throughout the day with rain.,rain,"96741099999,WIII,96739099999,96749099999,96751099999,96745099999"
"-6.59117203505968, 106.901704049011",2022-04-13,33,20.3,26.8,39.3,20.3,29.5,23.4,82.3,7.31,100,12.5,rain,0,0,9.7,14.8,197.9,1007.9,55.7,5.2,282.2,24.4,9,30,2022-04-13T05:53:47,2022-04-13T17:52:10,0.44,"Rain, Partially cloudy",Partly cloudy throughout the day with rain.,rain,"96741099999,WIII,96739099999,96749099999,96751099999,96745099999"
"-6.59117203505968, 106.901704049011",2022-04-14,33,20.9,27.2,39.3,20.9,29.7,23.2,79.7,8.58,100,16.67,rain,0,0,17.6,20.5,134.2,1007.9,50.4,6.5,260,22.4,9,30,2022-04-14T05:53:42,2022-04-14T17:51:45,0.47,"Rain, Partially cloudy",Partly cloudy throughout the day with a chance of rain throughout the day.,rain,"96741099999,WIII,96739099999,96749099999,96751099999,96745099999"
"-6.59117203505968, 106.901704049011",2022-04-15,33,21.8,27.4,42.1,21.8,30.5,23.5,80.4,51.99,100,16.67,rain,0,0,20.5,20.5,141.4,1008.4,54.9,5.6,276.9,24.2,10,30,2022-04-15T05:53:38,2022-04-15T17:51:20,0.49,"Rain, Partially cloudy",Partly cloudy throughout the day with rain.,rain,"96741099999,WIII,96739099999,96749099999,96751099999,96745099999"
"-6.59117203505968, 106.901704049011",2022-04-16,34,20.7,27.3,40.6,20.7,30,23.1,79,0.41,100,4.17,rain,0,0,15.1,16.6,183.9,1008,48,6.7,260.8,22.6,10,30,2022-04-16T05:53:33,2022-04-16T17:50:56,0.5,"Rain, Partially cloudy",Partly cloudy throughout the day with late afternoon rain.,rain,"96741099999,WIII,96739099999,96749099999,96751099999,96745099999"
"-6.59117203505968, 106.901704049011",2022-04-17,33,21.1,27.5,40.6,21.1,30.7,23.8,81.4,1.15,100,16.67,rain,0,0,35.3,20.5,121.8,1007.1,48,6.2,279.3,24,10,60,2022-04-17T05:53:29,2022-04-17T17:50:32,0.51,"Rain, Partially cloudy",Partly cloudy throughout the day with rain.,rain,"96741099999,WIII,96739099999,96749099999,96751099999,96745099999"
"-6.59117203505968, 106.901704049011",2022-04-18,34,21.8,27.4,42.1,21.8,31.1,24.1,83,73.02,100,25,rain,0,0,14.8,20.5,146.5,1008.1,58.3,7.3,272.8,23.4,10,30,2022-04-18T05:53:26,2022-04-18T17:50:09,0.52,"Rain, Partially cloudy",Partly cloudy throughout the day with a chance of rain throughout the day.,rain,"96741099999,WIII,96739099999,96749099999,96751099999,96745099999"
"-6.59117203505968, 106.901704049011",2022-04-19,33,20.8,26.4,40.6,20.8,29.1,23.4,84.4,52.55,100,20.83,rain,0,0,35.3,22.3,246.8,1008.8,57.7,5.4,266.7,23,10,30,2022-04-19T05:53:22,2022-04-19T17:49:46,0.55,"Rain, Partially cloudy",Partly cloudy throughout the day with rain.,rain,"96741099999,WIII,96739099999,96749099999,96751099999,96745099999"
"-6.59117203505968, 106.901704049011",2022-04-20,33,20.8,26.6,40.7,20.8,29.3,23.4,83.7,6.7,100,4.17,rain,0,0,18.4,27.7,263.5,1008.2,54.9,6.8,230.9,20,9,60,2022-04-20T05:53:19,2022-04-20T17:49:23,0.59,"Rain, Partially cloudy",Partly cloudy throughout the day with afternoon rain.,rain,"96741099999,WIII,96739099999,96749099999,96751099999,96745099999"
"-6.59117203505968, 106.901704049011",2022-04-21,29,21.1,25,35.6,21.1,26.1,23.2,89.8,4.25,100,12.5,rain,0,0,13.7,16.6,212.8,1008.4,61,6.6,90.2,7.8,3,10,2022-04-21T05:53:17,2022-04-21T17:49:01,0.64,"Rain, Partially cloudy",Partly cloudy throughout the day with rain in the morning and afternoon.,rain,"96741099999,WIII,96739099999,96749099999,96751099999,96745099999"
"-6.59117203505968, 106.901704049011",2022-04-22,31,20.9,24.9,37.7,20.9,26,23.1,89.9,6.21,100,12.5,rain,0,0,33.5,16.6,157.8,1008.6,65.2,5.3,247.1,21.2,9,30,2022-04-22T05:53:14,2022-04-22T17:48:40,0.7,"Rain, Partially cloudy",Partly cloudy throughout the day with rain.,rain,"96741099999,WIII,96739099999,96749099999,96751099999,96745099999"
"-6.59117203505968, 106.901704049011",2022-04-23,32,21.3,26.7,39.2,21.3,29.5,23.7,84.5,11.46,100,12.5,rain,0,0,7.9,16.6,184.6,1008.1,46.1,6.5,276.3,24.1,9,30,2022-04-23T05:53:12,2022-04-23T17:48:19,0.75,"Rain, Partially cloudy",Partly cloudy throughout the day with rain.,rain,"96741099999,WIII,96739099999,96749099999,96751099999,96745099999"
"-6.59117203505968, 106.901704049011",2022-04-24,33,20.8,26.9,40.6,20.8,29.7,23.6,83,0.92,100,8.33,rain,0,0,10.4,13,270.4,1008,51.5,7.4,270,23.3,9,60,2022-04-24T05:53:11,2022-04-24T17:47:59,0.81,"Rain, Partially cloudy",Partly cloudy throughout the day with morning rain.,rain,"96741099999,WIII,96739099999,96749099999,96751099999,96745099999"
"-6.59117203505968, 106.901704049011",2022-04-25,34,21.2,26.7,40.6,21.2,28.9,23.4,83.7,18.83,100,12.5,rain,0,0,14.8,25.9,187.5,1007.2,60.2,6.1,243.8,20.9,9,60,2022-04-25T05:53:09,2022-04-25T17:47:39,0.86,"Rain, Partially cloudy",Partly cloudy throughout the day with rain.,rain,"96741099999,WIII,96739099999,96749099999,96751099999,96745099999"
"-6.59117203505968, 106.901704049011",2022-04-26,33.1,20.8,26.8,39.4,20.8,29.4,23.3,82.2,1.96,100,4.17,rain,0,0,14.4,22.3,240,1007.1,51.8,7.5,214.9,18.5,9,75,2022-04-26T05:53:09,2022-04-26T17:47:20,0.91,"Rain, Partially cloudy",Partly cloudy throughout the day with early morning rain.,rain,"96741099999,WIII,96739099999,96749099999,96751099999,96745099999"
"-6.59117203505968, 106.901704049011",2022-04-27,32,21.1,26.3,40.7,21.1,28.8,23.2,83.5,37.36,100,20.83,rain,0,0,57.6,31.7,197.7,1007.2,67.3,6.9,228.3,19.7,8,60,2022-04-27T05:53:08,2022-04-27T17:47:01,0.95,"Rain, Partially cloudy",Partly cloudy throughout the day with rain.,rain,"96741099999,WIII,96739099999,96749099999,96751099999,96745099999"
"-6.59117203505968, 106.901704049011",2022-04-28,31,20.1,25.7,39.1,20.1,27.7,23.2,86.7,5.62,100,8.33,rain,0,0,14.4,22.3,239.5,1007.7,66.9,7.9,111,9.7,5,30,2022-04-28T05:53:08,2022-04-28T17:46:43,0.98,"Rain, Partially cloudy",Partly cloudy throughout the day with early morning rain.,rain,"96741099999,WIII,96739099999,96749099999,96751099999,96745099999"
"-6.59117203505968, 106.901704049011",2022-04-29,34,21.8,26.9,42.1,21.8,29.8,23.6,82.9,0,0,0,rain,0,0,40.7,22.3,242.1,1007.5,53.6,8.7,247.3,21.5,9,60,2022-04-29T05:53:09,2022-04-29T17:46:25,1,Partially cloudy,Partly cloudy throughout the day.,partly-cloudy-day,"96741099999,WIII,96739099999,96749099999,96751099999,96745099999"
"-6.59117203505968, 106.901704049011",2022-04-30,31,21.2,26.2,40.6,21.2,28.8,24.2,88.6,5.43,100,12.5,rain,0,0,6.5,16.6,224,1007.3,55.5,6.6,229.5,19.8,8,30,2022-04-30T05:53:09,2022-04-30T17:46:08,1,"Rain, Partially cloudy",Partly cloudy throughout the day with rain.,rain,"96741099999,WIII,96739099999,96749099999,96751099999,96745099999"
"-6.59117203505968, 106.901704049011",2022-05-01,31,21.1,26,39.1,21.1,27.9,24,89.3,6.13,100,16.67,rain,0,0,13,11.2,204.6,1007.7,56.3,6.1,207.9,17.9,9,60,2022-05-01T05:53:11,2022-05-01T17:45:52,0,"Rain, Partially cloudy",Partly cloudy throughout the day with rain.,rain,"96741099999,WIII,96739099999,96749099999,96751099999,96745099999"
"-6.59117203505968, 106.901704049011",2022-05-02,32,20.8,25.8,40.7,20.8,27.8,23.6,88.2,31.14,100,12.5,rain,0,0,8.6,18.4,232.6,1008.2,60.3,6.2,249.3,21.6,9,60,2022-05-02T05:53:12,2022-05-02T17:45:37,0.01,"Rain, Partially cloudy",Partly cloudy throughout the day with rain.,rain,"96741099999,WIII,96739099999,96749099999,96751099999,96745099999"
"-6.59117203505968, 106.901704049011",2022-05-03,33,20.4,26.5,39.3,20.4,29.1,23.6,85.3,1.83,100,4.17,rain,0,0,18.4,20.5,199.9,1008.1,45.7,7.4,273.9,23.6,9,30,2022-05-03T05:53:15,2022-05-03T17:45:22,0.03,"Rain, Partially cloudy",Becoming cloudy in the afternoon with morning rain.,rain,"96741099999,WIII,96739099999,96749099999,96751099999,96745099999"
"-6.59117203505968, 106.901704049011",2022-05-04,33,21.5,26.6,40.6,21.5,29.2,23.8,85,3.82,100,12.5,rain,0,0,10.4,25.9,239,1008.7,57.4,7.2,245.3,21.3,8,30,2022-05-04T05:53:17,2022-05-04T17:45:07,0.06,"Rain, Partially cloudy",Partly cloudy throughout the day with rain.,rain,"96741099999,WIII,96739099999,96749099999,96751099999,96745099999"
"-6.59117203505968, 106.901704049011",2022-05-05,33,20.7,26.9,42.1,20.7,30.1,24,85.1,0.16,100,4.17,rain,0,0,38.9,27.7,154.4,1007.6,49.5,7,270.5,23.3,9,30,2022-05-05T05:53:20,2022-05-05T17:44:54,0.09,"Rain, Partially cloudy",Partly cloudy throughout the day with afternoon rain.,rain,"96741099999,WIII,96739099999,96749099999,96751099999,96745099999"
"-6.59117203505968, 106.901704049011",2022-05-06,33,22.1,27.5,42.1,22.1,31.4,24.3,83.8,0,0,0,rain,0,0,18,24.1,144,1006.9,50.5,7.3,269.2,23.2,9,30,2022-05-06T05:53:24,2022-05-06T17:44:41,0.13,Partially cloudy,Partly cloudy throughout the day.,partly-cloudy-day,"96741099999,WIII,96739099999,96749099999,96751099999,96745099999"
"-6.59117203505968, 106.901704049011",2022-05-07,32,21.2,27.2,39.2,21.2,30.4,23.8,82.7,2.28,100,12.5,rain,0,0,7.6,16.6,233.1,1007.4,51.5,6.9,258.8,22.4,9,30,2022-05-07T05:53:28,2022-05-07T17:44:28,0.18,"Rain, Partially cloudy",Partly cloudy throughout the day with rain.,rain,"96741099999,WIII,96739099999,96749099999,96751099999,96745099999"
"-6.59117203505968, 106.901704049011",2022-05-08,35,22,28.2,43.3,22,32.2,24,78.9,0,0,0,rain,0,0,11.2,20.5,252,1007.3,47.3,8.4,213.9,18.7,8,60,2022-05-08T05:53:32,2022-05-08T17:44:17,0.22,Partially cloudy,Partly cloudy throughout the day.,partly-cloudy-day,"96741099999,WIII,96739099999,96749099999,96751099999,96745099999"
"-6.59117203505968, 106.901704049011",2022-05-09,32,21.6,27,42.3,21.6,30.5,24.2,84.8,4.85,100,12.5,rain,0,0,12.6,22.3,157.3,1007.4,59.3,7,176.3,15.4,8,60,2022-05-09T05:53:37,2022-05-09T17:44:06,0.27,"Rain, Partially cloudy",Partly cloudy throughout the day with rain.,rain,"96741099999,WIII,96739099999,96749099999,96751099999,96745099999"
"-6.59117203505968, 106.901704049011",2022-05-10,33,21.5,27.9,40.7,21.5,32.1,24.2,81.1,0.32,100,8.33,rain,0,0,8.3,18.4,143.5,1007.4,49.6,7.5,231.5,20,8,60,2022-05-10T05:53:42,2022-05-10T17:43:56,0.32,"Rain, Partially cloudy",Partly cloudy throughout the day with rain.,rain,"96741099999,WIII,96739099999,96749099999,96751099999,96745099999"
"-6.59117203505968, 106.901704049011",2022-05-11,32,22.3,26.6,40.7,22.3,29.8,24.4,88.5,6.94,100,20.83,rain,0,0,10.1,46.4,260.9,1007.7,66.6,5.9,216.4,18.9,7,60,2022-05-11T05:53:48,2022-05-11T17:43:46,0.37,"Rain, Partially cloudy",Partly cloudy throughout the day with rain.,rain,"96741099999,WIII,96739099999,96749099999,96751099999,96745099999"
"-6.59117203505968, 106.901704049011",2022-05-12,32,22.1,27,40.7,22.1,30.6,24.3,85.7,1.16,100,12.5,rain,0,0,14,20.5,249.7,1008.6,55.6,6.7,237.7,20.4,9,60,2022-05-12T05:53:54,2022-05-12T17:43:37,0.41,"Rain, Partially cloudy",Partly cloudy throughout the day with rain.,rain,"96741099999,WIII,96739099999,96749099999,96751099999,96745099999"
"-6.59117203505968, 106.901704049011",2022-05-13,33,22.6,27.6,42.3,22.6,31.2,24,81.7,0.79,100,8.33,rain,0,0,16.9,16.6,274.1,1008.9,41.2,8.2,254.2,22,9,60,2022-05-13T05:54:01,2022-05-13T17:43:29,0.45,"Rain, Partially cloudy",Partly cloudy throughout the day with rain.,rain,"96741099999,WIII,96739099999,96749099999,96751099999,96745099999"
"-6.59117203505968, 106.901704049011",2022-05-14,33,22.1,27.4,42.1,22.1,30.7,23.8,81.4,2.42,100,4.17,rain,0,0,16.6,14.8,137.9,1009.6,48.5,6.9,238.5,20.5,9,30,2022-05-14T05:54:08,2022-05-14T17:43:22,0.48,"Rain, Partially cloudy",Partly cloudy throughout the day with afternoon rain.,rain,"96741099999,WIII,96739099999,96749099999,96751099999,96745099999"
"-6.59117203505968, 106.901704049011",2022-05-15,33,21.6,26.9,43.8,21.6,30.4,24.4,87,16.51,100,16.67,rain,0,0,8.6,18.4,157.4,1010.3,55.4,5.4,239.3,20.8,9,60,2022-05-15T05:54:15,2022-05-15T17:43:15,0.5,"Rain, Partially cloudy",Partly cloudy throughout the day with rain.,rain,"96741099999,WIII,96739099999,96749099999,96751099999,96745099999"
"-6.59117203505968, 106.901704049011",2022-05-16,34,20.9,26.5,43.5,20.9,29,23.9,86.2,1.4,100,12.5,rain,0,0,6.5,13,217.1,1009.7,46.4,6.1,232.6,20.2,8,60,2022-05-16T05:54:23,2022-05-16T17:43:09,0.5,"Rain, Partially cloudy",Partly cloudy throughout the day with rain.,rain,"96741099999,WIII,96739099999,96749099999,96751099999,96745099999"
"-6.59117203505968, 106.901704049011",2022-05-17,32,21.3,27.1,40.7,21.3,30.6,24.4,86.1,10.51,100,12.5,rain,0,0,6.8,13,169.2,1009.6,53.6,6.6,215.6,18.6,8,60,2022-05-17T05:54:31,2022-05-17T17:43:04,0.52,"Rain, Partially cloudy",Partly cloudy throughout the day with rain.,rain,"96741099999,WIII,96739099999,96749099999,96751099999,96745099999"
"-6.59117203505968, 106.901704049011",2022-05-18,33,20.8,26.9,42.1,20.8,30.1,24.2,86.1,5.83,100,8.33,rain,0,0,15.5,18.4,173.4,1010.3,55.4,6.6,236.5,20.5,8,30,2022-05-18T05:54:40,2022-05-18T17:42:59,0.54,"Rain, Partially cloudy",Partly cloudy throughout the day with rain.,rain,"96741099999,WIII,96739099999,96749099999,96751099999,96745099999"
"-6.59117203505968, 106.901704049011",2022-05-19,31,20.7,25.8,39.1,20.7,27.9,23.9,89.6,34.42,100,20.83,rain,0,0,6.1,18.4,155.3,1010.8,56.5,4.7,245.1,21.4,9,30,2022-05-19T05:54:49,2022-05-19T17:42:55,0.58,"Rain, Partially cloudy",Partly cloudy throughout the day with rain.,rain,"96741099999,WIII,96739099999,96749099999,96751099999,96745099999"
"-6.59117203505968, 106.901704049011",2022-05-20,31,21,25.7,39.1,21,27.6,23.7,89.4,32.58,100,12.5,rain,0,0,9.4,14.8,183,1009.7,58.8,6.5,173,15,8,30,2022-05-20T05:54:59,2022-05-20T17:42:52,0.63,"Rain, Partially cloudy",Partly cloudy throughout the day with rain.,rain,"96741099999,WIII,96739099999,96749099999,96751099999,96745099999"
"-6.59117203505968, 106.901704049011",2022-05-21,31,20.2,25.7,39.1,20.2,27.7,23.5,88.5,1.78,100,8.33,rain,0,0,12.2,20.5,138.8,1009.1,62.7,6.2,183.5,16,7,60,2022-05-21T05:55:09,2022-05-21T17:42:50,0.68,"Rain, Partially cloudy",Partly cloudy throughout the day with rain.,rain,"96741099999,WIII,96739099999,96749099999,96751099999,96745099999"
"-6.59117203505968, 106.901704049011",2022-05-22,30,20.6,25.9,37.4,20.6,27.9,23.7,87.6,0,0,0,rain,0,0,15.5,22.3,133.3,1007.7,63.3,6.9,203.5,17.5,8,30,2022-05-22T05:55:19,2022-05-22T17:42:48,0.74,Partially cloudy,Partly cloudy throughout the day.,partly-cloudy-day,"96741099999,WIII,96739099999,96749099999,96751099999,96745099999"
"-6.59117203505968, 106.901704049011",2022-05-23,32,20.5,27,40.7,20.5,30.2,23.7,82.9,0,0,0,,0,0,18.7,27.7,119.5,1007.7,47.4,7.1,226.2,19.5,7,30,2022-05-23T05:55:30,2022-05-23T17:42:47,0.79,Partially cloudy,Partly cloudy throughout the day.,partly-cloudy-day,"96741099999,WIII,96739099999,96749099999,96751099999,96745099999"
"-6.59117203505968, 106.901704049011",2022-05-24,33,22.4,27.9,42.1,22.4,31.7,23.5,78,0,0,0,rain,0,0,22,27.7,100,1009.2,48.5,7.9,230,19.9,8,60,2022-05-24T05:55:41,2022-05-24T17:42:46,0.85,Partially cloudy,Partly cloudy throughout the day.,partly-cloudy-day,"96741099999,WIII,96739099999,96749099999,96751099999,96745099999"
"-6.59117203505968, 106.901704049011",2022-05-25,31,20.9,25.9,37.7,20.9,28.3,23.7,87.9,14.06,100,16.67,rain,0,0,14.4,24.1,150.2,1010.2,62.8,6.1,239.1,20.6,9,30,2022-05-25T05:55:52,2022-05-25T17:42:47,0.89,"Rain, Partially cloudy",Partly cloudy throughout the day with rain.,rain,"96741099999,WIII,96739099999,96749099999,96751099999,96745099999"
"-6.59117203505968, 106.901704049011",2022-05-26,30,21,25.5,35.1,21,27.1,22.9,85.5,0.17,100,4.17,rain,0,0,15.8,14.8,145.3,1009.7,60.6,7.2,116,10,7,30,2022-05-26T05:56:04,2022-05-26T17:42:48,0.93,"Rain, Partially cloudy",Partly cloudy throughout the day with morning rain.,rain,"96741099999,WIII,96739099999,96749099999,96751099999,96745099999"
"-6.59117203505968, 106.901704049011",2022-05-27,33,20.7,26.9,38.1,20.7,29.3,22.6,78.4,1.76,100,8.33,rain,0,0,9.4,16.6,237.2,1008.8,47.2,6.2,254.8,22,9,60,2022-05-27T05:56:15,2022-05-27T17:42:49,0.96,"Rain, Partially cloudy",Partly cloudy throughout the day with late afternoon rain.,rain,"96741099999,WIII,96739099999,96749099999,96751099999,96745099999"
"-6.59117203505968, 106.901704049011",2022-05-28,28,19.6,24.4,31.9,19.6,25.5,22.3,88.3,15.2,100,20.83,rain,0,0,64.8,22.3,216.2,1009,67.8,6,252.5,21.8,9,30,2022-05-28T05:56:28,2022-05-28T17:42:51,0.99,"Rain, Partially cloudy",Partly cloudy throughout the day with a chance of rain throughout the day.,rain,"96741099999,WIII,96739099999,96749099999,96751099999,96745099999"
"-6.59117203505968, 106.901704049011",2022-05-29,32,20,25.4,37.9,20,27,22.7,85.9,15.39,100,20.83,rain,0,0,22,16.6,211.9,1008.7,61.5,7.5,218.9,18.9,8,30,2022-05-29T05:56:40,2022-05-29T17:42:54,1,"Rain, Partially cloudy",Partly cloudy throughout the day with rain.,rain,"96741099999,WIII,96739099999,96749099999,96751099999,96745099999"
"-6.59117203505968, 106.901704049011",2022-05-30,30,20.7,25.7,36.2,20.7,27.1,24.1,90.9,0.88,100,8.33,rain,0,0,6.8,33.5,252.3,1008.1,49.6,7.1,249.6,21.4,8,30,2022-05-30T05:56:53,2022-05-30T17:42:58,0,"Rain, Partially cloudy",Partly cloudy throughout the day with morning rain.,rain,"96741099999,WIII,96739099999,96749099999,96751099999,96745099999"
"-6.59117203505968, 106.901704049011",2022-05-31,32,20.2,26,39.2,20.2,27.6,23.7,88,2.93,100,8.33,rain,0,0,38.9,24.1,252.5,1007.9,45.3,6.9,241.4,20.7,8,30,2022-05-31T05:57:06,2022-05-31T17:43:02,0,"Rain, Partially cloudy",Partly cloudy throughout the day with rain.,rain,"96741099999,WIII,96739099999,96749099999,96751099999,96745099999"
"-6.59117203505968, 106.901704049011",2022-06-01,33,20.1,26.4,39.3,20.1,28.7,23.1,82.9,58,100,4.17,rain,0,0,11.2,24.1,248.7,1008.4,44.4,8.2,217.5,18.8,8,30,2022-06-01T05:57:19,2022-06-01T17:43:06,0.02,"Rain, Partially cloudy",Partly cloudy throughout the day with morning rain.,rain,"96741099999,WIII,96739099999,96749099999,96751099999,96745099999"
"-6.59117203505968, 106.901704049011",2022-06-02,33,21.4,26,40.6,21.4,27.7,23.7,88.4,20.77,100,16.67,rain,0,0,20.5,20.5,193.9,1008.9,61.4,6.9,242.5,21,9,30,2022-06-02T05:57:33,2022-06-02T17:43:12,0.04,"Rain, Partially cloudy",Partly cloudy throughout the day with rain.,rain,"96741099999,WIII,96739099999,96749099999,96751099999,96745099999"
"-6.59117203505968, 106.901704049011",2022-06-03,32,19.6,26.1,37.9,19.6,28.4,23.1,84.5,0.99,100,12.5,rain,0,0,7.9,18.4,216.7,1009.3,50.8,7,230.1,20,8,30,2022-06-03T05:57:46,2022-06-03T17:43:18,0.07,"Rain, Partially cloudy",Partly cloudy throughout the day with rain.,rain,"96741099999,WIII,96739099999,96749099999,96751099999,96745099999"
"-6.59117203505968, 106.901704049011",2022-06-04,33,20.3,26.9,40.6,20.3,29.6,23.4,82.4,5.68,100,8.33,rain,0,0,6.1,16.6,235.5,1009.7,43.4,7.3,243.5,20.8,8,30,2022-06-04T05:58:00,2022-06-04T17:43:24,0.11,"Rain, Partially cloudy",Partly cloudy throughout the day with late afternoon rain.,rain,"96741099999,WIII,96739099999,96749099999,96751099999,96745099999"
"-6.59117203505968, 106.901704049011",2022-06-05,32,20.5,26.1,37.9,20.5,27.9,22.8,83.4,7.62,100,20.83,rain,0,0,5.8,13,200.5,1009.3,55.4,6.6,249.6,21.5,9,30,2022-06-05T05:58:14,2022-06-05T17:43:31,0.14,"Rain, Partially cloudy",Partly cloudy throughout the day with rain.,rain,"96741099999,WIII,96739099999,96749099999,96751099999,96745099999"
"-6.59117203505968, 106.901704049011",2022-06-06,30,19.5,25.1,36.2,19.5,26.6,22.8,88,70.88,100,12.5,rain,0,0,9,18.4,164.3,1009,66.5,5.9,71.5,6.2,6,30,2022-06-06T05:58:28,2022-06-06T17:43:38,0.19,"Rain, Partially cloudy",Partly cloudy throughout the day with rain.,rain,"96741099999,WIII,96739099999,96749099999,96751099999,96745099999"
"-6.59117203505968, 106.901704049011",2022-06-07,31,20.4,26.2,40.6,20.4,29.1,23.2,83.9,0.24,100,4.17,rain,0,0,14.8,29.5,128,1008.1,54.4,7.7,161.1,14,7,30,2022-06-07T05:58:42,2022-06-07T17:43:46,0.24,"Rain, Partially cloudy",Partly cloudy throughout the day with late afternoon rain.,rain,"96741099999,WIII,96739099999,96749099999,96751099999,96745099999"
"-6.59117203505968, 106.901704049011",2022-06-08,30,21.5,25.9,38.8,21.5,28.5,23.7,87.9,14.62,100,25,rain,0,0,10.4,16.6,134.3,1008.8,55.5,6.8,239.3,20.5,8,60,2022-06-08T05:58:57,2022-06-08T17:43:55,0.29,"Rain, Partially cloudy",Partly cloudy throughout the day with rain.,rain,"96741099999,WIII,96739099999,96749099999,96751099999,96745099999"
"-6.59117203505968, 106.901704049011",2022-06-09,30,20.2,24.7,37.4,20.2,25.7,23.2,91.7,15.99,100,16.67,rain,0,0,10.1,22.3,165,1009.4,54.6,5.3,170.4,14.7,8,30,2022-06-09T05:59:11,2022-06-09T17:44:04,0.35,"Rain, Partially cloudy",Partly cloudy throughout the day with rain.,rain,"96741099999,WIII,96739099999,96749099999,96751099999,96745099999"
"-6.59117203505968, 106.901704049011",2022-06-10,32,19.4,26.1,37.9,19.4,28.3,23,84,9.11,100,8.33,rain,0,0,9.7,18.4,175.8,1008.6,46.3,6.8,224.9,19.4,8,30,2022-06-10T05:59:25,2022-06-10T17:44:13,0.39,"Rain, Partially cloudy",Becoming cloudy in the afternoon with late afternoon rain.,rain,"96741099999,WIII,96739099999,96749099999,96751099999,96745099999"
"-6.59117203505968, 106.901704049011",2022-06-11,32,20.5,26.2,40.7,20.5,28.9,24,88.3,13.75,100,25,rain,0,0,11.5,25.9,120.3,1009.1,60,6.3,234.6,20.1,8,30,2022-06-11T05:59:40,2022-06-11T17:44:23,0.44,"Rain, Partially cloudy",Partly cloudy throughout the day with a chance of rain throughout the day.,rain,"96741099999,WIII,96739099999,96749099999,96751099999,96745099999"
"-6.59117203505968, 106.901704049011",2022-06-12,31,20.4,25.7,37.7,20.4,27.9,23.5,87.9,19.68,100,16.67,rain,0,0,8.3,16.6,216,1009.6,59.5,5.6,186.4,16.2,7,30,2022-06-12T05:59:54,2022-06-12T17:44:33,0.47,"Rain, Partially cloudy",Partly cloudy throughout the day with rain.,rain,"96741099999,WIII,96739099999,96749099999,96751099999,96745099999"
"-6.59117203505968, 106.901704049011",2022-06-13,31,20.1,25.5,39.1,20.1,27,23.1,87.3,1.24,100,8.33,rain,0,0,5.4,14.8,235.1,1009.9,53.5,6.5,167.2,14.4,5,30,2022-06-13T06:00:09,2022-06-13T17:44:44,0.49,"Rain, Partially cloudy",Partly cloudy throughout the day with rain.,rain,"96741099999,WIII,96739099999,96749099999,96751099999,96745099999"
"-6.59117203505968, 106.901704049011",2022-06-14,31,20.5,25.8,37.7,20.5,27.5,23.2,86.1,0.04,100,4.17,rain,0,0,9.4,25.9,158.7,1009.5,59.7,5.8,238.5,20.6,8,30,2022-06-14T06:00:23,2022-06-14T17:44:55,0.5,"Rain, Partially cloudy",Partly cloudy throughout the day with afternoon rain.,rain,"96741099999,WIII,96739099999,96749099999,96751099999,96745099999"
"-6.59117203505968, 106.901704049011",2022-06-15,30,20.7,25.1,37.4,20.7,26.6,23.4,90.6,7.44,100,12.5,rain,0,0,15.8,18.4,173.2,1009.6,56.4,4.9,222.1,19.2,8,30,2022-06-15T06:00:37,2022-06-15T17:45:06,0.51,"Rain, Partially cloudy",Partly cloudy throughout the day with rain.,rain,"96741099999,WIII,96739099999,96749099999,96751099999,96745099999"
"-6.59117203505968, 106.901704049011",2022-06-16,29,20.4,25.2,35.6,20.4,27,23.1,88.6,0,0,0,rain,0,0,13,20.5,129,1010,58.7,5.7,211,18.3,7,30,2022-06-16T06:00:51,2022-06-16T17:45:18,0.53,Partially cloudy,Partly cloudy throughout the day.,partly-cloudy-day,"96741099999,WIII,96739099999,96749099999,96751099999,96745099999"
"-6.59117203505968, 106.901704049011",2022-06-17,28,20.4,24.8,33.6,20.4,26.2,23.2,90.9,2.51,100,12.5,rain,0,0,14,20.5,155.4,1010.1,64.8,5.2,139.5,11.9,7,30,2022-06-17T06:01:05,2022-06-17T17:45:30,0.57,"Rain, Partially cloudy",Partly cloudy throughout the day with rain.,rain,"96741099999,WIII,96739099999,96749099999,96751099999,96745099999"
"-6.59117203505968, 106.901704049011",2022-06-18,31,19.8,25.1,36.5,19.8,26.3,22.6,86.6,0.81,100,4.17,rain,0,0,7.9,11.2,241,1010.3,45.3,5.6,232.5,20,8,30,2022-06-18T06:01:19,2022-06-18T17:45:42,0.62,"Rain, Partially cloudy",Partly cloudy throughout the day with late afternoon rain.,rain,"96741099999,WIII,96739099999,96749099999,96751099999,96745099999"
"-6.59117203505968, 106.901704049011",2022-06-19,32,19.2,26.2,37.9,19.2,28.6,23,83.6,0.4,100,4.17,rain,0,0,10.1,24.1,133.2,1009.2,42.6,6.4,247.9,21.3,8,30,2022-06-19T06:01:33,2022-06-19T17:45:55,0.67,"Rain, Partially cloudy",Partly cloudy throughout the day with late afternoon rain.,rain,"96741099999,WIII,96739099999,96749099999,96751099999,96745099999"
"-6.59117203505968, 106.901704049011",2022-06-20,32,20.1,26.1,37.9,20.1,28.2,23.1,84.4,7.33,100,12.5,rain,0,0,7.9,13,246.3,1008.2,54.4,4.8,244.8,21.1,8,30,2022-06-20T06:01:46,2022-06-20T17:46:08,0.72,"Rain, Partially cloudy",Partly cloudy throughout the day with rain.,rain,"96741099999,WIII,96739099999,96749099999,96751099999,96745099999"
"-6.59117203505968, 106.901704049011",2022-06-21,32,20.3,26.5,39.2,20.3,28.8,23.1,82.2,0,0,0,rain,0,0,13.3,25.9,173.6,1007.8,52.8,6,212.5,18.5,7,60,2022-06-21T06:01:59,2022-06-21T17:46:21,0.77,Partially cloudy,Partly cloudy throughout the day.,partly-cloudy-day,"96741099999,WIII,96739099999,96749099999,96751099999,96745099999"
"-6.59117203505968, 106.901704049011",2022-06-22,32,20.5,26.2,40.4,20.5,29.2,23.8,87.1,8.24,100,16.67,rain,0,0,44.6,24.1,140.8,1009,55.6,5.3,239.2,20.6,8,30,2022-06-22T06:02:13,2022-06-22T17:46:34,0.82,"Rain, Partially cloudy",Partly cloudy throughout the day with rain.,rain,"96741099999,WIII,96739099999,96749099999,96751099999,96745099999"
"-6.59117203505968, 106.901704049011",2022-06-23,33,20.5,26.6,37,20.5,28.5,22.6,80,0.56,100,4.17,rain,0,0,35.3,22.3,145.4,1010,45.6,6.7,225.8,19.6,8,30,2022-06-23T06:02:25,2022-06-23T17:46:47,0.87,"Rain, Partially cloudy",Partly cloudy throughout the day with late afternoon rain.,rain,"96741099999,WIII,96739099999,96749099999,96751099999,96745099999"
"-6.59117203505968, 106.901704049011",2022-06-24,30,20.4,25.7,36.2,20.4,27.5,23,85.1,2.58,100,8.33,rain,0,0,14,22.3,192.2,1009.2,56,5.1,209.8,18.2,8,30,2022-06-24T06:02:38,2022-06-24T17:47:00,0.91,"Rain, Partially cloudy",Partly cloudy throughout the day with rain.,rain,"96741099999,WIII,96739099999,96749099999,96751099999,96745099999"
"-6.59117203505968, 106.901704049011",2022-06-25,32,19.7,25.6,37.9,19.7,27,22.8,85.7,8.35,100,16.67,rain,0,0,5.8,18.4,203.5,1008.4,57.4,5.7,238.8,20.7,8,30,2022-06-25T06:02:50,2022-06-25T17:47:14,0.95,"Rain, Partially cloudy",Partly cloudy throughout the day with rain.,rain,"96741099999,WIII,96739099999,96749099999,96751099999,96745099999"
"-6.59117203505968, 106.901704049011",2022-06-26,30,20.9,25.3,37.4,20.9,27,23.3,89.3,13.22,100,4.17,rain,0,0,6.8,14.8,192.8,1009.4,60.3,5.6,144,12.4,5,30,2022-06-26T06:03:02,2022-06-26T17:47:28,0.97,"Rain, Partially cloudy",Partly cloudy throughout the day with afternoon rain.,rain,"96741099999,WIII,96739099999,96749099999,96751099999,96745099999"
"-6.59117203505968, 106.901704049011",2022-06-27,31,20.7,26.2,36.5,20.7,28.3,23.4,85.6,17.88,100,20.83,rain,0,0,7.2,14.8,223.6,1009.6,61.7,5.6,117.3,10,6,10,2022-06-27T06:03:13,2022-06-27T17:47:41,0.99,"Rain, Partially cloudy",Partly cloudy throughout the day with rain.,rain,"96741099999,WIII,96739099999,96749099999,96751099999,96745099999"
"-6.59117203505968, 106.901704049011",2022-06-28,32,20.3,26.4,37.9,20.3,28.5,23.3,84,0.88,100,8.33,rain,0,0,10.4,13,192.7,1008.3,53.6,6.3,187.3,16.3,8,30,2022-06-28T06:03:24,2022-06-28T17:47:55,1,"Rain, Partially cloudy",Partly cloudy throughout the day with early morning rain.,rain,"96741099999,WIII,96739099999,96749099999,96751099999,96745099999"
"-6.59117203505968, 106.901704049011",2022-06-29,31,19.3,26,36.5,19.3,28.1,22.3,80.8,0,0,0,rain,0,0,10.8,20.5,242.8,1007.6,50.4,7.6,253.1,21.9,9,10,2022-06-29T06:03:35,2022-06-29T17:48:09,0,Partially cloudy,Partly cloudy throughout the day.,partly-cloudy-day,"96741099999,WIII,96739099999,96749099999,96751099999,96745099999"
"-6.59117203505968, 106.901704049011",2022-06-30,31,18.3,25.9,36.5,18.3,27.5,20.7,74,0,0,0,rain,0,0,13,16.6,208,1008.1,39,7.6,230,19.9,9,10,2022-06-30T06:03:45,2022-06-30T17:48:23,0.01,Partially cloudy,Becoming cloudy in the afternoon.,partly-cloudy-day,"96741099999,WIII,96739099999,96749099999,96751099999,96745099999"
"-6.59117203505968, 106.901704049011",2022-07-01,32,18.5,26.4,35.8,18.5,28.3,21.5,75.5,0,0,0,rain,0,0,10.4,22.3,139.5,1007.8,46.6,7.4,253,22,9,10,2022-07-01T06:03:55,2022-07-01T17:48:37,0.03,Partially cloudy,Partly cloudy throughout the day.,partly-cloudy-day,"96741099999,WIII,96739099999,96749099999,96751099999,96745099999"
"-6.59117203505968, 106.901704049011",2022-07-02,32,20.2,26.8,37.9,20.2,29.5,22.8,79.3,2.46,100,4.17,rain,0,0,13.7,18.4,221.6,1007.5,51.6,5.1,246.5,21.3,8,30,2022-07-02T06:04:04,2022-07-02T17:48:50,0.05,"Rain, Partially cloudy",Partly cloudy throughout the day with late afternoon rain.,rain,"96741099999,WIII,96739099999,96749099999,96751099999,96745099999"
"-6.59117203505968, 106.901704049011",2022-07-03,32,20.7,26.8,40.7,20.7,30.3,24.2,86.2,4.07,100,16.67,rain,0,0,15.1,24.1,146.6,1007.3,58.2,6.2,242.9,21.1,8,30,2022-07-03T06:04:13,2022-07-03T17:49:04,0.08,"Rain, Partially cloudy",Partly cloudy throughout the day with rain.,rain,"96741099999,WIII,96739099999,96749099999,96751099999,96745099999"
"-6.59117203505968, 106.901704049011",2022-07-04,32,22,27.7,40.7,22,31.9,23.8,80.3,0,0,0,rain,0,0,18,33.5,103.9,1007.7,50.4,8.2,240.1,20.8,8,60,2022-07-04T06:04:22,2022-07-04T17:49:18,0.12,Partially cloudy,Partly cloudy throughout the day.,partly-cloudy-day,"96741099999,WIII,96739099999,96749099999,96751099999,96745099999"
"-6.59117203505968, 106.901704049011",2022-07-05,33,21.1,27.5,39.3,21.1,31.1,23.8,81.6,3.15,100,16.67,rain,0,0,10.8,20.5,118.9,1008.5,45.2,7.3,249.2,21.5,8,30,2022-07-05T06:04:29,2022-07-05T17:49:31,0.17,"Rain, Partially cloudy",Partly cloudy throughout the day with rain.,rain,"96741099999,WIII,96739099999,96749099999,96751099999,96745099999"
"-6.59117203505968, 106.901704049011",2022-07-06,28,20.7,25.2,33.6,20.7,27,23.7,91.7,17,100,25,rain,0,0,5.8,13,195.4,1010.1,60.5,5.8,234.7,20.4,8,30,2022-07-06T06:04:37,2022-07-06T17:49:44,0.22,"Rain, Partially cloudy",Partly cloudy throughout the day with a chance of rain throughout the day.,rain,"96741099999,WIII,96739099999,96749099999,96751099999,96745099999"
"-6.59117203505968, 106.901704049011",2022-07-07,32,20.5,26.6,39.2,20.5,29.5,23.8,85.8,5.65,100,4.17,rain,0,0,8.6,13,183,1009.7,46.8,5.8,250.7,21.8,9,30,2022-07-07T06:04:43,2022-07-07T17:49:58,0.27,"Rain, Partially cloudy",Partly cloudy throughout the day with afternoon rain.,rain,"96741099999,WIII,96739099999,96749099999,96751099999,96745099999"
"-6.59117203505968, 106.901704049011",2022-07-08,33,19,26.8,39.3,19,29.5,22.7,79.5,0,0,0,rain,0,0,11.2,18.4,220.4,1008.8,46.1,6.6,212,18.3,9,10,2022-07-08T06:04:50,2022-07-08T17:50:11,0.33,Partially cloudy,Becoming cloudy in the afternoon.,partly-cloudy-day,"96741099999,WIII,96739099999,96749099999,96751099999,96745099999"
"-6.59117203505968, 106.901704049011",2022-07-09,32,19.4,26.2,35.8,19.4,27.8,21,74.3,0,0,0,rain,0,0,9.7,16.6,175.6,1008.2,48.6,8.6,228.9,19.9,9,10,2022-07-09T06:04:55,2022-07-09T17:50:23,0.38,Partially cloudy,Becoming cloudy in the afternoon.,partly-cloudy-day,"96741099999,WIII,96739099999,96749099999,96751099999,96745099999"
"-6.59117203505968, 106.901704049011",2022-07-10,31,18.9,26,35.5,18.9,27.6,20.9,74.2,0,0,0,rain,0,0,35.3,25.9,140.7,1008.4,41,7.9,253.7,21.9,9,10,2022-07-10T06:05:00,2022-07-10T17:50:36,0.42,Partially cloudy,Becoming cloudy in the afternoon.,partly-cloudy-day,"96741099999,WIII,96739099999,96749099999,96751099999,96745099999"
"-6.59117203505968, 106.901704049011",2022-07-11,32,19.4,26.4,35.8,19.4,28.1,21.8,77.1,0,0,0,,0,0,8.3,18.4,138.6,1009.2,42.3,7.2,233.4,20.1,8,30,2022-07-11T06:05:04,2022-07-11T17:50:48,0.46,Partially cloudy,Partly cloudy throughout the day.,partly-cloudy-day,"96741099999,WIII,96739099999,96749099999,96751099999,96745099999"
"-6.59117203505968, 106.901704049011",2022-07-12,32,21.4,26.8,37.9,21.4,29.8,23.7,83.7,18.77,100,12.5,rain,0,0,9,27.7,138.9,1008.6,46.1,5.9,244,21.2,8,30,2022-07-12T06:05:08,2022-07-12T17:51:00,0.49,"Rain, Partially cloudy",Partly cloudy throughout the day with rain.,rain,"96741099999,WIII,96739099999,96749099999,96751099999,96745099999"
"-6.59117203505968, 106.901704049011",2022-07-13,30,20.1,24.9,37.4,20.1,26.3,23.2,91.1,7.72,100,12.5,rain,0,0,9.7,20.5,183,1008.2,65.4,5.1,127.5,10.9,6,30,2022-07-13T06:05:11,2022-07-13T17:51:12,0.5,"Rain, Partially cloudy",Partly cloudy throughout the day with rain.,rain,"96741099999,WIII,96739099999,96749099999,96751099999,96745099999"
"-6.59117203505968, 106.901704049011",2022-07-14,31,20.6,26.3,37.7,20.6,28.8,23.4,85.1,1.37,100,12.5,rain,0,0,13,25.9,114.8,1008.1,51.7,6.8,192.2,16.4,8,30,2022-07-14T06:05:14,2022-07-14T17:51:24,0.51,"Rain, Partially cloudy",Partly cloudy throughout the day with rain.,rain,"96741099999,WIII,96739099999,96749099999,96751099999,96745099999"
"-6.59117203505968, 106.901704049011",2022-07-15,32,20.8,26.2,40.7,20.8,28.7,23.4,85.7,31.32,100,16.67,rain,0,0,14,25.9,144.4,1008.8,60.4,6.5,232.1,20,8,60,2022-07-15T06:05:15,2022-07-15T17:51:35,0.53,"Rain, Partially cloudy",Partly cloudy throughout the day with rain.,rain,"96741099999,WIII,96739099999,96749099999,96751099999,96745099999"
"-6.59117203505968, 106.901704049011",2022-07-16,29,19.1,24.2,32.7,19.1,24.8,21.9,87.8,21.22,100,16.67,rain,0,0,15.5,22.3,184.7,1010.2,70.9,7,29.6,2.6,3,30,2022-07-16T06:05:16,2022-07-16T17:51:46,0.55,"Rain, Partially cloudy",Partly cloudy throughout the day with a chance of rain throughout the day.,rain,"96741099999,WIII,96739099999,96749099999,96751099999,96745099999"
"-6.59117203505968, 106.901704049011",2022-07-17,32,20.3,25.7,39.2,20.3,27.5,23.2,86.8,0,0,0,rain,0,0,14,22.3,158.3,1009.7,61.6,7.3,206,17.8,8,30,2022-07-17T06:05:17,2022-07-17T17:51:56,0.6,Partially cloudy,Partly cloudy throughout the day.,partly-cloudy-day,"96741099999,WIII,96739099999,96749099999,96751099999,96745099999"
"-6.59117203505968, 106.901704049011",2022-07-18,32,20.2,26.4,39.2,20.2,29.1,23.4,84.3,0,0,0,rain,0,0,7.6,14.8,188,1008.7,49.7,6,243.4,21,8,60,2022-07-18T06:05:16,2022-07-18T17:52:06,0.65,Partially cloudy,Partly cloudy throughout the day.,partly-cloudy-day,"96741099999,WIII,96739099999,96749099999,96751099999,96745099999"
"-6.59117203505968, 106.901704049011",2022-07-19,32,20.2,27,39.2,20.2,30.2,23.6,82.6,0,0,0,rain,0,0,9.7,25.9,134,1008.3,47.2,6.5,251.5,21.8,9,60,2022-07-19T06:05:15,2022-07-19T17:52:16,0.7,Partially cloudy,Partly cloudy throughout the day.,partly-cloudy-day,"96741099999,WIII,96739099999,96749099999,96751099999,96745099999"
"-6.59117203505968, 106.901704049011",2022-07-20,32,20.9,27,39.2,20.9,30.5,23.8,83.5,0,0,0,rain,0,0,7.9,20.5,116.7,1008.9,53.5,6,236.3,20.4,8,30,2022-07-20T06:05:14,2022-07-20T17:52:25,0.75,Partially cloudy,Partly cloudy throughout the day.,partly-cloudy-day,"96741099999,WIII,96739099999,96749099999,96751099999,96745099999"
"-6.59117203505968, 106.901704049011",2022-07-21,32,19.2,26.6,37.9,19.2,28.9,22.8,80.9,0,0,0,rain,0,0,18.4,16.6,207.6,1009.1,40.5,6.4,259.3,22.4,9,30,2022-07-21T06:05:11,2022-07-21T17:52:34,0.8,Partially cloudy,Partly cloudy throughout the day.,partly-cloudy-day,"96741099999,WIII,96739099999,96749099999,96751099999,96745099999"
"-6.59117203505968, 106.901704049011",2022-07-22,32,21,26.5,37.9,21,29.1,23.4,83.9,0.2,100,8.33,rain,0,0,20.9,29.5,142.7,1010.1,52.4,5.4,243.3,21,9,30,2022-07-22T06:05:08,2022-07-22T17:52:43,0.85,"Rain, Partially cloudy",Partly cloudy throughout the day with rain.,rain,"96741099999,WIII,96739099999,96749099999,96751099999,96745099999"
"-6.59117203505968, 106.901704049011",2022-07-23,32,20.6,26.8,39.2,20.6,29.4,23.3,82.5,4.43,100,8.33,rain,0,0,6.5,18.4,112.3,1009.3,48.5,7,222.3,19.3,9,30,2022-07-23T06:05:04,2022-07-23T17:52:51,0.89,"Rain, Partially cloudy",Partly cloudy throughout the day with late afternoon rain.,rain,"96741099999,WIII,96739099999,96749099999,96751099999,96745099999"
"-6.59117203505968, 106.901704049011",2022-07-24,32,20.5,26.6,37.9,20.5,28.9,23.1,82.2,17.91,100,20.83,rain,0,0,7.2,18.4,170.6,1008,52.1,6.9,253.8,22,8,30,2022-07-24T06:04:59,2022-07-24T17:52:59,0.93,"Rain, Partially cloudy",Partly cloudy throughout the day with rain.,rain,"96741099999,WIII,96739099999,96749099999,96751099999,96745099999"
"-6.59117203505968, 106.901704049011",2022-07-25,31,21.3,26.4,36.5,21.3,28.4,23.2,83.6,1.14,100,12.5,rain,0,0,11.2,18.4,164.1,1008.1,69.1,6,223.7,19.3,8,30,2022-07-25T06:04:54,2022-07-25T17:53:06,0.96,"Rain, Partially cloudy",Partly cloudy throughout the day with rain clearing later.,rain,"96741099999,WIII,96739099999,96749099999,96751099999,96745099999"
"-6.59117203505968, 106.901704049011",2022-07-26,32,20.4,26.7,36.8,20.4,28.7,22.3,78.4,0,0,0,rain,0,0,10.4,24.1,110.1,1008.8,51.6,6.9,194,16.8,7,30,2022-07-26T06:04:48,2022-07-26T17:53:13,0.98,Partially cloudy,Partly cloudy throughout the day.,partly-cloudy-day,"96741099999,WIII,96739099999,96749099999,96751099999,96745099999"
"-6.59117203505968, 106.901704049011",2022-07-27,32,19.7,26.4,36.8,19.7,28.2,21.9,77,0,0,0,,0,0,16.9,16.6,119,1008.6,45.9,6.3,261.5,22.5,9,10,2022-07-27T06:04:41,2022-07-27T17:53:20,1,Partially cloudy,Partly cloudy throughout the day.,partly-cloudy-day,"96741099999,WIII,96739099999,96749099999,96751099999,96745099999"
"-6.59117203505968, 106.901704049011",2022-07-28,33,20.4,27.1,39.3,20.4,29.7,22.7,77.4,0,0,0,,0,0,15.5,27.7,105.6,1008.2,44,7.8,193.6,16.6,9,30,2022-07-28T06:04:33,2022-07-28T17:53:25,1,Partially cloudy,Becoming cloudy in the afternoon.,partly-cloudy-day,"96741099999,WIII,96739099999,96749099999,96751099999,96745099999"
"-6.59117203505968, 106.901704049011",2022-07-29,33,20.7,27.3,40.6,20.7,30.8,23.5,80.3,1.19,100,8.33,rain,0,0,19.8,27.7,122.1,1008.4,48.1,8.2,251.1,21.8,9,30,2022-07-29T06:04:25,2022-07-29T17:53:31,0,"Rain, Partially cloudy",Partly cloudy throughout the day with rain.,rain,"96741099999,WIII,96739099999,96749099999,96751099999,96745099999"
"-6.59117203505968, 106.901704049011",2022-07-30,32,20.6,26.6,37.9,20.6,29.1,23.4,83.1,0,0,0,rain,0,0,13.3,22.3,174.1,1009,47.6,6.5,228.6,19.7,9,30,2022-07-30T06:04:15,2022-07-30T17:53:36,0.01,Partially cloudy,Partly cloudy throughout the day.,partly-cloudy-day,"96741099999,WIII,96739099999,96749099999,96751099999,96745099999"
"-6.59117203505968, 106.901704049011",2022-07-31,32,19.8,26.7,39.2,19.8,29.6,23,81,0,0,0,rain,0,0,16.6,27.7,99.3,1007.8,48.6,6.6,265.7,23.1,9,10,2022-07-31T06:04:05,2022-07-31T17:53:40,0.04,Partially cloudy,Partly cloudy throughout the day.,partly-cloudy-day,"96741099999,WIII,96739099999,96749099999,96751099999,96745099999"
"-6.59117203505968, 106.901704049011",2022-08-01,33,19.4,26.9,40.6,19.4,29.7,22.9,79.7,0,0,0,,0,0,18.4,25.9,103.6,1007.9,42.6,7.7,261.7,22.6,9,30,2022-08-01T06:03:55,2022-08-01T17:53:45,0.07,Partially cloudy,Partly cloudy throughout the day.,partly-cloudy-day,"96741099999,WIII,96739099999,96749099999,96751099999,96745099999"
"-6.59117203505968, 106.901704049011",2022-08-02,32,20.3,27,37.9,20.3,29.7,23,79.7,0,0,0,,0,0,15.5,18.4,128.7,1008.4,46.3,6.1,264.8,22.9,9,10,2022-08-02T06:03:43,2022-08-02T17:53:48,0.1,Partially cloudy,Partly cloudy throughout the day.,partly-cloudy-day,"96741099999,WIII,96739099999,96749099999,96751099999,96745099999"
"-6.59117203505968, 106.901704049011",2022-08-03,32,20.7,26.9,40.7,20.7,30.1,23.7,83.2,3.24,100,16.67,rain,0,0,10.1,20.5,182.1,1009,64.6,5.5,231.5,20,8,30,2022-08-03T06:03:31,2022-08-03T17:53:51,0.14,"Rain, Partially cloudy",Partly cloudy throughout the day with rain.,rain,"96741099999,WIII,96739099999,96749099999,96751099999,96745099999"
"-6.59117203505968, 106.901704049011",2022-08-04,31,20.4,26.1,37.7,20.4,28,23.7,87.6,5.86,100,25,rain,0,0,31.7,16.6,191.4,1009.7,59,5.4,248.5,21.7,9,30,2022-08-04T06:03:19,2022-08-04T17:53:54,0.2,"Rain, Partially cloudy",Partly cloudy throughout the day with a chance of rain throughout the day.,rain,"96741099999,WIII,96739099999,96749099999,96751099999,96745099999"
"-6.59117203505968, 106.901704049011",2022-08-05,30,20.2,25.8,36.2,20.2,27.7,23.5,87.9,1.54,100,12.5,rain,0,0,16.6,18.4,206.7,1010,57.4,5.9,254.6,22.2,9,10,2022-08-05T06:03:05,2022-08-05T17:53:56,0.25,"Rain, Partially cloudy",Partly cloudy throughout the day with rain clearing later.,rain,"96741099999,WIII,96739099999,96749099999,96751099999,96745099999"
"-6.59117203505968, 106.901704049011",2022-08-06,32,19.6,26.1,36.8,19.6,27.7,22.3,81.1,11.77,100,8.33,rain,0,0,15.1,16.6,202.7,1009.8,50.1,6.4,240,20.7,8,30,2022-08-06T06:02:51,2022-08-06T17:53:58,0.31,"Rain, Partially cloudy",Becoming cloudy in the afternoon with late afternoon rain.,rain,"96741099999,WIII,96739099999,96749099999,96751099999,96745099999"
"-6.59117203505968, 106.901704049011",2022-08-07,32,19.2,25.9,37.7,19.2,27.7,22.6,83,3.71,100,12.5,rain,0,0,38.9,16.6,158.4,1009.4,48.7,6.5,254.1,21.9,9,10,2022-08-07T06:02:36,2022-08-07T17:53:59,0.36,"Rain, Partially cloudy",Becoming cloudy in the afternoon with rain.,rain,"96741099999,WIII,96739099999,96749099999,96751099999,96745099999"
"-6.59117203505968, 106.901704049011",2022-08-08,32,19.4,26.3,36.8,19.4,28.5,22.3,79.6,0,0,0,rain,0,0,14.4,18.4,223.8,1008.7,42.2,7.1,272.1,23.5,9,10,2022-08-08T06:02:20,2022-08-08T17:53:59,0.41,Partially cloudy,Becoming cloudy in the afternoon.,partly-cloudy-day,"96741099999,WIII,96739099999,96749099999,96751099999,96745099999"
"-6.59117203505968, 106.901704049011",2022-08-09,32,19.8,26.7,37.9,19.8,28.8,22.4,78.4,0.5,100,4.17,rain,0,0,18.7,14.8,177.9,1008.6,54.2,7.1,273.6,23.5,9,10,2022-08-09T06:02:04,2022-08-09T17:54:00,0.45,"Rain, Partially cloudy",Partly cloudy throughout the day with early morning rain.,rain,"96741099999,WIII,96739099999,WIHH,96749099999,96751099999,96745099999,96749599999"
"-6.59117203505968, 106.901704049011",2022-08-10,33.7,19.7,27,38.5,19.7,29,22.5,78.1,0.48,100,4.17,rain,0,0,18,21.2,165.7,1009.1,46.8,6.4,269.4,23.2,9,30,2022-08-10T06:01:47,2022-08-10T17:53:59,0.48,"Rain, Partially cloudy",Partly cloudy throughout the day with late afternoon rain.,rain,"96741099999,WIII,96739099999,WIHH,96749099999,96751099999,96745099999,96749599999"
"-6.59117203505968, 106.901704049011",2022-08-11,33.7,20.2,27.4,39.6,20.2,29.9,23,78.2,3.25,100,8.33,rain,0,0,14.8,16.6,116.2,1008.9,43.9,6.3,258.4,22.2,9,60,2022-08-11T06:01:29,2022-08-11T17:53:59,0.5,"Rain, Partially cloudy",Partly cloudy throughout the day with late afternoon rain.,rain,"96741099999,WIII,96739099999,WIHH,96749099999,96751099999,96745099999,96749599999"
"-6.59117203505968, 106.901704049011",2022-08-12,33,20.7,26.8,39.3,20.7,28.8,22.4,78.1,41.76,100,12.5,rain,0,0,9,18.4,171.8,1009.1,55.4,6.3,261.5,22.5,9,30,2022-08-12T06:01:10,2022-08-12T17:53:57,0.5,"Rain, Partially cloudy",Partly cloudy throughout the day with rain.,rain,"96741099999,WIII,96739099999,WIHH,96749099999,96751099999,96745099999,96749599999"
"-6.59117203505968, 106.901704049011",2022-08-13,33,19.7,26.3,38.1,19.7,28.3,22.2,79.4,4.84,100,8.33,rain,0,0,16.9,25.9,149.3,1009.2,48.1,7.3,272.4,23.6,9,30,2022-08-13T06:00:51,2022-08-13T17:53:56,0.52,"Rain, Partially cloudy",Partly cloudy throughout the day with rain.,rain,"96741099999,WIII,96739099999,96749099999,96751099999,96745099999"
"-6.59117203505968, 106.901704049011",2022-08-14,33,20.2,26.5,39.3,20.2,28.7,22.1,77.8,42.76,100,12.5,rain,0,0,40.7,27.7,149.9,1009.1,44.4,7.1,260.8,22.7,9,60,2022-08-14T06:00:32,2022-08-14T17:53:54,0.54,"Rain, Partially cloudy",Becoming cloudy in the afternoon with rain.,rain,"96741099999,WIII,96739099999,96749099999,96751099999,96745099999"
"-6.59117203505968, 106.901704049011",2022-08-15,32.5,19.7,26.5,37.9,19.7,28.5,22,77.5,2.46,100,4.17,rain,0,0,6.8,18.4,174.4,1010,58.1,6.7,240.7,20.8,7,60,2022-08-15T06:00:11,2022-08-15T17:53:51,0.58,"Rain, Partially cloudy",Partly cloudy throughout the day with late afternoon rain.,rain,"96741099999,WIII,96739099999,WIHH,96749099999,96751099999,96745099999,96749599999"
"-6.59117203505968, 106.901704049011",2022-08-16,32,21,26.2,38.5,21,27.8,22.6,81.4,4.25,100,8.33,rain,0,0,6.5,14.8,206.6,1010.1,67.5,5.6,268,23.3,9,30,2022-08-16T05:59:50,2022-08-16T17:53:48,0.62,"Rain, Partially cloudy",Partly cloudy throughout the day with rain.,rain,"96741099999,WIII,96739099999,WIHH,96749099999,96751099999,96745099999,96749599999"
"-6.59117203505968, 106.901704049011",2022-08-17,32,20.2,26.5,37.9,20.2,28.5,22.5,80,17.39,100,12.5,rain,0,0,12.2,27.7,144,1009.9,54,6.9,252.3,21.9,9,30,2022-08-17T05:59:29,2022-08-17T17:53:44,0.67,"Rain, Partially cloudy",Partly cloudy throughout the day with rain.,rain,"96741099999,WIII,96739099999,96749099999,96751099999,96745099999"
"-6.59117203505968, 106.901704049011",2022-08-18,33,20,27,37,20,28.8,21.2,71.7,0,0,0,,0,0,23,33.5,125.8,1009.1,52,7.7,281.4,24.3,9,10,2022-08-18T05:59:07,2022-08-18T17:53:41,0.72,Partially cloudy,Partly cloudy throughout the day.,partly-cloudy-day,"96741099999,WIII,96739099999,WIHH,96749099999,96751099999,96745099999,96749599999"
"-6.59117203505968, 106.901704049011",2022-08-19,34,20.1,27.6,37.5,20.1,29.4,21.2,69.7,0,0,0,,0,0,24.5,29.5,114.2,1008.9,34.5,7.8,281.3,24.4,9,30,2022-08-19T05:58:44,2022-08-19T17:53:36,0.77,Partially cloudy,Partly cloudy throughout the day.,partly-cloudy-day,"96741099999,WIII,96739099999,WIHH,96749099999,96751099999,96745099999,96749599999"
"-6.59117203505968, 106.901704049011",2022-08-20,33,20.8,27.2,38.1,20.8,29.5,22.2,75.1,0.64,100,8.33,rain,0,0,27.7,31.7,127.4,1008.7,43.9,7.2,243.5,21,9,10,2022-08-20T05:58:21,2022-08-20T17:53:32,0.82,"Rain, Partially cloudy",Partly cloudy throughout the day with late afternoon rain.,rain,"96741099999,WIII,96739099999,96749099999,96751099999,96745099999"
"-6.59117203505968, 106.901704049011",2022-08-21,32,20.5,26.5,37.9,20.5,28.3,21.8,76.6,39.15,100,8.33,rain,0,0,10.8,20.5,150.2,1009.1,51,6.9,243.2,21,9,10,2022-08-21T05:57:57,2022-08-21T17:53:26,0.86,"Rain, Partially cloudy",Partly cloudy throughout the day with late afternoon rain.,rain,"96741099999,WIII,96739099999,96749099999,96751099999,96745099999"
"-6.59117203505968, 106.901704049011",2022-08-22,31.2,19.9,25.5,35.7,19.9,26.8,22.3,83.5,0.08,100,4.17,rain,0,0,8.3,16.9,216.1,1009.4,59.3,5,249.3,21.7,9,30,2022-08-22T05:57:33,2022-08-22T17:53:21,0.9,"Rain, Partially cloudy",Partly cloudy throughout the day with afternoon rain.,rain,"96741099999,WIII,96739099999,WIHH,96749099999,96751099999,96745099999,96749599999"
"-6.59117203505968, 106.901704049011",2022-08-23,33.5,19.8,27.2,36.9,19.8,29.1,22.1,75.7,0,0,0,rain,0,0,11.5,17.6,148.2,1009.2,51.1,5.1,255,21.9,9,30,2022-08-23T05:57:08,2022-08-23T17:53:15,0.94,Partially cloudy,Partly cloudy throughout the day.,partly-cloudy-day,"96741099999,WIII,96739099999,WIHH,96749099999,96751099999,96745099999,96749599999"
"-6.59117203505968, 106.901704049011",2022-08-24,33,20.3,27.2,36.8,20.3,29.3,22.1,75,0.32,100,4.17,rain,0,0,19.8,22.3,165.2,1009.3,53.3,6.4,279,24.2,10,10,2022-08-24T05:56:42,2022-08-24T17:53:09,0.97,"Rain, Partially cloudy",Partly cloudy throughout the day with late afternoon rain.,rain,"96741099999,WIII,96739099999,WIHH,96749099999,96751099999,96745099999,96749599999"
"-6.59117203505968, 106.901704049011",2022-08-25,33,19.9,27,36,19.9,28.5,21,71.1,0.04,100,4.17,rain,0,0,22.3,25.9,145.2,1009,48,7.1,254.2,21.9,9,10,2022-08-25T05:56:16,2022-08-25T17:53:02,0.99,"Rain, Partially cloudy",Partly cloudy throughout the day with early morning rain.,rain,"96741099999,WIII,96739099999,WIHH,96749099999,96751099999,96745099999,96749599999"
"-6.59117203505968, 106.901704049011",2022-08-26,31.7,19.7,26.7,34.8,19.7,28.2,21.1,72.4,0.4,100,4.17,rain,0,0,14.4,13,180.8,1008.7,51.3,5.7,243.6,20.9,9,30,2022-08-26T05:55:50,2022-08-26T17:52:55,1,"Rain, Partially cloudy",Partly cloudy throughout the day with late afternoon rain.,rain,"96741099999,WIII,96739099999,WIHH,96749099999,96751099999,96745099999,96749599999"
"-6.59117203505968, 106.901704049011",2022-08-27,31,20.4,26.1,36.5,20.4,28.1,22.5,80.8,22.47,100,12.5,rain,0,0,11.5,18.4,257.7,1008.4,66.5,5.6,225.5,19.6,8,30,2022-08-27T05:55:23,2022-08-27T17:52:48,0,"Rain, Partially cloudy",Partly cloudy throughout the day with rain.,rain,"96741099999,WIII,96739099999,96749099999,96751099999,96745099999"
"-6.59117203505968, 106.901704049011",2022-08-28,30,20.4,25.5,35.1,20.4,27.1,22.8,85.7,3.31,100,8.33,rain,0,0,5.4,20.5,238.4,1008.5,65.6,5.1,232.5,20,9,30,2022-08-28T05:54:56,2022-08-28T17:52:40,0.01,"Rain, Partially cloudy",Partly cloudy throughout the day with rain.,rain,"96741099999,WIII,96739099999,96749099999,96751099999,96745099999"
"-6.59117203505968, 106.901704049011",2022-08-29,31,20.4,26.2,37.2,20.4,28.1,22.8,82.5,15.36,100,12.5,rain,0,0,10.1,16.6,212.2,1008.8,67.7,5.8,264.9,22.9,10,30,2022-08-29T05:54:28,2022-08-29T17:52:32,0.02,"Rain, Partially cloudy",Partly cloudy throughout the day with rain.,rain,"96741099999,WIII,96739099999,WIHH,96749099999,96751099999,96745099999,96749599999"
"-6.59117203505968, 106.901704049011",2022-08-30,32.7,19.7,26.8,38,19.7,28.7,22,76.4,0,0,0,rain,0,0,22.3,16.6,209,1008.7,53.7,6.1,277.2,23.9,10,10,2022-08-30T05:54:00,2022-08-30T17:52:24,0.05,Partially cloudy,Partly cloudy throughout the day.,partly-cloudy-day,"96741099999,WIII,96739099999,WIHH,96749099999,96751099999,96745099999,96749599999"
"-6.59117203505968, 106.901704049011",2022-08-31,32.3,19.9,26.8,35.8,19.9,28.6,22,76.3,0.07,100,4.17,rain,0,0,27.7,17.3,147.5,1008.2,50.1,5.9,256.3,22.1,9,10,2022-08-31T05:53:32,2022-08-31T17:52:16,0.09,"Rain, Partially cloudy",Partly cloudy throughout the day with morning rain.,rain,"96741099999,WIII,96739099999,WIHH,96749099999,96751099999,96745099999,96749599999"
"-6.59117203505968, 106.901704049011",2022-09-01,32.7,20.7,27.2,37.9,20.7,29.8,22.8,78,1.62,100,8.33,rain,0,0,18,33.5,139.6,1008.7,54.5,6.3,227.3,19.6,9,30,2022-09-01T05:53:03,2022-09-01T17:52:07,0.13,"Rain, Partially cloudy",Partly cloudy throughout the day with rain.,rain,"96741099999,WIII,96739099999,WIHH,96749099999,96751099999,96745099999,96749599999"
"-6.59117203505968, 106.901704049011",2022-09-02,33.5,20.5,26.4,38.5,20.5,28.3,22.7,81.4,2.27,100,16.67,rain,0,0,15.8,20.4,176.7,1009.8,56.2,6.5,238.1,20.4,10,30,2022-09-02T05:52:34,2022-09-02T17:51:58,0.18,"Rain, Partially cloudy",Partly cloudy throughout the day with rain.,rain,"96741099999,WIII,96739099999,WIHH,96749099999,96751099999,96745099999,96749599999"
"-6.59117203505968, 106.901704049011",2022-09-03,33,20.1,25.8,39.3,20.1,27.3,22,80.5,6.46,100,8.33,rain,0,0,48.2,29.5,247.5,1010.1,52.5,7.1,242.5,21,9,30,2022-09-03T05:52:04,2022-09-03T17:51:49,0.24,"Rain, Partially cloudy",Partly cloudy throughout the day with rain.,rain,"96741099999,WIII,96739099999,96749099999,96751099999,96745099999"
"-6.59117203505968, 106.901704049011",2022-09-04,33,20.7,26.4,38.1,20.7,28.2,22.1,78.4,5,100,8.33,rain,0,0,21.6,29.5,196.4,1009.6,63.7,8.1,266.2,23,10,10,2022-09-04T05:51:35,2022-09-04T17:51:40,0.29,"Rain, Partially cloudy",Partly cloudy throughout the day with rain.,rain,"96741099999,WIII,96739099999,96749099999,96751099999,96745099999"
"-6.59117203505968, 106.901704049011",2022-09-05,33,20.9,27.2,36.8,20.9,29.3,22.7,77.9,1.31,100,8.33,rain,0,0,11.5,22.3,141.5,1009.9,58.1,6.1,270.7,23.3,10,30,2022-09-05T05:51:05,2022-09-05T17:51:30,0.35,"Rain, Partially cloudy",Partly cloudy throughout the day with rain.,rain,"96741099999,WIII,96739099999,WIHH,96749099999,96751099999,96745099999,96749599999"
"-6.59117203505968, 106.901704049011",2022-09-06,33.5,21.5,27.1,39.2,21.5,29.7,23,79,9.22,100,25,rain,0,0,13.3,27.7,130.1,1009.4,61,6.9,260.9,22.4,9,30,2022-09-06T05:50:34,2022-09-06T17:51:20,0.4,"Rain, Partially cloudy",Partly cloudy throughout the day with a chance of rain throughout the day.,rain,"96741099999,WIII,96739099999,WIHH,96749099999,96751099999,96745099999,96749599999"
"-6.59117203505968, 106.901704049011",2022-09-07,31.7,20,25.5,37.2,20,27.2,23.1,87,16.56,100,25,rain,0,0,13.7,24.1,249,1010.5,62.7,5.2,270.4,23.4,10,30,2022-09-07T05:50:04,2022-09-07T17:51:10,0.44,"Rain, Partially cloudy",Partly cloudy throughout the day with rain.,rain,"96741099999,WIII,96739099999,WIHH,96749099999,96751099999,96745099999,96749599999"
"-6.59117203505968, 106.901704049011",2022-09-08,27.7,19.8,24.3,32,19.8,24.6,22.8,91.7,32.8,100,20.83,rain,0,0,14.4,13,229.3,1011.9,66.9,4.9,185.3,15.9,8,10,2022-09-08T05:49:33,2022-09-08T17:51:00,0.47,"Rain, Partially cloudy",Partly cloudy throughout the day with a chance of rain throughout the day.,rain,"96741099999,WIII,96739099999,WIHH,96749099999,96751099999,96745099999,96749599999"
"-6.59117203505968, 106.901704049011",2022-09-09,30.7,19.9,24.7,35.1,19.9,25.7,22.4,88.1,16.05,100,20.83,rain,0,0,10.1,18.4,194.7,1011.9,62.9,4.6,225.9,19.5,10,30,2022-09-09T05:49:02,2022-09-09T17:50:50,0.49,"Rain, Partially cloudy",Partly cloudy throughout the day with rain.,rain,"96741099999,WIII,96739099999,WIHH,96749099999,96751099999,96745099999,96749599999"
"-6.59117203505968, 106.901704049011",2022-09-10,30,19.8,24.5,36.2,19.8,25.5,22.6,90.1,19.95,100,25,rain,0,0,38.9,24.1,206.4,1011.4,66.8,5.5,214.3,18.4,8,30,2022-09-10T05:48:30,2022-09-10T17:50:39,0.5,"Rain, Partially cloudy",Partly cloudy throughout the day with rain.,rain,"96741099999,WIII,96739099999,96749099999,96751099999,96745099999"
"-6.59117203505968, 106.901704049011",2022-09-11,32,19.9,25.7,37.9,19.9,27.6,22.7,84.3,13.78,100,12.5,rain,0,0,9.4,20.5,151.6,1009.8,56.4,6.7,252.5,21.8,10,30,2022-09-11T05:47:59,2022-09-11T17:50:29,0.51,"Rain, Partially cloudy",Partly cloudy throughout the day with rain.,rain,"96741099999,WIII,96739099999,96749099999,96751099999,96745099999"
"-6.59117203505968, 106.901704049011",2022-09-12,31.5,20.1,25.7,37.2,20.1,27.5,22.4,83,21.92,100,12.5,rain,0,0,9.4,13.1,243.5,1009.7,57.8,6.4,290.5,25.1,10,30,2022-09-12T05:47:27,2022-09-12T17:50:18,0.53,"Rain, Partially cloudy",Partly cloudy throughout the day with rain.,rain,"96741099999,WIII,96739099999,WIHH,96749099999,96751099999,96745099999,96749599999"
"-6.59117203505968, 106.901704049011",2022-09-13,31.7,20.1,26,38.5,20.1,27.8,22.4,81.6,4.03,100,12.5,rain,0,0,10.1,16.6,204.5,1011.7,56.4,6.1,286.1,24.7,10,10,2022-09-13T05:46:56,2022-09-13T17:50:08,0.56,"Rain, Partially cloudy",Partly cloudy throughout the day with rain.,rain,"96741099999,WIII,96739099999,WIHH,96749099999,96751099999,96745099999,96749599999"
"-6.59117203505968, 106.901704049011",2022-09-14,32.2,19.7,26.4,37.3,19.7,28,21.2,74.8,0.08,100,4.17,rain,0,0,17.3,17.9,166.7,1012.5,47.4,6.6,276.1,23.8,10,30,2022-09-14T05:46:24,2022-09-14T17:49:57,0.6,"Rain, Partially cloudy",Partly cloudy throughout the day with early morning rain.,rain,"96741099999,WIII,96739099999,WIHH,96749099999,96751099999,96745099999,96749599999"
"-6.59117203505968, 106.901704049011",2022-09-15,32.7,19.4,26.7,37,19.4,28.4,21.7,75.6,0,0,0,rain,0,0,13,13.4,214.1,1011,49.2,6.4,296,25.5,10,30,2022-09-15T05:45:52,2022-09-15T17:49:46,0.64,Partially cloudy,Partly cloudy throughout the day.,partly-cloudy-day,"96741099999,WIII,96739099999,WIHH,96749099999,96751099999,96745099999,96749599999"
"-6.59117203505968, 106.901704049011",2022-09-16,32.7,19.4,26.3,37,19.4,28.1,22.1,78.8,27.15,100,8.33,rain,0,0,16.9,16.6,211.4,1010.1,53.2,5.8,249.2,21.8,8,30,2022-09-16T05:45:20,2022-09-16T17:49:36,0.69,"Rain, Partially cloudy",Partly cloudy throughout the day with late afternoon rain.,rain,"96741099999,WIII,96739099999,WIHH,96749099999,96751099999,96745099999,96749599999"
"-6.59117203505968, 106.901704049011",2022-09-17,33,19.8,27,40.6,19.8,29.6,22.7,78.5,0,0,0,rain,0,0,15.8,22.3,143,1009.7,46,7,251.6,21.7,10,60,2022-09-17T05:44:48,2022-09-17T17:49:25,0.74,Partially cloudy,Partly cloudy throughout the day.,partly-cloudy-day,"96741099999,WIII,96739099999,96749099999,96751099999,96745099999"
"-6.59117203505968, 106.901704049011",2022-09-18,32,21.1,26.6,37.9,21.1,29.1,23.5,83.4,0.08,100,4.17,rain,0,0,18.7,11.2,238.1,1010.3,50.8,5.8,263.9,22.7,10,30,2022-09-18T05:44:16,2022-09-18T17:49:14,0.78,"Rain, Partially cloudy",Partly cloudy throughout the day with afternoon rain.,rain,"96741099999,WIII,96739099999,96749099999,96751099999,96745099999"
"-6.59117203505968, 106.901704049011",2022-09-19,33,20.5,26.3,38.1,20.5,28,22.2,79.3,2.22,100,4.17,rain,0,0,17.6,18.4,218.3,1010.6,48.3,6.2,239.7,20.7,10,30,2022-09-19T05:43:43,2022-09-19T17:49:03,0.83,"Rain, Partially cloudy",Partly cloudy throughout the day with late afternoon rain.,rain,"96741099999,WIII,96739099999,WIHH,96749099999,96751099999,96745099999,96749599999"
"-6.59117203505968, 106.901704049011",2022-09-20,32,19.4,26.4,36.3,19.4,28.2,21.3,74.9,0,0,0,rain,0,0,15.1,14.8,162.2,1010.1,52.6,6.3,255.7,22.1,10,30,2022-09-20T05:43:11,2022-09-20T17:48:53,0.87,Partially cloudy,Partly cloudy throughout the day.,partly-cloudy-day,"96741099999,WIII,96739099999,WIHH,96749099999,96751099999,96745099999,96749599999"
"-6.59117203505968, 106.901704049011",2022-09-21,32.1,20.5,26.5,39.3,20.5,28.8,22.8,81.3,15.69,100,20.83,rain,0,0,12.6,16.6,216.7,1010.2,67.3,5.8,240.3,20.9,9,30,2022-09-21T05:42:39,2022-09-21T17:48:42,0.91,"Rain, Partially cloudy",Partly cloudy throughout the day with rain.,rain,"96741099999,WIII,96739099999,WIHH,96749099999,96751099999,96745099999,96749599999"
"-6.59117203505968, 106.901704049011",2022-09-22,31.2,20.6,27.1,37.8,20.6,29.5,23.9,83.5,5.6,100,37.5,rain,0,0,40.7,22.3,211.5,1009.7,53.8,4.6,234.4,20.2,8,30,2022-09-22T05:42:07,2022-09-22T17:48:32,0.95,"Rain, Partially cloudy",Partly cloudy throughout the day with rain.,rain,"96741099999,WIII,96739099999,WIHH,96749099999,96751099999,96745099999"
"-6.59117203505968, 106.901704049011",2022-09-23,32.7,25,27.8,38.2,25,29.9,23.9,81,18.3,100,54.17,rain,0,0,11.9,20.8,183.8,1009.8,47.4,5.1,271.6,23.3,10,30,2022-09-23T05:41:35,2022-09-23T17:48:21,0.97,"Rain, Partially cloudy",Partly cloudy throughout the day with a chance of rain throughout the day.,rain,"WIII,WIHH"
