name,datetime,tempmax,tempmin,temp,feelslikemax,feelslikemin,feelslike,dew,humidity,precip,precipprob,precipcover,preciptype,snow,snowdepth,windgust,windspeed,winddir,sealevelpressure,cloudcover,visibility,solarradiation,solarenergy,uvindex,severerisk,sunrise,sunset,moonphase,conditions,description,icon,stations
"-6.48193504748969,106.45661598101",2019-12-29,30.0,24.0,27.2,36.4,24.0,30.3,24.8,87.1,7.24,100,12.5,rain,0,0,,14.8,224.1,1010.9,56.6,6.2,200.5,17.2,7,,2019-12-29T05:41:04,2019-12-29T18:10:46,0.05,"Rain, Partially cloudy",Partly cloudy throughout the day with rain clearing later.,rain,"96737099999,96741099999,WIII,96739099999,WIHH,96749099999,96751099999,96745099999,96749599999"
"-6.48193504748969,106.45661598101",2019-12-30,31.8,24.2,28.6,39.2,24.2,33.2,24.8,80.4,4.63,100,12.5,rain,0,0,,17.2,214.7,1010.9,50.5,6.2,266.4,23.1,9,,2019-12-30T05:41:35,2019-12-30T18:11:13,0.09,"Rain, Partially cloudy",Partly cloudy throughout the day with rain.,rain,"96737099999,96741099999,WIII,96739099999,WIHH,96749099999,96751099999,96745099999,96749599999"
"-6.48193504748969,106.45661598101",2019-12-31,30.4,24.6,27.5,37.6,24.6,31.1,24.8,85.5,9.76,100,20.83,rain,0,0,29.5,22.3,244.8,1011.3,61.7,6.1,187.9,16.2,7,,2019-12-31T05:42:06,2019-12-31T18:11:39,0.13,"Rain, Partially cloudy",Partly cloudy throughout the day with rain.,rain,"96737099999,96741099999,WIII,96739099999,WIHH,96749099999,96751099999,96745099999,96749599999"
"-6.48193504748969,106.45661598101",2020-01-01,29.0,24.6,26.6,38.2,24.6,29.2,24.7,89.6,102.17,100,29.17,rain,0,0,,27.7,284.5,1012.6,70.6,5.0,105.3,9.0,4,,2020-01-01T05:42:37,2020-01-01T18:12:05,0.17,"Rain, Partially cloudy",Partly cloudy throughout the day with a chance of rain throughout the day.,rain,"96737099999,96741099999,WIII,96739099999,WIHH,96749099999,96751099999,96745099999,96749599999"
"-6.48193504748969,106.45661598101",2020-01-02,31.0,24.1,27.1,35.9,24.1,29.4,23.9,83.2,14.65,100,25.0,rain,0,0,,16.1,270.8,1012.9,62.8,6.1,187.2,16.1,7,,2020-01-02T05:43:08,2020-01-02T18:12:31,0.22,"Rain, Partially cloudy",Partly cloudy throughout the day with a chance of rain throughout the day.,rain,"96737099999,96741099999,WIII,96739099999,WIHH,96749099999,96751099999,96745099999,96749599999"
"-6.48193504748969,106.45661598101",2020-01-03,30.6,25.2,27.6,36.4,25.2,30.7,24.3,82.4,5.05,100,20.83,rain,0,0,,15.1,277.9,1011.1,60.0,7.1,170.4,14.7,6,,2020-01-03T05:43:39,2020-01-03T18:12:55,0.26,"Rain, Partially cloudy",Partly cloudy throughout the day with a chance of rain throughout the day.,rain,"96737099999,96741099999,WIII,96739099999,WIHH,96749099999,96751099999,96745099999,96749599999"
"-6.48193504748969,106.45661598101",2020-01-04,30.5,25.0,27.7,36.3,25.0,30.8,24.2,81.5,0.69,100,16.67,rain,0,0,,20.7,286.9,1009.4,63.2,6.7,167.3,14.2,6,,2020-01-04T05:44:10,2020-01-04T18:13:20,0.31,"Rain, Partially cloudy",Partly cloudy throughout the day with rain in the morning and afternoon.,rain,"96737099999,96741099999,WIII,96739099999,WIHH,96749099999,96751099999,96745099999,96749599999"
"-6.48193504748969,106.45661598101",2020-01-05,29.0,25.0,26.7,34.0,25.0,28.3,24.4,87.5,8.25,100,25.0,rain,0,0,,16.1,276.4,1009.7,71.0,6.0,171.9,14.9,6,,2020-01-05T05:44:41,2020-01-05T18:13:43,0.36,"Rain, Partially cloudy",Partly cloudy throughout the day with rain.,rain,"96737099999,96741099999,WIII,96739099999,WIHH,96749099999,96751099999,96745099999,96749599999"
"-6.48193504748969,106.45661598101",2020-01-06,30.2,24.4,26.8,36.5,24.4,29.0,24.5,87.5,14.03,100,25.0,rain,0,0,,20.8,255.4,1009.8,62.8,5.1,212.5,18.3,7,,2020-01-06T05:45:11,2020-01-06T18:14:06,0.4,"Rain, Partially cloudy",Partly cloudy throughout the day with a chance of rain throughout the day.,rain,"96737099999,96741099999,WIII,96739099999,WIHH,96749099999,96751099999,96745099999,96749599999"
"-6.48193504748969,106.45661598101",2020-01-07,30.4,24.6,27.0,36.2,24.6,29.6,24.2,85.1,8.5,100,33.33,rain,0,0,,18.4,263.5,1009.3,62.1,6.1,158.8,13.7,6,,2020-01-07T05:45:42,2020-01-07T18:14:29,0.44,"Rain, Partially cloudy",Partly cloudy throughout the day with a chance of rain throughout the day.,rain,"96737099999,96741099999,WIII,96739099999,WIHH,96749099999,96751099999,96745099999,96749599999"
"-6.48193504748969,106.45661598101",2020-01-08,29.4,24.7,27.2,34.2,24.7,29.7,24.0,83.1,5.4,100,16.67,rain,0,0,,24.1,253.4,1008.7,60.2,5.6,238.9,20.7,9,,2020-01-08T05:46:12,2020-01-08T18:14:50,0.47,"Rain, Partially cloudy",Partly cloudy throughout the day with rain.,rain,"96737099999,96741099999,WIII,96739099999,WIHH,96749099999,96751099999,96745099999,96749599999"
"-6.48193504748969,106.45661598101",2020-01-09,29.0,25.0,26.8,34.0,25.0,28.9,24.2,86.0,19.12,100,33.33,rain,0,0,40.7,25.9,272.5,1008.5,71.3,5.5,255.0,22.0,8,,2020-01-09T05:46:42,2020-01-09T18:15:11,0.49,"Rain, Partially cloudy",Partly cloudy throughout the day with a chance of rain throughout the day.,rain,"96737099999,96741099999,WIII,96739099999,WIHH,96749099999,96751099999,96745099999,96749599999"
"-6.48193504748969,106.45661598101",2020-01-10,27.4,23.3,25.2,30.8,23.3,25.7,23.4,90.1,25.17,100,33.33,rain,0,0,,27.7,277.2,1009.6,77.8,5.3,185.4,15.9,6,,2020-01-10T05:47:11,2020-01-10T18:15:31,0.5,"Rain, Partially cloudy",Partly cloudy throughout the day with a chance of rain throughout the day.,rain,"96737099999,96741099999,WIII,96739099999,WIHH,96749099999,96751099999,96745099999,96749599999"
"-6.48193504748969,106.45661598101",2020-01-11,31.0,23.5,26.5,34.6,23.5,28.3,23.3,83.4,2.66,100,20.83,rain,0,0,,31.7,273.6,1009.8,65.8,6.7,182.5,15.7,6,,2020-01-11T05:47:40,2020-01-11T18:15:50,0.51,"Rain, Partially cloudy",Partly cloudy throughout the day with a chance of rain throughout the day.,rain,"96737099999,96741099999,WIII,96739099999,WIHH,96749099999,96751099999,96745099999,96749599999"
"-6.48193504748969,106.45661598101",2020-01-12,32.0,24.3,27.8,37.9,24.3,30.5,23.3,77.2,0.19,100,4.17,rain,0,0,42.5,18.4,274.4,1008.8,53.9,8.0,311.7,26.9,10,,2020-01-12T05:48:09,2020-01-12T18:16:09,0.52,"Rain, Partially cloudy",Partly cloudy throughout the day with early morning rain.,rain,"96737099999,96741099999,WIII,96739099999,WIHH,96749099999,96751099999,96745099999,96749599999"
"-6.48193504748969,106.45661598101",2020-01-13,30.4,24.7,27.1,37.4,24.7,29.5,23.9,83.0,7.55,100,20.83,rain,0,0,,18.2,275.8,1008.6,67.0,6.9,309.8,26.8,10,,2020-01-13T05:48:38,2020-01-13T18:16:27,0.55,"Rain, Partially cloudy",Partly cloudy throughout the day with rain.,rain,"96737099999,96741099999,WIII,96739099999,WIHH,96749099999,96751099999,96745099999,96749599999"
"-6.48193504748969,106.45661598101",2020-01-14,31.4,24.9,27.8,36.4,24.9,30.5,23.7,79.6,4.83,100,12.5,rain,0,0,,21.2,270.9,1009.4,53.9,7.5,211.7,18.4,7,,2020-01-14T05:49:06,2020-01-14T18:16:44,0.59,"Rain, Partially cloudy",Partly cloudy throughout the day with rain.,rain,"96737099999,96741099999,WIII,WIHH,96739099999,96749099999,96751099999,96749599999,96745099999"
"-6.48193504748969,106.45661598101",2020-01-15,30.4,24.3,27.2,35.5,24.3,29.6,24.0,83.3,21.52,100,20.83,rain,0,0,,16.3,232.6,1010.2,61.5,6.2,208.7,18.1,7,,2020-01-15T05:49:34,2020-01-15T18:17:00,0.64,"Rain, Partially cloudy",Partly cloudy throughout the day with a chance of rain throughout the day.,rain,"96737099999,96741099999,WIII,96739099999,WIHH,96749099999,96751099999,96745099999,96749599999"
"-6.48193504748969,106.45661598101",2020-01-16,31.6,25.0,27.5,38.6,25.0,30.1,24.1,82.5,2.48,100,12.5,rain,0,0,,19.6,196.4,1010.9,53.6,5.3,230.3,19.7,7,,2020-01-16T05:50:01,2020-01-16T18:17:15,0.69,"Rain, Partially cloudy",Partly cloudy throughout the day with rain.,rain,"96737099999,96741099999,WIII,96739099999,WIHH,96749099999,96751099999,96745099999,96749599999"
"-6.48193504748969,106.45661598101",2020-01-17,31.4,24.7,28.1,38.1,24.7,31.6,24.1,79.4,3.63,100,8.33,rain,0,0,,18.4,231.0,1010.7,54.7,5.9,306.1,26.4,10,,2020-01-17T05:50:28,2020-01-17T18:17:29,0.75,"Rain, Partially cloudy",Partly cloudy throughout the day with late afternoon rain.,rain,"96737099999,96741099999,WIII,96739099999,WIHH,96749099999,96751099999,96745099999,96749599999"
"-6.48193504748969,106.45661598101",2020-01-18,30.6,24.6,27.0,35.3,24.6,28.7,23.6,82.5,9.54,100,16.67,rain,0,0,,14.8,275.8,1011.0,60.5,5.6,281.5,24.2,9,,2020-01-18T05:50:54,2020-01-18T18:17:43,0.81,"Rain, Partially cloudy",Partly cloudy throughout the day with rain clearing later.,rain,"96737099999,96741099999,WIII,96739099999,WIHH,96749099999,96751099999,96745099999,96749599999"
"-6.48193504748969,106.45661598101",2020-01-19,31.4,23.9,28.0,37.6,23.9,31.4,24.0,79.5,0.67,100,8.33,rain,0,0,,21.3,221.4,1010.9,46.3,5.8,269.2,23.2,9,,2020-01-19T05:51:20,2020-01-19T18:17:55,0.86,"Rain, Partially cloudy",Partly cloudy throughout the day with late afternoon rain.,rain,"96737099999,96741099999,WIII,96739099999,WIHH,96749099999,96751099999,96745099999,96749599999"
"-6.48193504748969,106.45661598101",2020-01-20,31.0,25.8,28.4,37.5,25.8,32.2,24.5,80.1,2.08,100,29.17,rain,0,0,,15.1,220.6,1011.4,58.2,6.3,234.6,20.5,8,,2020-01-20T05:51:45,2020-01-20T18:18:07,0.91,"Rain, Partially cloudy",Partly cloudy throughout the day with a chance of rain throughout the day.,rain,"96737099999,96741099999,WIII,96739099999,WIHH,96749099999,96751099999,96745099999,96749599999"
"-6.48193504748969,106.45661598101",2020-01-21,30.2,25.0,27.4,36.2,25.0,30.3,24.5,84.7,0.65,100,12.5,rain,0,0,,16.6,197.8,1012.5,54.5,6.1,232.3,20.0,8,,2020-01-21T05:52:10,2020-01-21T18:18:18,0.95,"Rain, Partially cloudy",Partly cloudy throughout the day with rain.,rain,"96737099999,96741099999,WIII,96739099999,WIHH,96749099999,96751099999,96745099999,96749599999"
"-6.48193504748969,106.45661598101",2020-01-22,31.0,25.3,27.9,38.3,25.3,31.6,24.6,82.7,4.12,100,25.0,rain,0,0,,12.2,183.8,1011.3,53.1,5.7,236.2,20.4,8,,2020-01-22T05:52:34,2020-01-22T18:18:27,0.98,"Rain, Partially cloudy",Partly cloudy throughout the day with a chance of rain throughout the day.,rain,"96737099999,96741099999,WIII,96739099999,WIHH,96749099999,96751099999,96745099999,96749599999"
"-6.48193504748969,106.45661598101",2020-01-23,32.0,25.1,28.2,38.0,25.1,32.3,24.8,82.2,20.41,100,20.83,rain,0,0,,18.4,232.4,1010.6,54.7,5.9,281.2,24.3,10,,2020-01-23T05:52:58,2020-01-23T18:18:36,0.99,"Rain, Partially cloudy",Partly cloudy throughout the day with rain.,rain,"96737099999,96741099999,WIII,96739099999,WIHH,96749099999,96751099999,96745099999,96749599999"
"-6.48193504748969,106.45661598101",2020-01-24,27.0,25.0,26.1,30.6,25.0,26.6,24.6,91.9,142.13,100,33.33,rain,0,0,31.7,16.9,203.9,1010.7,68.0,4.5,224.1,19.4,8,,2020-01-24T05:53:21,2020-01-24T18:18:44,1.0,"Rain, Partially cloudy",Partly cloudy throughout the day with a chance of rain throughout the day.,rain,"96737099999,96741099999,WIII,96739099999,WIHH,96749099999,96751099999,96745099999,96749599999"
"-6.48193504748969,106.45661598101",2020-01-25,28.4,24.8,26.3,33.4,24.8,28.0,24.5,90.2,15.88,100,33.33,rain,0,0,,16.6,266.0,1010.9,73.7,5.4,173.0,14.8,6,,2020-01-25T05:53:43,2020-01-25T18:18:51,0.0,"Rain, Partially cloudy",Partly cloudy throughout the day with a chance of rain throughout the day.,rain,"96737099999,96741099999,WIII,96739099999,WIHH,96749099999,96751099999,96745099999,96749599999"
"-6.48193504748969,106.45661598101",2020-01-26,31.4,24.1,27.5,37.6,24.1,30.2,24.2,83.2,1.05,100,12.5,rain,0,0,,17.9,173.2,1009.6,53.4,6.4,240.3,20.7,8,,2020-01-26T05:54:05,2020-01-26T18:18:57,0.01,"Rain, Partially cloudy",Partly cloudy throughout the day with rain.,rain,"96737099999,96741099999,WIII,96739099999,WIHH,96749099999,96751099999,96745099999,96749599999"
"-6.48193504748969,106.45661598101",2020-01-27,30.5,24.9,27.5,35.7,24.9,30.0,23.9,81.4,7.87,100,25.0,rain,0,0,,13.3,135.9,1009.8,59.2,6.9,218.1,18.8,8,,2020-01-27T05:54:26,2020-01-27T18:19:02,0.03,"Rain, Partially cloudy",Partly cloudy throughout the day with a chance of rain throughout the day.,rain,"96737099999,96741099999,WIII,96739099999,WIHH,96749099999,96751099999,96745099999,96749599999"
"-6.48193504748969,106.45661598101",2020-01-28,31.4,24.9,28.1,37.1,24.9,31.8,24.4,80.8,1.26,100,16.67,rain,0,0,,20.5,238.7,1010.1,49.2,6.3,176.9,15.1,6,,2020-01-28T05:54:46,2020-01-28T18:19:06,0.06,"Rain, Partially cloudy",Partly cloudy throughout the day with rain clearing later.,rain,"96737099999,96741099999,WIII,96739099999,WIHH,96749099999,96751099999,96745099999,96749599999"
"-6.48193504748969,106.45661598101",2020-01-29,32.0,25.2,28.5,40.7,25.2,32.3,24.6,80.4,4.33,100,20.83,rain,0,0,,22.0,249.3,1010.7,51.7,6.5,231.7,19.9,8,,2020-01-29T05:55:06,2020-01-29T18:19:10,0.09,"Rain, Partially cloudy",Partly cloudy throughout the day with rain.,rain,"96737099999,96741099999,WIII,96739099999,WIHH,96749099999,96751099999,96745099999,96749599999"
"-6.48193504748969,106.45661598101",2020-01-30,30.4,23.1,26.9,35.7,23.1,29.4,23.3,81.7,41.62,100,12.5,rain,0,0,,27.7,223.4,1010.7,59.5,6.9,139.3,12.1,6,,2020-01-30T05:55:25,2020-01-30T18:19:12,0.13,"Rain, Partially cloudy",Partly cloudy throughout the day with rain clearing later.,rain,"96737099999,96741099999,WIII,96739099999,WIHH,96749099999,96751099999,96745099999,96749599999"
"-6.48193504748969,106.45661598101",2020-01-31,29.4,25.5,27.6,35.1,25.5,30.8,24.4,83.0,1.46,100,20.83,rain,0,0,,14.6,203.3,1010.3,59.2,5.8,241.0,20.8,8,,2020-01-31T05:55:43,2020-01-31T18:19:13,0.18,"Rain, Partially cloudy",Partly cloudy throughout the day with rain.,rain,"96737099999,96741099999,WIII,96739099999,WIHH,96749099999,96751099999,96745099999,96749599999"
"-6.48193504748969,106.45661598101",2020-02-01,29.0,23.7,26.0,33.6,23.7,27.8,24.0,89.2,64.72,100,29.17,rain,0,0,,16.3,176.5,1010.8,68.0,5.2,136.7,11.8,5,,2020-02-01T05:56:01,2020-02-01T18:19:13,0.22,"Rain, Partially cloudy",Partly cloudy throughout the day with a chance of rain throughout the day.,rain,"96737099999,96741099999,WIII,96739099999,WIHH,96749099999,96751099999,96745099999,96749599999"
"-6.48193504748969,106.45661598101",2020-02-02,29.0,24.0,26.3,34.4,24.0,27.6,23.9,86.9,32.87,100,25.0,rain,0,0,,11.7,130.9,1011.8,67.6,6.3,202.0,17.4,7,,2020-02-02T05:56:18,2020-02-02T18:19:13,0.27,"Rain, Partially cloudy",Partly cloudy throughout the day with a chance of rain throughout the day.,rain,"96737099999,96741099999,WIII,96739099999,WIHH,96749099999,96751099999,96745099999,96749599999"
"-6.48193504748969,106.45661598101",2020-02-03,27.5,24.4,25.8,31.2,24.4,26.6,24.1,90.7,43.69,100,29.17,rain,0,0,,16.6,153.5,1012.1,62.5,5.4,173.5,14.9,7,,2020-02-03T05:56:34,2020-02-03T18:19:11,0.32,"Rain, Partially cloudy",Partly cloudy throughout the day with a chance of rain throughout the day.,rain,"96737099999,96741099999,WIII,96739099999,WIHH,96749099999,96751099999,96745099999,96749599999"
"-6.48193504748969,106.45661598101",2020-02-04,29.6,24.0,26.3,34.4,24.0,28.0,23.9,87.2,24.51,100,20.83,rain,0,0,,16.9,178.6,1011.1,66.0,6.2,216.1,18.8,7,,2020-02-04T05:56:50,2020-02-04T18:19:09,0.37,"Rain, Partially cloudy",Partly cloudy throughout the day with a chance of rain throughout the day.,rain,"96737099999,96741099999,WIII,96739099999,WIHH,96749099999,96751099999,96745099999,96749599999"
"-6.48193504748969,106.45661598101",2020-02-05,30.4,25.0,26.9,36.7,25.0,29.0,24.4,86.4,7.39,100,20.83,rain,0,0,,18.9,258.1,1010.2,59.8,5.4,155.8,13.6,6,,2020-02-05T05:57:05,2020-02-05T18:19:05,0.41,"Rain, Partially cloudy",Partly cloudy throughout the day with rain.,rain,"96737099999,96741099999,WIII,96739099999,WIHH,96749099999,96751099999,96745099999,96749599999"
"-6.48193504748969,106.45661598101",2020-02-06,28.0,24.7,25.9,32.6,24.7,26.8,24.2,90.7,2.89,100,29.17,rain,0,0,27.7,17.3,267.8,1010.6,70.6,4.7,201.4,17.4,7,,2020-02-06T05:57:19,2020-02-06T18:19:01,0.45,"Rain, Partially cloudy",Partly cloudy throughout the day with a chance of rain throughout the day.,rain,"96737099999,96741099999,WIII,96739099999,WIHH,96749099999,96751099999,96745099999,96749599999"
"-6.48193504748969,106.45661598101",2020-02-07,29.3,24.6,26.3,34.4,24.6,28.0,24.4,89.9,20.81,100,20.83,rain,0,0,,15.8,205.8,1010.9,63.4,4.8,245.2,21.1,9,,2020-02-07T05:57:32,2020-02-07T18:18:56,0.48,"Rain, Partially cloudy",Partly cloudy throughout the day with rain.,rain,"96737099999,96741099999,WIII,96739099999,WIHH,96749099999,96751099999,96745099999,96749599999"
"-6.48193504748969,106.45661598101",2020-02-08,30.2,23.6,26.9,35.2,23.6,28.8,23.8,84.2,32.57,100,20.83,rain,0,0,,21.3,243.2,1012.0,61.3,6.1,146.2,12.6,5,,2020-02-08T05:57:45,2020-02-08T18:18:49,0.5,"Rain, Partially cloudy",Partly cloudy throughout the day with rain.,rain,"96737099999,96741099999,WIII,96739099999,WIHH,96749099999,96751099999,96745099999,96749599999"
"-6.48193504748969,106.45661598101",2020-02-09,30.0,23.7,26.0,34.1,23.7,27.1,23.1,84.3,6.85,100,25.0,rain,0,0,,19.7,249.8,1011.7,64.0,6.3,210.4,18.0,8,,2020-02-09T05:57:57,2020-02-09T18:18:42,0.5,"Rain, Partially cloudy",Partly cloudy throughout the day with a chance of rain throughout the day.,rain,"96737099999,96741099999,WIII,96739099999,WIHH,96749099999,96751099999,96745099999,96749599999"
"-6.48193504748969,106.45661598101",2020-02-10,33.4,24.4,28.3,38.6,24.4,30.9,22.8,73.4,0.0,0,0.0,,0,0,,21.5,260.6,1010.5,49.8,8.0,177.0,15.4,6,,2020-02-10T05:58:09,2020-02-10T18:18:34,0.52,Partially cloudy,Partly cloudy throughout the day.,partly-cloudy-day,"96737099999,96741099999,WIII,WIHH,96739099999,96749099999,96751099999,96745099999,96749599999"
"-6.48193504748969,106.45661598101",2020-02-11,34.0,24.7,28.6,39.4,24.7,31.6,23.3,74.2,0.22,100,4.17,rain,0,0,35.3,22.8,253.2,1011.4,55.2,7.0,156.1,13.5,5,,2020-02-11T05:58:19,2020-02-11T18:18:25,0.53,"Rain, Partially cloudy",Partly cloudy throughout the day with late afternoon rain.,rain,"96737099999,96741099999,WIII,96739099999,WIHH,96749099999,96751099999,96745099999,96749599999"
"-6.48193504748969,106.45661598101",2020-02-12,31.8,25.0,28.3,38.4,25.0,31.5,23.6,76.0,108.34,100,12.5,rain,0,0,,22.0,161.3,1011.7,55.8,6.9,224.4,19.4,8,,2020-02-12T05:58:29,2020-02-12T18:18:16,0.57,"Rain, Partially cloudy",Partly cloudy throughout the day with rain.,rain,"96737099999,96741099999,WIII,96739099999,WIHH,96749099999,96751099999,96745099999,96749599999"
"-6.48193504748969,106.45661598101",2020-02-13,30.8,25.8,27.8,37.5,25.8,31.0,24.3,81.5,18.04,100,16.67,rain,0,0,,20.0,163.7,1010.9,56.5,6.2,139.2,11.8,5,,2020-02-13T05:58:38,2020-02-13T18:18:05,0.62,"Rain, Partially cloudy",Partly cloudy throughout the day with rain.,rain,"96737099999,96741099999,WIII,96739099999,WIHH,96749099999,96751099999,96745099999,96749599999"
"-6.48193504748969,106.45661598101",2020-02-14,29.5,25.2,27.0,35.2,25.2,29.5,24.4,86.2,2.97,100,16.67,rain,0,0,,14.1,250.8,1010.5,54.4,5.1,195.9,16.9,7,,2020-02-14T05:58:47,2020-02-14T18:17:54,0.67,"Rain, Partially cloudy",Partly cloudy throughout the day with rain in the morning and afternoon.,rain,"96737099999,96741099999,WIII,96739099999,WIHH,96749099999,96751099999,96745099999,96749599999"
"-6.48193504748969,106.45661598101",2020-02-15,32.4,24.7,27.4,40.4,24.7,30.2,24.2,83.4,13.48,100,12.5,rain,0,0,,18.4,241.3,1011.4,52.2,5.0,151.8,13.1,5,,2020-02-15T05:58:55,2020-02-15T18:17:42,0.73,"Rain, Partially cloudy",Partly cloudy throughout the day with rain.,rain,"96737099999,96741099999,WIII,96739099999,WIHH,96749099999,96751099999,96745099999,96749599999"
"-6.48193504748969,106.45661598101",2020-02-16,30.6,24.3,25.8,37.6,24.3,26.6,23.7,88.6,60.39,100,16.67,rain,0,0,,20.8,249.4,1012.1,63.7,4.9,169.5,14.7,6,,2020-02-16T05:59:02,2020-02-16T18:17:29,0.78,"Rain, Partially cloudy",Partly cloudy throughout the day with rain.,rain,"96737099999,96741099999,WIII,96739099999,WIHH,96749099999,96751099999,96745099999,96749599999"
"-6.48193504748969,106.45661598101",2020-02-17,31.2,24.2,26.5,37.2,24.2,27.7,23.7,85.0,7.17,100,8.33,rain,0,0,35.3,19.0,260.3,1011.9,66.8,6.3,146.9,12.7,5,,2020-02-17T05:59:09,2020-02-17T18:17:15,0.84,"Rain, Partially cloudy",Partly cloudy throughout the day with rain.,rain,"96737099999,96741099999,WIII,96739099999,WIHH,96749099999,96751099999,96745099999,96749599999"
"-6.48193504748969,106.45661598101",2020-02-18,30.4,24.1,26.8,35.7,24.1,28.7,23.7,83.8,8.39,100,25.0,rain,0,0,,22.3,288.9,1011.7,65.2,6.0,206.2,17.7,7,,2020-02-18T05:59:15,2020-02-18T18:17:00,0.88,"Rain, Partially cloudy",Partly cloudy throughout the day with rain.,rain,"96737099999,96741099999,WIII,96739099999,WIHH,96749099999,96751099999,96745099999,96749599999"
"-6.48193504748969,106.45661598101",2020-02-19,30.0,24.0,26.4,36.2,24.0,28.2,23.8,85.9,25.77,100,29.17,rain,0,0,,24.1,292.7,1011.1,61.2,6.3,150.2,13.1,5,,2020-02-19T05:59:20,2020-02-19T18:16:45,0.93,"Rain, Partially cloudy",Partly cloudy throughout the day with a chance of rain throughout the day.,rain,"96737099999,96741099999,WIII,96739099999,WIHH,96749099999,96751099999,96745099999,96749599999"
"-6.48193504748969,106.45661598101",2020-02-20,30.0,23.1,26.5,35.1,23.1,28.7,23.9,86.0,48.54,100,29.17,rain,0,0,,25.9,288.3,1011.1,72.9,5.9,206.0,17.6,8,,2020-02-20T05:59:25,2020-02-20T18:16:29,0.96,"Rain, Partially cloudy",Partly cloudy throughout the day with a chance of rain throughout the day.,rain,"96737099999,96741099999,96739099999,WIII,WIHH,96749099999,96751099999,96745099999,96749599999"
"-6.48193504748969,106.45661598101",2020-02-21,31.0,23.9,27.3,35.9,23.9,29.9,23.9,82.5,5.72,100,25.0,rain,0,0,,22.3,238.5,1011.6,61.8,6.6,221.2,19.1,8,,2020-02-21T05:59:29,2020-02-21T18:16:12,0.98,"Rain, Partially cloudy",Partly cloudy throughout the day with a chance of rain throughout the day.,rain,"96737099999,96741099999,WIII,96739099999,WIHH,96749099999,96751099999,96745099999,96749599999"
"-6.48193504748969,106.45661598101",2020-02-22,31.4,24.6,27.9,37.8,24.6,31.6,24.6,83.1,27.07,100,25.0,rain,0,0,,20.5,214.3,1012.2,59.3,6.8,217.9,18.8,8,,2020-02-22T05:59:32,2020-02-22T18:15:54,1.0,"Rain, Partially cloudy",Partly cloudy throughout the day with a chance of rain throughout the day.,rain,"96737099999,96741099999,WIII,96739099999,WIHH,96749099999,96751099999,96745099999,96749599999"
"-6.48193504748969,106.45661598101",2020-02-23,31.0,25.2,28.0,36.5,25.2,31.6,24.5,82.0,39.52,100,29.17,rain,0,0,46.4,27.7,223.8,1010.9,69.6,6.5,262.6,22.7,9,,2020-02-23T05:59:35,2020-02-23T18:15:36,1.0,"Rain, Partially cloudy",Partly cloudy throughout the day with a chance of rain throughout the day.,rain,"96737099999,96741099999,WIII,96739099999,WIHH,96749099999,96751099999,96745099999,96749599999"
"-6.48193504748969,106.45661598101",2020-02-24,30.6,25.0,28.2,36.8,25.0,32.1,24.6,81.0,24.66,100,29.17,rain,0,0,40.7,23.3,255.7,1010.0,72.9,6.4,289.7,24.9,10,,2020-02-24T05:59:37,2020-02-24T18:15:17,0.0,"Rain, Partially cloudy",Partly cloudy throughout the day with a chance of rain throughout the day.,rain,"96737099999,96741099999,WIII,96739099999,WIHH,96749099999,96751099999,96745099999,96749599999"
"-6.48193504748969,106.45661598101",2020-02-25,29.4,24.3,26.8,34.6,24.3,28.8,24.2,85.9,106.05,100,29.17,rain,0,0,,15.3,294.9,1010.6,72.2,5.6,131.4,11.3,6,,2020-02-25T05:59:39,2020-02-25T18:14:58,0.02,"Rain, Partially cloudy",Partly cloudy throughout the day with a chance of rain throughout the day.,rain,"96737099999,96741099999,WIII,96739099999,WIHH,96749099999,96751099999,96745099999,96749599999"
"-6.48193504748969,106.45661598101",2020-02-26,30.6,24.6,27.7,36.4,24.6,31.0,24.2,81.5,0.25,100,8.33,rain,0,0,,17.3,215.0,1010.1,57.1,6.5,225.5,19.5,8,,2020-02-26T05:59:40,2020-02-26T18:14:38,0.04,"Rain, Partially cloudy",Partly cloudy throughout the day with late afternoon rain.,rain,"96737099999,96741099999,WIII,96739099999,WIHH,96749099999,96751099999,96745099999,96749599999"
"-6.48193504748969,106.45661598101",2020-02-27,30.2,24.7,27.5,36.3,24.7,30.7,24.9,86.2,18.59,100,25.0,rain,0,0,,15.1,193.6,1009.7,66.3,6.3,212.2,18.4,7,,2020-02-27T05:59:40,2020-02-27T18:14:17,0.06,"Rain, Partially cloudy",Partly cloudy throughout the day with a chance of rain throughout the day.,rain,"96737099999,96741099999,WIII,96739099999,WIHH,96749099999,96751099999,96745099999,96749599999"
"-6.48193504748969,106.45661598101",2020-02-28,31.0,24.6,27.4,37.7,24.6,30.4,24.4,83.9,13.45,100,29.17,rain,0,0,,17.4,197.0,1009.1,69.8,6.5,189.4,16.3,6,,2020-02-28T05:59:40,2020-02-28T18:13:56,0.1,"Rain, Partially cloudy",Partly cloudy throughout the day with a chance of rain throughout the day.,rain,"96737099999,96741099999,WIII,96739099999,WIHH,96749099999,96751099999,96745099999,96749599999"
"-6.48193504748969,106.45661598101",2020-02-29,28.0,25.2,26.8,32.8,25.2,29.4,24.6,87.4,19.05,100,25.0,rain,0,0,,15.3,210.5,1008.5,59.9,5.5,246.5,21.4,9,,2020-02-29T05:59:40,2020-02-29T18:13:34,0.14,"Rain, Partially cloudy",Partly cloudy throughout the day with rain.,rain,"96737099999,96741099999,WIII,96739099999,WIHH,96749099999,96751099999,96745099999,96749599999"
"-6.48193504748969,106.45661598101",2020-03-01,30.0,24.5,27.0,36.2,24.5,29.6,24.9,88.4,44.52,100,33.33,rain,0,0,,16.6,244.1,1009.1,65.8,5.3,175.3,15.1,6,,2020-03-01T05:59:39,2020-03-01T18:13:12,0.18,"Rain, Partially cloudy",Partly cloudy throughout the day with a chance of rain throughout the day.,rain,"96737099999,96741099999,WIII,96739099999,WIHH,96749099999,96751099999,96745099999,96749599999"
"-6.48193504748969,106.45661598101",2020-03-02,32.4,24.5,28.1,38.5,24.5,31.4,24.3,80.9,2.39,100,12.5,rain,0,0,35.3,16.6,178.8,1009.3,55.1,6.5,177.3,15.5,6,,2020-03-02T05:59:38,2020-03-02T18:12:49,0.23,"Rain, Partially cloudy",Partly cloudy throughout the day with rain clearing later.,rain,"96737099999,96741099999,WIII,96739099999,WIHH,96749099999,96751099999,96745099999,96749599999"
"-6.48193504748969,106.45661598101",2020-03-03,31.8,24.9,28.4,37.7,24.9,32.3,24.5,79.8,1.21,100,8.33,rain,0,0,,22.3,239.6,1009.9,49.1,5.9,292.5,25.4,10,,2020-03-03T05:59:36,2020-03-03T18:12:25,0.28,"Rain, Partially cloudy",Partly cloudy throughout the day with rain.,rain,"96737099999,96741099999,WIII,96739099999,WIHH,96749099999,96751099999,96745099999,96749599999"
"-6.48193504748969,106.45661598101",2020-03-04,30.8,24.9,27.2,37.4,24.9,30.0,24.3,84.6,3.64,100,20.83,rain,0,0,,26.1,258.8,1010.4,64.8,5.7,101.7,8.9,4,,2020-03-04T05:59:33,2020-03-04T18:12:01,0.34,"Rain, Partially cloudy",Partly cloudy throughout the day with rain.,rain,"96737099999,96741099999,WIII,96739099999,WIHH,96749099999,96751099999,96745099999,96749599999"
"-6.48193504748969,106.45661598101",2020-03-05,30.4,24.5,26.6,32.4,24.5,27.9,22.8,80.4,6.69,100,20.83,rain,0,0,,20.2,268.7,1010.9,64.8,6.6,154.5,13.3,5,,2020-03-05T05:59:31,2020-03-05T18:11:37,0.38,"Rain, Partially cloudy",Partly cloudy throughout the day with a chance of rain throughout the day.,rain,"96737099999,96741099999,WIII,96739099999,WIHH,96749099999,96751099999,96745099999,96749599999"
"-6.48193504748969,106.45661598101",2020-03-06,32.0,24.5,28.4,37.9,24.5,31.5,23.4,75.3,2.26,100,8.33,rain,0,0,,20.5,296.5,1010.8,46.7,7.3,284.2,24.5,10,,2020-03-06T05:59:28,2020-03-06T18:11:12,0.43,"Rain, Partially cloudy",Partly cloudy throughout the day with late afternoon rain.,rain,"96737099999,96741099999,WIII,96739099999,WIHH,96749099999,96751099999,96745099999,96749599999"
"-6.48193504748969,106.45661598101",2020-03-07,32.0,24.7,27.9,37.2,24.7,30.2,22.8,74.2,1.7,100,16.67,rain,0,0,37.1,20.7,270.5,1011.6,61.3,7.7,195.4,16.8,7,,2020-03-07T05:59:24,2020-03-07T18:10:47,0.46,"Rain, Partially cloudy",Partly cloudy throughout the day with rain clearing later.,rain,"96737099999,96741099999,WIII,96739099999,WIHH,96749099999,96751099999,96745099999,96749599999"
"-6.48193504748969,106.45661598101",2020-03-08,32.0,24.6,27.8,37.9,24.6,30.2,23.0,75.8,111.03,100,16.67,rain,0,0,,21.0,269.1,1010.8,58.4,7.2,167.0,14.5,6,,2020-03-08T05:59:20,2020-03-08T18:10:21,0.49,"Rain, Partially cloudy",Partly cloudy throughout the day with rain.,rain,"96737099999,96741099999,WIII,96739099999,WIHH,96749099999,96751099999,96745099999,96749599999"
"-6.48193504748969,106.45661598101",2020-03-09,33.0,24.5,28.3,39.3,24.5,31.1,23.1,74.0,0.36,100,12.5,rain,0,0,,29.5,262.7,1009.7,59.6,8.0,148.9,12.8,6,,2020-03-09T05:59:16,2020-03-09T18:09:56,0.5,"Rain, Partially cloudy",Partly cloudy throughout the day with a chance of rain throughout the day.,rain,"96737099999,96741099999,WIII,96739099999,WIHH,96749099999,96751099999,96745099999,96749599999"
"-6.48193504748969,106.45661598101",2020-03-10,33.4,25.8,29.2,38.9,25.8,32.6,23.5,72.2,0.17,100,4.17,rain,0,0,,18.7,267.3,1008.6,44.3,8.0,229.8,19.8,8,,2020-03-10T05:59:11,2020-03-10T18:09:29,0.51,"Rain, Partially cloudy",Partly cloudy throughout the day with afternoon rain.,rain,"96737099999,96741099999,WIII,96739099999,WIHH,96749099999,96751099999,96745099999,96749599999"
"-6.48193504748969,106.45661598101",2020-03-11,32.4,25.0,28.4,39.2,25.0,32.0,24.3,79.5,0.99,100,20.83,rain,0,0,,18.1,227.6,1009.1,50.5,7.4,153.3,13.2,5,,2020-03-11T05:59:06,2020-03-11T18:09:03,0.53,"Rain, Partially cloudy",Partly cloudy throughout the day with a chance of rain throughout the day.,rain,"96737099999,96741099999,WIII,96739099999,WIHH,96749099999,96751099999,96745099999,96749599999"
"-6.48193504748969,106.45661598101",2020-03-12,31.0,24.4,26.7,37.2,24.4,28.7,24.0,85.4,31.98,100,33.33,rain,0,0,,11.2,172.8,1011.4,62.2,5.3,64.1,5.4,3,,2020-03-12T05:59:01,2020-03-12T18:08:36,0.56,"Rain, Partially cloudy",Partly cloudy throughout the day with a chance of rain throughout the day.,rain,"96737099999,96741099999,WIII,96739099999,WIHH,96749099999,96751099999,96745099999,96749599999"
"-6.48193504748969,106.45661598101",2020-03-13,31.4,23.9,27.5,35.9,23.9,29.6,22.7,76.3,7.23,100,12.5,rain,0,0,,14.8,273.3,1012.2,55.8,7.6,253.6,21.9,8,,2020-03-13T05:58:56,2020-03-13T18:08:08,0.6,"Rain, Partially cloudy",Partly cloudy throughout the day with rain clearing later.,rain,"96737099999,96741099999,WIII,96739099999,WIHH,96749099999,96751099999,96745099999,96749599999"
"-6.48193504748969,106.45661598101",2020-03-14,32.8,24.9,28.3,38.5,24.9,31.4,23.9,77.7,1.11,100,4.17,rain,0,0,,17.3,166.1,1010.6,51.5,5.9,235.6,20.2,8,,2020-03-14T05:58:50,2020-03-14T18:07:41,0.65,"Rain, Partially cloudy",Partly cloudy throughout the day with late afternoon rain.,rain,"96737099999,96741099999,WIII,96739099999,WIHH,96749099999,96751099999,96745099999,96749599999"
"-6.48193504748969,106.45661598101",2020-03-15,32.4,24.9,28.1,39.8,24.9,31.2,24.0,79.1,27.46,100,16.67,rain,0,0,,22.3,147.0,1009.9,52.4,6.6,157.0,13.6,6,,2020-03-15T05:58:44,2020-03-15T18:07:13,0.71,"Rain, Partially cloudy",Partly cloudy throughout the day with rain.,rain,"96737099999,96741099999,WIII,96739099999,96749099999,96751099999,96745099999"
"-6.48193504748969,106.45661598101",2020-03-16,32.4,24.6,27.1,37.8,24.6,28.9,23.8,83.0,14.3,100,25.0,rain,0,0,,23.8,159.2,1011.3,65.3,6.0,118.3,10.3,4,,2020-03-16T05:58:38,2020-03-16T18:06:45,0.76,"Rain, Partially cloudy",Partly cloudy throughout the day with a chance of rain throughout the day.,rain,"96737099999,96741099999,WIII,96739099999,WIHH,96749099999,96751099999,96745099999,96749599999"
"-6.48193504748969,106.45661598101",2020-03-17,32.4,24.3,28.1,37.9,24.3,31.2,23.8,78.5,0.33,100,8.33,rain,0,0,,19.0,173.3,1011.1,52.0,6.7,207.1,17.9,8,,2020-03-17T05:58:31,2020-03-17T18:06:17,0.81,"Rain, Partially cloudy",Partly cloudy throughout the day with rain.,rain,"96737099999,96741099999,WIII,96739099999,WIHH,96749099999,96751099999,96745099999,96749599999"
"-6.48193504748969,106.45661598101",2020-03-18,27.6,25.3,26.5,31.6,25.3,28.0,24.1,86.8,8.52,100,25.0,rain,0,0,,10.7,173.5,1010.7,61.2,5.6,57.5,5.0,2,,2020-03-18T05:58:24,2020-03-18T18:05:49,0.86,"Rain, Partially cloudy",Partly cloudy throughout the day with a chance of rain throughout the day.,rain,"96737099999,96741099999,WIII,96739099999,WIHH,96749099999,96751099999,96745099999,96749599999"
"-6.48193504748969,106.45661598101",2020-03-19,31.4,24.0,27.0,36.0,24.0,29.1,23.7,83.1,52.42,100,20.83,rain,0,0,,22.0,210.5,1011.0,57.6,5.4,88.8,7.6,3,,2020-03-19T05:58:18,2020-03-19T18:05:21,0.9,"Rain, Partially cloudy",Partly cloudy throughout the day with rain.,rain,"96737099999,96741099999,WIII,96739099999,WIHH,96749099999,96751099999,96745099999,96749599999"
"-6.48193504748969,106.45661598101",2020-03-20,30.8,23.8,25.8,36.8,23.8,27.1,23.7,88.3,11.97,100,20.83,rain,0,0,,15.1,222.8,1011.5,63.1,5.4,135.2,11.9,5,,2020-03-20T05:58:11,2020-03-20T18:04:52,0.94,"Rain, Partially cloudy",Partly cloudy throughout the day with rain.,rain,"96737099999,96741099999,WIII,96739099999,WIHH,96749099999,96751099999,96745099999,96749599999"
"-6.48193504748969,106.45661598101",2020-03-21,31.7,23.6,27.7,38.1,23.6,31.1,23.9,80.3,6.6,100,8.33,rain,0,0,,18.1,120.5,1011.1,57.1,6.3,189.3,16.1,7,,2020-03-21T05:58:04,2020-03-21T18:04:24,0.97,"Rain, Partially cloudy",Partly cloudy throughout the day with rain.,rain,"96737099999,96741099999,WIII,96739099999,WIHH,96749099999,96751099999,96745099999,96749599999"
"-6.48193504748969,106.45661598101",2020-03-22,29.8,24.3,26.9,34.3,24.3,28.5,23.9,84.2,32.02,100,29.17,rain,0,0,,13.0,174.5,1011.3,66.0,6.4,85.2,7.5,3,,2020-03-22T05:57:57,2020-03-22T18:03:55,0.99,"Rain, Partially cloudy",Partly cloudy throughout the day with a chance of rain throughout the day.,rain,"96737099999,96741099999,WIII,96739099999,WIHH,96749099999,96751099999,96745099999,96749599999"
"-6.48193504748969,106.45661598101",2020-03-23,31.4,24.5,27.2,36.3,24.5,28.8,23.4,81.0,3.22,100,20.83,rain,0,0,,12.8,214.3,1010.7,57.0,5.8,187.0,16.1,7,,2020-03-23T05:57:49,2020-03-23T18:03:26,1.0,"Rain, Partially cloudy",Partly cloudy throughout the day with a chance of rain throughout the day.,rain,"96737099999,96741099999,WIII,96739099999,WIHH,96749099999,96751099999,96745099999,96749599999"
"-6.48193504748969,106.45661598101",2020-03-24,31.4,24.7,27.8,37.8,24.7,30.7,23.9,80.1,0.5,100,12.5,rain,0,0,,18.4,202.3,1008.9,54.2,5.8,250.5,21.7,9,,2020-03-24T05:57:42,2020-03-24T18:02:58,0.0,"Rain, Partially cloudy",Partly cloudy throughout the day with rain.,rain,"96737099999,96741099999,WIII,96739099999,WIHH,96749099999,96751099999,96745099999,96749599999"
"-6.48193504748969,106.45661598101",2020-03-25,32.0,24.6,28.0,38.4,24.6,31.4,24.0,79.4,8.69,100,20.83,rain,0,0,,16.6,190.9,1008.9,60.1,6.4,252.1,21.7,9,,2020-03-25T05:57:34,2020-03-25T18:02:29,0.01,"Rain, Partially cloudy",Partly cloudy throughout the day with a chance of rain throughout the day.,rain,"96737099999,96741099999,WIII,96739099999,WIHH,96749099999,96751099999,96745099999,96749599999"
"-6.48193504748969,106.45661598101",2020-03-26,30.8,25.5,27.7,36.8,25.5,30.7,24.3,81.9,4.8,100,25.0,rain,0,0,,16.1,98.8,1009.4,67.6,5.9,263.1,22.9,9,,2020-03-26T05:57:27,2020-03-26T18:02:00,0.02,"Rain, Partially cloudy",Partly cloudy throughout the day with rain.,rain,"96737099999,96741099999,WIII,96739099999,WIHH,96749099999,96751099999,96745099999,96749599999"
"-6.48193504748969,106.45661598101",2020-03-27,31.4,24.8,27.5,37.6,24.8,30.3,23.9,81.0,5.2,100,12.5,rain,0,0,,15.5,235.7,1010.0,66.2,6.2,74.9,6.5,3,,2020-03-27T05:57:20,2020-03-27T18:01:31,0.04,"Rain, Partially cloudy",Partly cloudy throughout the day with rain.,rain,"96737099999,96741099999,WIII,96739099999,WIHH,96749099999,96751099999,96745099999,96749599999"
"-6.48193504748969,106.45661598101",2020-03-28,31.0,24.7,28.1,37.2,24.7,31.5,23.9,78.3,0.69,100,12.5,rain,0,0,,14.3,225.1,1009.5,57.1,6.0,206.0,17.8,7,,2020-03-28T05:57:12,2020-03-28T18:01:03,0.07,"Rain, Partially cloudy",Partly cloudy throughout the day with rain.,rain,"96737099999,96741099999,WIII,96739099999,WIHH,96749099999,96751099999,96745099999,96749599999"
"-6.48193504748969,106.45661598101",2020-03-29,32.8,25.2,28.2,40.4,25.2,31.1,24.0,79.1,16.66,100,12.5,rain,0,0,,25.5,209.5,1008.6,54.5,5.8,159.7,13.7,6,,2020-03-29T05:57:05,2020-03-29T18:00:34,0.11,"Rain, Partially cloudy",Partly cloudy throughout the day with rain.,rain,"96737099999,96741099999,WIII,96739099999,WIHH,96749099999,96751099999,96745099999,96749599999"
"-6.48193504748969,106.45661598101",2020-03-30,32.4,24.9,26.8,38.5,24.9,28.3,23.8,84.3,35.41,100,16.67,rain,0,0,,15.3,183.8,1009.6,54.6,5.8,123.9,10.7,4,,2020-03-30T05:56:57,2020-03-30T18:00:05,0.15,"Rain, Partially cloudy",Partly cloudy throughout the day with rain.,rain,"96737099999,96741099999,WIII,96739099999,WIHH,96749099999,96751099999,96745099999,96749599999"
"-6.48193504748969,106.45661598101",2020-03-31,33.4,24.6,27.7,40.4,24.6,30.3,23.9,81.1,5.28,100,16.67,rain,0,0,,20.2,254.6,1009.8,51.9,6.8,215.3,18.7,8,,2020-03-31T05:56:50,2020-03-31T17:59:37,0.2,"Rain, Partially cloudy",Partly cloudy throughout the day with rain.,rain,"96737099999,96741099999,WIII,96739099999,WIHH,96749099999,96751099999,96745099999,96749599999"
"-6.48193504748969,106.45661598101",2020-04-01,33.0,24.3,28.1,38.1,24.3,30.9,23.5,77.1,3.07,100,12.5,rain,0,0,,23.1,230.7,1009.9,53.8,7.0,225.7,19.4,9,,2020-04-01T05:56:43,2020-04-01T17:59:09,0.25,"Rain, Partially cloudy",Partly cloudy throughout the day with rain.,rain,"96737099999,96741099999,WIII,96739099999,WIHH,96749099999,96751099999,96745099999,96749599999"
"-6.48193504748969,106.45661598101",2020-04-02,33.0,25.5,28.4,38.7,25.5,31.2,23.6,76.0,0.33,100,12.5,rain,0,0,,25.3,259.4,1009.5,48.6,8.1,262.5,22.6,9,,2020-04-02T05:56:35,2020-04-02T17:58:41,0.31,"Rain, Partially cloudy",Partly cloudy throughout the day with rain.,rain,"96737099999,96741099999,WIII,96739099999,WIHH,96749099999,96751099999,96745099999,96749599999"
"-6.48193504748969,106.45661598101",2020-04-03,33.0,24.7,28.1,38.7,24.7,31.2,23.9,78.9,0.6,100,4.17,rain,0,0,,19.5,254.3,1010.1,49.1,6.8,255.5,22.1,9,,2020-04-03T05:56:28,2020-04-03T17:58:13,0.36,"Rain, Partially cloudy",Partly cloudy throughout the day with late afternoon rain.,rain,"96737099999,96741099999,WIII,96739099999,WIHH,96749099999,96751099999,96745099999,96749599999"
"-6.48193504748969,106.45661598101",2020-04-04,32.4,25.1,28.4,39.0,25.1,31.9,24.1,78.3,1.92,100,16.67,rain,0,0,,20.5,229.4,1010.2,53.1,6.1,246.4,21.2,9,,2020-04-04T05:56:21,2020-04-04T17:57:45,0.41,"Rain, Partially cloudy",Partly cloudy throughout the day with rain.,rain,"96737099999,96741099999,WIII,96739099999,WIHH,96749099999,96751099999,96745099999,96749599999"
"-6.48193504748969,106.45661598101",2020-04-05,32.0,25.3,27.6,39.2,25.3,29.8,23.9,81.3,8.12,100,16.67,rain,0,0,,15.8,209.4,1010.5,56.2,6.0,120.2,10.4,4,,2020-04-05T05:56:14,2020-04-05T17:57:17,0.45,"Rain, Partially cloudy",Partly cloudy throughout the day with rain.,rain,"96737099999,96741099999,WIII,96739099999,WIHH,96749099999,96751099999,96745099999,96749599999"
"-6.48193504748969,106.45661598101",2020-04-06,32.0,24.9,27.1,39.2,24.9,29.0,23.9,83.4,7.28,100,25.0,rain,0,0,33.5,17.9,266.5,1010.6,66.7,6.0,136.3,11.9,5,,2020-04-06T05:56:08,2020-04-06T17:56:50,0.48,"Rain, Partially cloudy",Partly cloudy throughout the day with rain.,rain,"96737099999,96741099999,WIII,96739099999,WIHH,96749099999,96751099999,96745099999,96749599999"
"-6.48193504748969,106.45661598101",2020-04-07,32.6,24.7,27.9,38.7,24.7,30.7,23.4,77.4,2.76,100,12.5,rain,0,0,,25.6,258.8,1010.3,56.0,7.8,154.1,13.3,5,,2020-04-07T05:56:01,2020-04-07T17:56:23,0.5,"Rain, Partially cloudy",Partly cloudy throughout the day with a chance of rain throughout the day.,rain,"96737099999,96741099999,WIII,96739099999,WIHH,96749099999,96751099999,96745099999,96749599999"
"-6.48193504748969,106.45661598101",2020-04-08,31.6,24.9,28.2,37.2,24.9,31.4,23.7,77.4,5.58,100,4.17,rain,0,0,,14.8,213.3,1010.7,49.3,7.7,219.8,19.0,8,,2020-04-08T05:55:55,2020-04-08T17:55:56,0.5,"Rain, Partially cloudy",Partly cloudy throughout the day with afternoon rain.,rain,"96737099999,96741099999,WIII,96739099999,WIHH,96749099999,96751099999,96745099999,96749599999"
"-6.48193504748969,106.45661598101",2020-04-09,31.6,25.1,28.0,37.3,25.1,31.1,24.1,80.0,5.32,100,25.0,rain,0,0,,15.1,164.2,1011.4,61.3,5.5,175.0,15.1,6,,2020-04-09T05:55:49,2020-04-09T17:55:30,0.52,"Rain, Partially cloudy",Partly cloudy throughout the day with a chance of rain throughout the day.,rain,"96737099999,96741099999,WIII,96739099999,WIHH,96749099999,96751099999,96745099999,96749599999"
"-6.48193504748969,106.45661598101",2020-04-10,32.4,24.8,27.7,39.8,24.8,30.5,24.3,82.2,1.74,100,16.67,rain,0,0,,16.6,203.7,1011.9,62.0,5.4,203.9,17.6,9,,2020-04-10T05:55:43,2020-04-10T17:55:04,0.54,"Rain, Partially cloudy",Partly cloudy throughout the day with rain.,rain,"96737099999,96741099999,WIII,96739099999,WIHH,96749099999,96751099999,96745099999,96749599999"
"-6.48193504748969,106.45661598101",2020-04-11,33.4,25.0,28.5,40.0,25.0,31.8,24.1,78.6,4.78,100,20.83,rain,0,0,,15.8,197.7,1011.3,56.9,6.3,278.5,24.1,9,,2020-04-11T05:55:37,2020-04-11T17:54:38,0.58,"Rain, Partially cloudy",Partly cloudy throughout the day with a chance of rain throughout the day.,rain,"96737099999,96741099999,WIII,96739099999,WIHH,96749099999,96751099999,96745099999,96749599999"
"-6.48193504748969,106.45661598101",2020-04-12,33.0,25.3,28.8,40.6,25.3,32.6,24.5,78.6,4.14,100,8.33,rain,0,0,,22.3,169.2,1010.0,51.8,6.0,275.8,23.8,9,,2020-04-12T05:55:32,2020-04-12T17:54:13,0.63,"Rain, Partially cloudy",Partly cloudy throughout the day with late afternoon rain.,rain,"96737099999,96741099999,WIII,96739099999,WIHH,96749099999,96751099999,96745099999,96749599999"
"-6.48193504748969,106.45661598101",2020-04-13,31.8,24.7,27.7,38.4,24.7,31.0,24.5,83.4,16.69,100,16.67,rain,0,0,,14.8,158.5,1010.0,63.0,5.4,223.2,19.1,7,,2020-04-13T05:55:26,2020-04-13T17:53:48,0.68,"Rain, Partially cloudy",Partly cloudy throughout the day with rain.,rain,"96737099999,96741099999,WIII,96739099999,WIHH,96749099999,96751099999,96745099999,96749599999"
"-6.48193504748969,106.45661598101",2020-04-14,31.4,24.8,28.2,37.8,24.8,32.0,24.5,80.8,1.91,100,4.17,rain,0,0,,11.9,140.2,1010.1,51.8,6.0,296.4,25.6,10,,2020-04-14T05:55:21,2020-04-14T17:53:23,0.73,"Rain, Partially cloudy",Partly cloudy throughout the day with early morning rain.,rain,"96737099999,96741099999,WIII,96739099999,WIHH,96749099999,96751099999,96745099999,96749599999"
"-6.48193504748969,106.45661598101",2020-04-15,30.6,25.3,27.8,37.0,25.3,31.1,24.3,81.8,0.67,100,8.33,rain,0,0,,16.3,143.8,1010.9,56.1,5.9,236.6,20.5,8,,2020-04-15T05:55:17,2020-04-15T17:52:59,0.78,"Rain, Partially cloudy",Partly cloudy throughout the day with rain.,rain,"96737099999,96741099999,WIII,96739099999,WIHH,96749099999,96751099999,96745099999,96749599999"
"-6.48193504748969,106.45661598101",2020-04-16,32.4,25.2,28.7,38.7,25.2,32.4,24.2,77.3,0.19,100,8.33,rain,0,0,29.5,20.5,111.3,1010.2,48.5,6.6,225.8,19.5,8,,2020-04-16T05:55:12,2020-04-16T17:52:35,0.83,"Rain, Partially cloudy",Partly cloudy throughout the day with rain clearing later.,rain,"96737099999,96741099999,WIII,96739099999,WIHH,96749099999,96751099999,96745099999,96749599999"
"-6.48193504748969,106.45661598101",2020-04-17,33.0,24.2,28.5,39.3,24.2,31.7,23.7,76.1,3.69,100,12.5,rain,0,0,,16.6,204.5,1010.8,51.6,6.6,121.0,10.6,4,,2020-04-17T05:55:08,2020-04-17T17:52:11,0.88,"Rain, Partially cloudy",Partly cloudy throughout the day with rain.,rain,"96737099999,96741099999,WIII,96739099999,WIHH,96749099999,96751099999,96745099999,96749599999"
"-6.48193504748969,106.45661598101",2020-04-18,32.8,24.0,27.6,38.3,24.0,30.2,23.3,78.4,3.21,100,8.33,rain,0,0,,15.2,249.6,1011.0,52.3,5.9,168.7,14.5,6,,2020-04-18T05:55:05,2020-04-18T17:51:48,0.91,"Rain, Partially cloudy",Partly cloudy throughout the day with rain.,rain,"96737099999,96741099999,WIII,96739099999,WIHH,96749099999,96751099999,remote,96745099999,96749599999"
"-6.48193504748969,106.45661598101",2020-04-19,33.4,24.1,28.9,39.3,24.1,32.7,23.9,75.5,1.52,100,4.17,rain,0,0,,19.6,142.8,1010.6,45.8,5.4,221.9,19.2,8,,2020-04-19T05:55:01,2020-04-19T17:51:26,0.95,"Rain, Partially cloudy",Partly cloudy throughout the day with afternoon rain.,rain,"96737099999,96741099999,WIII,96739099999,WIHH,96749099999,96751099999,96745099999,96749599999"
"-6.48193504748969,106.45661598101",2020-04-20,33.6,26.4,29.7,39.3,26.4,34.1,24.3,74.2,0.03,100,4.17,rain,0,0,,16.6,81.2,1010.1,48.9,6.1,219.3,18.9,8,,2020-04-20T05:54:58,2020-04-20T17:51:04,0.97,"Rain, Partially cloudy",Partly cloudy throughout the day with late afternoon rain.,rain,"96737099999,96741099999,WIII,96739099999,WIHH,96749099999,96751099999,96745099999,96749599999"
"-6.48193504748969,106.45661598101",2020-04-21,31.6,26.3,28.7,38.1,26.3,32.8,24.3,77.5,5.08,100,20.83,rain,0,0,,16.6,137.9,1009.8,61.4,5.6,69.2,6.2,2,,2020-04-21T05:54:55,2020-04-21T17:50:42,0.99,"Rain, Partially cloudy",Partly cloudy throughout the day with rain.,rain,"96737099999,96741099999,WIII,96739099999,WIHH,96749099999,96751099999,96745099999,96749599999"
"-6.48193504748969,106.45661598101",2020-04-22,34.0,24.5,29.2,40.1,24.5,32.6,23.5,73.1,0.58,100,4.17,rain,0,0,29.5,27.0,112.5,1009.4,40.1,6.8,213.4,18.5,7,,2020-04-22T05:54:53,2020-04-22T17:50:21,1.0,"Rain, Partially cloudy",Partly cloudy throughout the day with early morning rain.,rain,"96737099999,96741099999,WIII,96739099999,WIHH,96749099999,96751099999,96745099999,96749599999"
"-6.48193504748969,106.45661598101",2020-04-23,34.4,25.8,29.6,42.2,25.8,34.6,24.7,75.8,3.05,100,4.17,rain,0,0,,26.7,131.7,1009.3,44.9,6.8,115.3,10.0,5,,2020-04-23T05:54:51,2020-04-23T17:50:01,0.0,"Rain, Partially cloudy",Partly cloudy throughout the day with afternoon rain.,rain,"96737099999,96741099999,WIII,96739099999,WIHH,96749099999,96751099999,96745099999,96749599999"
"-6.48193504748969,106.45661598101",2020-04-24,32.6,24.8,28.0,39.2,24.8,31.2,24.2,80.6,33.79,100,16.67,rain,0,0,,23.4,140.9,1009.8,55.3,6.3,86.0,7.5,3,,2020-04-24T05:54:50,2020-04-24T17:49:41,0.01,"Rain, Partially cloudy",Partly cloudy throughout the day with rain.,rain,"96737099999,96741099999,WIII,96739099999,WIHH,96749099999,96751099999,96745099999,96749599999"
"-6.48193504748969,106.45661598101",2020-04-25,32.1,23.6,28.1,37.4,23.6,30.9,23.2,76.3,0.0,0,0.0,,0,0,,16.9,143.7,1009.8,49.3,6.3,253.7,21.9,9,,2020-04-25T05:54:48,2020-04-25T17:49:21,0.03,Partially cloudy,Partly cloudy throughout the day.,partly-cloudy-day,"96737099999,96741099999,WIII,96739099999,WIHH,96749099999,96751099999,96745099999,96749599999"
"-6.48193504748969,106.45661598101",2020-04-26,33.0,25.1,28.2,39.4,25.1,31.2,24.2,79.6,24.59,100,12.5,rain,0,0,,18.4,156.0,1010.1,55.0,5.6,241.9,20.8,9,,2020-04-26T05:54:48,2020-04-26T17:49:03,0.05,"Rain, Partially cloudy",Partly cloudy throughout the day with rain.,rain,"96737099999,96741099999,WIII,96739099999,WIHH,96749099999,96751099999,96745099999,96749599999"
"-6.48193504748969,106.45661598101",2020-04-27,32.0,24.6,26.8,38.7,24.6,28.4,23.9,84.8,42.91,100,29.17,rain,0,0,,16.3,203.6,1010.8,68.1,5.7,84.0,7.4,3,,2020-04-27T05:54:47,2020-04-27T17:48:44,0.09,"Rain, Partially cloudy",Partly cloudy throughout the day with a chance of rain throughout the day.,rain,"96737099999,96741099999,WIII,96739099999,WIHH,96749099999,96751099999,96745099999,96749599999"
"-6.48193504748969,106.45661598101",2020-04-28,31.4,24.4,27.0,36.0,24.4,29.0,23.6,82.2,27.67,100,16.67,rain,0,0,,21.3,180.0,1010.4,55.8,5.7,111.8,9.8,4,,2020-04-28T05:54:47,2020-04-28T17:48:27,0.13,"Rain, Partially cloudy",Partly cloudy throughout the day with rain.,rain,"96737099999,96741099999,WIII,96739099999,WIHH,96749099999,96751099999,96745099999,96749599999"
"-6.48193504748969,106.45661598101",2020-04-29,32.4,23.8,27.2,38.3,23.8,29.6,23.5,80.8,4.43,100,12.5,rain,0,0,,16.6,188.6,1010.0,53.7,5.7,166.4,14.3,6,,2020-04-29T05:54:48,2020-04-29T17:48:10,0.18,"Rain, Partially cloudy",Partly cloudy throughout the day with rain.,rain,"96737099999,96741099999,WIII,96739099999,WIHH,96749099999,96751099999,96745099999,96749599999"
"-6.48193504748969,106.45661598101",2020-04-30,30.3,25.0,27.3,36.1,25.0,29.7,24.2,83.4,2.23,100,16.67,rain,0,0,,13.4,138.2,1010.5,65.9,5.1,203.8,17.6,7,,2020-04-30T05:54:49,2020-04-30T17:47:53,0.23,"Rain, Partially cloudy",Partly cloudy throughout the day with rain.,rain,"96737099999,96741099999,WIII,96739099999,WIHH,96749099999,96751099999,96745099999,96749599999"
"-6.48193504748969,106.45661598101",2020-05-01,31.0,25.3,27.5,36.7,25.3,29.8,24.1,82.7,1.78,100,8.33,rain,0,0,,15.8,158.7,1009.7,65.0,5.8,144.7,12.7,5,,2020-05-01T05:54:50,2020-05-01T17:47:37,0.28,"Rain, Partially cloudy",Partly cloudy throughout the day with late afternoon rain.,rain,"96737099999,96741099999,WIII,96739099999,WIHH,96749099999,96751099999,96745099999,96749599999"
"-6.48193504748969,106.45661598101",2020-05-02,29.4,23.5,26.6,33.6,23.5,28.3,23.5,83.3,5.12,100,16.67,rain,0,0,42.5,28.0,171.3,1009.3,66.6,6.4,227.3,19.7,9,,2020-05-02T05:54:52,2020-05-02T17:47:22,0.34,"Rain, Partially cloudy",Partly cloudy throughout the day with rain clearing later.,rain,"96737099999,96741099999,WIII,WIHH,96739099999,96749099999,96751099999,96749599999,96745099999"
"-6.48193504748969,106.45661598101",2020-05-03,33.0,24.7,28.5,39.7,24.7,32.1,24.2,78.5,0.3,100,4.17,rain,0,0,,24.1,129.8,1009.3,53.5,6.1,192.9,16.6,7,,2020-05-03T05:54:54,2020-05-03T17:47:08,0.39,"Rain, Partially cloudy",Partly cloudy throughout the day with morning rain.,rain,"96737099999,96741099999,WIII,96739099999,WIHH,96749099999,96751099999,96745099999,96749599999"
"-6.48193504748969,106.45661598101",2020-05-04,30.2,25.6,28.1,36.2,25.6,32.2,24.8,82.6,110.89,100,25.0,rain,0,0,,16.1,92.8,1009.9,60.6,6.0,137.5,11.9,5,,2020-05-04T05:54:57,2020-05-04T17:46:54,0.44,"Rain, Partially cloudy",Partly cloudy throughout the day with a chance of rain throughout the day.,rain,"96737099999,96741099999,WIII,96739099999,WIHH,96749099999,96751099999,96745099999,96749599999"
"-6.48193504748969,106.45661598101",2020-05-05,33.2,24.6,29.0,41.7,24.6,33.6,24.8,78.9,2.11,100,12.5,rain,0,0,,21.6,94.7,1009.8,53.1,7.0,125.8,10.7,4,,2020-05-05T05:55:00,2020-05-05T17:46:41,0.47,"Rain, Partially cloudy",Partly cloudy throughout the day with rain.,rain,"96737099999,96741099999,WIII,96739099999,WIHH,96749099999,96751099999,96745099999,96749599999"
"-6.48193504748969,106.45661598101",2020-05-06,33.0,25.3,28.5,41.1,25.3,32.8,25.1,82.5,15.88,100,16.67,rain,0,0,,19.6,150.2,1009.8,58.5,6.0,54.9,4.8,2,,2020-05-06T05:55:03,2020-05-06T17:46:28,0.49,"Rain, Partially cloudy",Partly cloudy throughout the day with rain.,rain,"96737099999,96741099999,WIII,96739099999,WIHH,96749099999,96751099999,96745099999,96749599999"
"-6.48193504748969,106.45661598101",2020-05-07,34.0,24.6,29.6,41.6,24.6,34.2,24.5,75.2,0.51,100,4.17,rain,0,0,,25.9,113.2,1008.9,40.1,7.2,229.2,19.8,8,,2020-05-07T05:55:07,2020-05-07T17:46:16,0.5,"Rain, Partially cloudy",Partly cloudy throughout the day with late afternoon rain.,rain,"96737099999,96741099999,WIII,96739099999,WIHH,96749099999,96751099999,96745099999,96749599999"
"-6.48193504748969,106.45661598101",2020-05-08,33.0,25.3,28.8,42.1,25.3,33.5,25.0,80.8,4.57,100,8.33,rain,0,0,,20.5,188.3,1009.4,50.9,5.2,124.4,10.9,5,,2020-05-08T05:55:12,2020-05-08T17:46:05,0.51,"Rain, Partially cloudy",Partly cloudy throughout the day with rain.,rain,"96737099999,96741099999,WIII,96739099999,WIHH,96749099999,96751099999,96745099999,96749599999"
"-6.48193504748969,106.45661598101",2020-05-09,30.6,24.7,27.7,37.2,24.7,31.2,24.9,85.3,9.57,100,16.67,rain,0,0,,11.2,163.3,1009.8,59.4,5.3,90.7,7.9,3,,2020-05-09T05:55:17,2020-05-09T17:45:55,0.53,"Rain, Partially cloudy",Partly cloudy throughout the day with a chance of rain throughout the day.,rain,"96737099999,96741099999,WIII,96739099999,WIHH,96749099999,96751099999,96745099999,96749599999"
"-6.48193504748969,106.45661598101",2020-05-10,32.6,25.7,28.3,40.2,25.7,31.9,25.0,83.3,18.67,100,16.67,rain,0,0,,17.6,164.7,1009.9,56.7,5.4,121.0,10.4,4,,2020-05-10T05:55:22,2020-05-10T17:45:45,0.56,"Rain, Partially cloudy",Partly cloudy throughout the day with rain.,rain,"96737099999,96741099999,WIII,96739099999,WIHH,96749099999,96751099999,remote,96745099999,96749599999"
"-6.48193504748969,106.45661598101",2020-05-11,33.2,25.0,29.0,40.2,25.0,33.3,24.7,78.9,1.56,100,12.5,rain,0,0,35.3,22.8,133.9,1010.0,59.5,6.6,101.1,8.6,4,,2020-05-11T05:55:28,2020-05-11T17:45:36,0.61,"Rain, Partially cloudy",Partly cloudy throughout the day with rain.,rain,"96737099999,96741099999,WIII,96739099999,WIHH,96749099999,96751099999,96745099999,96749599999"
"-6.48193504748969,106.45661598101",2020-05-12,34.0,25.3,29.5,42.2,25.3,34.4,25.0,77.8,1.84,100,8.33,rain,0,0,,21.7,100.3,1009.5,52.8,6.9,229.5,19.8,8,,2020-05-12T05:55:34,2020-05-12T17:45:28,0.65,"Rain, Partially cloudy",Partly cloudy throughout the day with late afternoon rain.,rain,"96737099999,96741099999,WIII,96739099999,WIHH,96749099999,96751099999,96745099999,96749599999"
"-6.48193504748969,106.45661598101",2020-05-13,31.8,25.4,28.6,38.4,25.4,32.8,25.0,81.9,26.19,100,20.83,rain,0,0,,21.5,147.4,1009.5,60.1,5.8,182.6,15.9,7,,2020-05-13T05:55:41,2020-05-13T17:45:20,0.7,"Rain, Partially cloudy",Partly cloudy throughout the day with a chance of rain throughout the day.,rain,"96737099999,96741099999,WIII,WIHH,96739099999,96749099999,96751099999,96749599999,96745099999"
"-6.48193504748969,106.45661598101",2020-05-14,32.8,25.6,29.0,39.4,25.6,32.7,23.9,74.6,0.04,100,4.17,rain,0,0,,23.8,104.1,1008.7,43.3,6.7,239.5,20.6,9,,2020-05-14T05:55:48,2020-05-14T17:45:13,0.75,"Rain, Partially cloudy",Partly cloudy throughout the day with afternoon rain.,rain,"96737099999,96741099999,WIII,96739099999,WIHH,96749099999,96751099999,96745099999,96749599999"
"-6.48193504748969,106.45661598101",2020-05-15,33.4,25.0,28.9,39.5,25.0,32.4,23.8,75.4,0.0,0,0.0,,0,0,,28.8,107.9,1007.8,44.3,6.4,188.7,16.3,7,,2020-05-15T05:55:55,2020-05-15T17:45:07,0.8,Partially cloudy,Partly cloudy throughout the day.,partly-cloudy-day,"96737099999,96741099999,WIII,96739099999,WIHH,96749099999,96751099999,96745099999,96749599999"
"-6.48193504748969,106.45661598101",2020-05-16,33.5,24.7,29.0,39.4,24.7,32.5,23.5,73.7,0.0,0,0.0,,0,0,37.1,22.3,110.7,1006.9,39.7,7.0,211.0,18.2,8,,2020-05-16T05:56:03,2020-05-16T17:45:01,0.85,Partially cloudy,Partly cloudy throughout the day.,partly-cloudy-day,"96737099999,96741099999,WIII,96739099999,WIHH,96749099999,96751099999,96745099999,96749599999"
"-6.48193504748969,106.45661598101",2020-05-17,33.0,25.3,29.0,39.3,25.3,32.8,24.1,75.7,4.85,100,8.33,rain,0,0,,16.6,122.1,1007.3,45.5,6.7,104.4,9.2,4,,2020-05-17T05:56:12,2020-05-17T17:44:57,0.89,"Rain, Partially cloudy",Partly cloudy throughout the day with late afternoon rain.,rain,"96737099999,96741099999,WIII,96739099999,96749099999,96751099999,96745099999"
"-6.48193504748969,106.45661598101",2020-05-18,30.0,23.9,26.3,36.3,23.9,28.0,24.0,87.6,32.3,100,29.17,rain,0,0,,21.2,228.8,1008.8,68.0,5.7,75.9,6.5,3,,2020-05-18T05:56:21,2020-05-18T17:44:52,0.93,"Rain, Partially cloudy",Partly cloudy throughout the day with a chance of rain throughout the day.,rain,"96737099999,96741099999,WIII,96739099999,WIHH,96749099999,96751099999,96745099999,96749599999"
"-6.48193504748969,106.45661598101",2020-05-19,32.4,23.8,27.8,39.2,23.8,31.0,24.0,81.0,13.61,100,16.67,rain,0,0,,21.6,142.5,1008.1,51.1,6.8,206.3,17.8,7,,2020-05-19T05:56:30,2020-05-19T17:44:49,0.96,"Rain, Partially cloudy",Partly cloudy throughout the day with rain.,rain,"5BZE2,96737099999,96741099999,WIII,96739099999,WIHH,96749099999,96751099999,96745099999,96749599999"
"-6.48193504748969,106.45661598101",2020-05-20,33.6,24.1,28.2,42.4,24.1,31.5,24.3,80.6,19.51,100,12.5,rain,0,0,,20.7,160.2,1008.7,57.0,6.4,147.3,12.8,6,,2020-05-20T05:56:39,2020-05-20T17:44:46,0.98,"Rain, Partially cloudy",Partly cloudy throughout the day with rain.,rain,"5BZE2,96737099999,96741099999,WIII,96739099999,WIHH,96749099999,96751099999,96745099999,96749599999"
"-6.48193504748969,106.45661598101",2020-05-21,33.4,24.3,28.2,38.7,24.3,31.5,23.7,77.8,4.11,100,12.5,rain,0,0,,16.6,250.6,1009.0,60.9,7.1,212.2,18.4,7,,2020-05-21T05:56:49,2020-05-21T17:44:44,1.0,"Rain, Partially cloudy",Partly cloudy throughout the day with rain clearing later.,rain,"96737099999,96741099999,WIII,96739099999,WIHH,96749099999,96751099999,96745099999,96749599999"
"-6.48193504748969,106.45661598101",2020-05-22,33.0,24.8,28.6,41.1,24.8,32.6,24.5,79.2,23.78,100,8.33,rain,0,0,,18.4,135.2,1009.5,51.3,7.0,159.7,13.8,6,,2020-05-22T05:57:00,2020-05-22T17:44:43,1.0,"Rain, Partially cloudy",Partly cloudy throughout the day with late afternoon rain.,rain,"96737099999,96741099999,WIII,96739099999,WIHH,96749099999,96751099999,96745099999,96749599999"
"-6.48193504748969,106.45661598101",2020-05-23,33.4,24.4,28.5,38.2,24.4,31.3,23.2,74.8,0.0,0,0.0,,0,0,,21.6,221.7,1010.2,48.9,7.4,206.1,17.8,7,,2020-05-23T05:57:10,2020-05-23T17:44:42,0.0,Partially cloudy,Partly cloudy throughout the day.,partly-cloudy-day,"96737099999,96741099999,WIII,96739099999,WIHH,96749099999,96751099999,96745099999,96749599999"
"-6.48193504748969,106.45661598101",2020-05-24,34.0,24.8,29.3,42.0,24.8,32.9,23.2,70.6,0.42,100,8.33,rain,0,0,,24.4,234.3,1010.9,39.9,8.0,202.5,17.6,7,,2020-05-24T05:57:21,2020-05-24T17:44:42,0.02,"Rain, Partially cloudy",Partly cloudy throughout the day with rain.,rain,"96737099999,96741099999,WIII,96739099999,WIHH,96749099999,96751099999,96745099999,96749599999"
"-6.48193504748969,106.45661598101",2020-05-25,33.4,25.8,29.0,39.9,25.8,32.5,23.9,74.9,0.89,100,8.33,rain,0,0,,21.3,228.0,1011.5,47.0,7.4,181.3,15.9,7,,2020-05-25T05:57:33,2020-05-25T17:44:43,0.04,"Rain, Partially cloudy",Partly cloudy throughout the day with rain.,rain,"96737099999,96741099999,WIII,96739099999,WIHH,96749099999,96751099999,96745099999,96749599999"
"-6.48193504748969,106.45661598101",2020-05-26,33.0,25.0,28.3,38.7,25.0,31.6,23.8,77.1,0.0,0,0.0,,0,0,33.5,20.2,235.5,1011.2,50.9,7.1,72.8,6.4,2,,2020-05-26T05:57:45,2020-05-26T17:44:44,0.07,Partially cloudy,Partly cloudy throughout the day.,partly-cloudy-day,"96737099999,96741099999,WIII,96739099999,WIHH,96749099999,96751099999,96745099999,96749599999"
"-6.48193504748969,106.45661598101",2020-05-27,31.8,25.1,28.2,37.7,25.1,31.3,23.7,77.3,2.67,100,12.5,rain,0,0,,19.2,255.3,1011.6,49.6,8.1,66.2,5.7,3,,2020-05-27T05:57:57,2020-05-27T17:44:46,0.11,"Rain, Partially cloudy",Partly cloudy throughout the day with rain.,rain,"96737099999,96741099999,WIII,96739099999,WIHH,96749099999,96751099999,96745099999,96749599999"
"-6.48193504748969,106.45661598101",2020-05-28,32.0,24.8,28.3,38.1,24.8,31.7,24.0,78.3,0.01,100,4.17,rain,0,0,,15.3,187.7,1011.1,51.1,6.9,105.3,9.0,4,,2020-05-28T05:58:09,2020-05-28T17:44:49,0.16,"Rain, Partially cloudy",Partly cloudy throughout the day with early morning rain.,rain,"96737099999,96741099999,WIII,96739099999,WIHH,96749099999,96751099999,96745099999,96749599999"
"-6.48193504748969,106.45661598101",2020-05-29,32.8,25.5,28.4,39.8,25.5,31.5,24.2,79.1,10.07,100,20.83,rain,0,0,,17.3,124.6,1011.5,53.4,6.4,180.2,15.5,6,,2020-05-29T05:58:21,2020-05-29T17:44:52,0.21,"Rain, Partially cloudy",Partly cloudy throughout the day with rain.,rain,"96737099999,96741099999,WIII,96739099999,WIHH,96749099999,96751099999,96745099999,96749599999"
"-6.48193504748969,106.45661598101",2020-05-30,33.4,24.9,28.4,40.6,24.9,31.5,23.8,76.9,8.81,100,16.67,rain,0,0,,24.4,141.3,1011.5,48.9,6.5,130.4,11.3,5,,2020-05-30T05:58:34,2020-05-30T17:44:56,0.27,"Rain, Partially cloudy",Becoming cloudy in the afternoon with rain.,rain,"96737099999,96741099999,WIII,96739099999,WIHH,96749099999,96751099999,96745099999,96749599999"
"-6.48193504748969,106.45661598101",2020-05-31,32.6,24.8,28.1,37.5,24.8,30.9,24.0,79.5,2.19,100,16.67,rain,0,0,,16.1,162.6,1012.2,55.4,6.1,68.7,5.9,2,,2020-05-31T05:58:47,2020-05-31T17:45:00,0.33,"Rain, Partially cloudy",Partly cloudy throughout the day with rain.,rain,"96737099999,96741099999,WIII,96739099999,WIHH,96749099999,96751099999,96745099999,96749599999"
"-6.48193504748969,106.45661598101",2020-06-01,32.4,24.2,27.7,38.1,24.2,29.9,23.5,78.8,18.17,100,16.67,rain,0,0,,23.4,162.5,1011.7,57.8,6.5,105.6,9.0,4,,2020-06-01T05:59:01,2020-06-01T17:45:05,0.38,"Rain, Partially cloudy",Partly cloudy throughout the day with rain.,rain,"96737099999,96741099999,WIII,96739099999,WIHH,96749099999,96751099999,96745099999,96749599999"
"-6.48193504748969,106.45661598101",2020-06-02,33.0,24.9,28.2,39.2,24.9,31.0,23.6,76.8,18.23,100,12.5,rain,0,0,,24.6,148.5,1011.1,55.2,7.4,92.8,8.0,3,,2020-06-02T05:59:14,2020-06-02T17:45:11,0.43,"Rain, Partially cloudy",Partly cloudy throughout the day with rain.,rain,"96737099999,96741099999,WIII,96739099999,WIHH,96749099999,96751099999,96745099999,96749599999"
"-6.48193504748969,106.45661598101",2020-06-03,32.6,24.4,27.7,38.2,24.4,30.5,23.7,79.5,9.06,100,16.67,rain,0,0,,25.2,129.4,1010.9,51.2,6.8,206.4,17.9,7,,2020-06-03T05:59:28,2020-06-03T17:45:17,0.46,"Rain, Partially cloudy",Partly cloudy throughout the day with rain.,rain,"96737099999,96741099999,WIII,96739099999,WIHH,96749099999,96751099999,96745099999,96749599999"
"-6.48193504748969,106.45661598101",2020-06-04,33.0,24.6,28.6,37.2,24.6,30.8,22.6,71.9,0.1,100,4.17,rain,0,0,38.9,27.8,115.8,1010.4,42.9,6.7,142.8,12.2,5,,2020-06-04T05:59:41,2020-06-04T17:45:24,0.49,"Rain, Partially cloudy",Partly cloudy throughout the day with afternoon rain.,rain,"96737099999,96741099999,WIII,96739099999,WIHH,96749099999,96751099999,96745099999,96749599999"
"-6.48193504748969,106.45661598101",2020-06-05,31.8,24.7,27.7,36.3,24.7,29.7,23.1,77.1,0.21,100,12.5,rain,0,0,,11.5,205.5,1011.0,57.6,5.0,192.1,16.6,7,,2020-06-05T05:59:55,2020-06-05T17:45:31,0.5,"Rain, Partially cloudy",Partly cloudy throughout the day with rain.,rain,"96737099999,96741099999,WIII,96739099999,WIHH,96749099999,96751099999,96745099999,96749599999"
"-6.48193504748969,106.45661598101",2020-06-06,32.8,24.2,28.3,37.4,24.2,30.9,23.1,74.9,2.22,100,8.33,rain,0,0,,12.5,121.0,1010.9,49.1,5.8,207.3,17.8,8,,2020-06-06T06:00:09,2020-06-06T17:45:39,0.51,"Rain, Partially cloudy",Partly cloudy throughout the day with rain.,rain,"96737099999,96741099999,WIII,96739099999,WIHH,96749099999,96751099999,96745099999,96749599999"
"-6.48193504748969,106.45661598101",2020-06-07,33.0,25.0,28.5,38.3,25.0,31.3,23.3,74.6,1.01,100,8.33,rain,0,0,,21.7,116.8,1009.4,53.8,6.3,179.4,15.5,7,,2020-06-07T06:00:24,2020-06-07T17:45:47,0.52,"Rain, Partially cloudy",Partly cloudy throughout the day with rain.,rain,"96737099999,96741099999,WIII,96739099999,WIHH,96749099999,96751099999,96745099999,96749599999"
"-6.48193504748969,106.45661598101",2020-06-08,32.6,25.1,28.3,38.2,25.1,31.3,23.9,77.8,0.31,100,8.33,rain,0,0,,23.4,125.8,1009.9,57.1,5.9,109.9,9.5,4,,2020-06-08T06:00:38,2020-06-08T17:45:56,0.54,"Rain, Partially cloudy",Partly cloudy throughout the day with rain.,rain,"96737099999,96741099999,WIII,96739099999,WIHH,96749099999,96751099999,96745099999,96749599999"
"-6.48193504748969,106.45661598101",2020-06-09,32.0,24.8,27.2,37.4,24.8,29.5,24.0,83.0,3.07,100,20.83,rain,0,0,37.1,17.8,166.6,1010.9,53.0,5.4,142.8,12.2,5,,2020-06-09T06:00:52,2020-06-09T17:46:05,0.58,"Rain, Partially cloudy",Partly cloudy throughout the day with a chance of rain throughout the day.,rain,"96737099999,96741099999,WIII,96739099999,WIHH,96749099999,96751099999,96745099999,96749599999"
"-6.48193504748969,106.45661598101",2020-06-10,32.7,24.4,28.4,39.3,24.4,31.8,24.1,78.6,0.0,0,0.0,,0,0,33.5,21.0,95.4,1009.7,46.7,6.1,174.0,15.1,7,,2020-06-10T06:01:07,2020-06-10T17:46:15,0.63,Partially cloudy,Partly cloudy throughout the day.,partly-cloudy-day,"96737099999,96741099999,WIII,96739099999,WIHH,96749099999,96751099999,96745099999,96749599999"
"-6.48193504748969,106.45661598101",2020-06-11,33.4,25.1,28.6,38.7,25.1,31.4,23.6,75.6,8.77,100,20.83,rain,0,0,,22.3,115.0,1009.0,57.2,6.6,171.0,14.9,7,,2020-06-11T06:01:21,2020-06-11T17:46:25,0.67,"Rain, Partially cloudy",Partly cloudy throughout the day with rain.,rain,"96737099999,96741099999,WIII,96739099999,WIHH,96749099999,96751099999,96745099999,96749599999"
"-6.48193504748969,106.45661598101",2020-06-12,33.0,24.6,28.4,37.6,24.6,31.0,23.1,74.5,0.71,100,12.5,rain,0,0,,20.2,143.2,1008.4,49.7,6.7,199.7,17.3,7,,2020-06-12T06:01:35,2020-06-12T17:46:35,0.72,"Rain, Partially cloudy",Partly cloudy throughout the day with rain clearing later.,rain,"96737099999,96741099999,WIII,96739099999,WIHH,96749099999,96751099999,96745099999,96749599999"
"-6.48193504748969,106.45661598101",2020-06-13,33.4,24.5,28.4,37.7,24.5,30.8,23.0,73.9,0.04,100,4.17,rain,0,0,,15.8,157.3,1009.6,48.9,6.1,200.6,17.3,8,,2020-06-13T06:01:50,2020-06-13T17:46:46,0.77,"Rain, Partially cloudy",Partly cloudy throughout the day with late afternoon rain.,rain,"96737099999,96741099999,WIII,96739099999,WIHH,96749099999,96751099999,96745099999,96749599999"
"-6.48193504748969,106.45661598101",2020-06-14,34.0,25.0,29.2,38.7,25.0,32.5,23.3,72.3,0.0,0,0.0,,0,0,,19.6,103.4,1010.0,41.9,5.9,236.5,20.5,8,,2020-06-14T06:02:04,2020-06-14T17:46:57,0.81,Partially cloudy,Partly cloudy throughout the day.,partly-cloudy-day,"96737099999,96741099999,WIII,96739099999,WIHH,96749099999,96751099999,96745099999,96749599999"
"-6.48193504748969,106.45661598101",2020-06-15,32.0,25.9,28.7,38.5,25.9,33.3,24.6,78.9,0.95,100,4.17,rain,0,0,,22.3,133.4,1010.4,58.3,4.6,75.0,6.4,2,,2020-06-15T06:02:18,2020-06-15T17:47:09,0.86,"Rain, Partially cloudy",Partly cloudy throughout the day with late afternoon rain.,rain,"96737099999,96741099999,WIII,96739099999,WIHH,96749099999,96751099999,96745099999,96749599999"
"-6.48193504748969,106.45661598101",2020-06-16,32.4,24.8,28.7,38.7,24.8,32.5,24.2,77.1,6.32,100,8.33,rain,0,0,,26.5,91.7,1009.7,47.3,6.6,189.3,16.5,7,,2020-06-16T06:02:32,2020-06-16T17:47:21,0.9,"Rain, Partially cloudy",Partly cloudy throughout the day with afternoon rain.,rain,"96737099999,96741099999,WIII,96739099999,WIHH,96749099999,96751099999,96745099999,96749599999"
"-6.48193504748969,106.45661598101",2020-06-17,33.4,24.5,28.8,38.3,24.5,31.8,23.4,74.3,0.0,0,0.0,,0,0,,24.9,153.8,1010.6,44.3,5.9,104.0,9.0,3,,2020-06-17T06:02:46,2020-06-17T17:47:33,0.94,Partially cloudy,Partly cloudy throughout the day.,partly-cloudy-day,"5BZE2,96737099999,96741099999,WIII,96739099999,WIHH,96749099999,96751099999,96745099999,96749599999"
"-6.48193504748969,106.45661598101",2020-06-18,33.0,25.2,28.6,37.6,25.2,31.7,23.6,75.5,2.16,100,8.33,rain,0,0,,18.4,170.0,1010.4,53.1,5.3,121.6,10.4,5,,2020-06-18T06:03:00,2020-06-18T17:47:45,0.97,"Rain, Partially cloudy",Partly cloudy throughout the day with rain.,rain,"96737099999,96741099999,WIII,96739099999,WIHH,96749099999,96751099999,96745099999,96749599999"
"-6.48193504748969,106.45661598101",2020-06-19,31.4,24.6,27.2,35.6,24.6,29.2,23.3,79.9,1.65,100,16.67,rain,0,0,,14.8,206.9,1010.9,58.9,4.7,66.9,5.7,2,,2020-06-19T06:03:13,2020-06-19T17:47:58,0.99,"Rain, Partially cloudy",Partly cloudy throughout the day with rain.,rain,"96737099999,96741099999,WIII,96739099999,WIHH,96749099999,96751099999,96745099999,96749599999"
"-6.48193504748969,106.45661598101",2020-06-20,33.4,24.1,28.3,37.9,24.1,30.9,23.1,74.7,0.0,0,0.0,,0,0,,22.8,159.1,1009.8,48.3,6.4,216.7,18.9,8,,2020-06-20T06:03:27,2020-06-20T17:48:11,1.0,Partially cloudy,Partly cloudy throughout the day.,partly-cloudy-day,"96737099999,96741099999,WIII,96739099999,WIHH,96749099999,96751099999,96745099999,96749599999"
"-6.48193504748969,106.45661598101",2020-06-21,32.8,24.2,28.0,36.6,24.2,30.4,23.0,75.8,0.0,0,0.0,,0,0,,20.5,159.6,1008.9,44.2,5.7,228.4,19.9,8,,2020-06-21T06:03:40,2020-06-21T17:48:24,0.0,Partially cloudy,Partly cloudy throughout the day.,partly-cloudy-day,"96737099999,96741099999,WIII,96739099999,WIHH,96749099999,96751099999,96745099999,96749599999"
"-6.48193504748969,106.45661598101",2020-06-22,30.4,25.1,27.5,35.3,25.1,29.9,23.5,79.5,5.78,100,20.83,rain,0,0,,20.2,157.0,1009.1,59.8,4.8,131.7,11.3,5,,2020-06-22T06:03:53,2020-06-22T17:48:37,0.01,"Rain, Partially cloudy",Partly cloudy throughout the day with rain.,rain,"96737099999,96741099999,WIII,96739099999,WIHH,96749099999,96751099999,96745099999,96749599999"
"-6.48193504748969,106.45661598101",2020-06-23,32.0,24.0,27.2,36.5,24.0,28.9,23.2,79.8,2.94,100,12.5,rain,0,0,,25.9,146.9,1009.9,53.4,5.9,147.0,12.8,5,,2020-06-23T06:04:05,2020-06-23T17:48:50,0.03,"Rain, Partially cloudy",Partly cloudy throughout the day with rain.,rain,"96737099999,96741099999,WIII,96739099999,WIHH,96749099999,96751099999,96745099999,96749599999"
"-6.48193504748969,106.45661598101",2020-06-24,31.7,24.0,27.4,36.4,24.0,29.6,23.1,77.9,0.0,0,0.0,,0,0,,11.2,230.1,1010.4,52.4,5.8,145.5,12.8,5,,2020-06-24T06:04:18,2020-06-24T17:49:04,0.06,Partially cloudy,Partly cloudy throughout the day.,partly-cloudy-day,"96737099999,96741099999,WIII,96739099999,WIHH,96749099999,96751099999,96745099999,96749599999"
"-6.48193504748969,106.45661598101",2020-06-25,32.8,23.7,28.1,37.4,23.7,30.5,22.9,74.8,0.0,0,0.0,,0,0,,18.9,161.0,1009.5,44.7,5.6,215.2,18.4,7,,2020-06-25T06:04:30,2020-06-25T17:49:18,0.1,Partially cloudy,Partly cloudy throughout the day.,partly-cloudy-day,"96737099999,96741099999,WIII,96739099999,WIHH,96749099999,96751099999,96745099999,96749599999"
"-6.48193504748969,106.45661598101",2020-06-26,32.4,24.4,28.4,37.6,24.4,31.3,23.4,75.3,0.0,0,0.0,,0,0,,19.0,146.9,1009.7,48.9,5.2,222.4,19.3,8,,2020-06-26T06:04:41,2020-06-26T17:49:31,0.14,Partially cloudy,Partly cloudy throughout the day.,partly-cloudy-day,"96737099999,96741099999,WIII,96739099999,WIHH,96749099999,96751099999,96745099999,96749599999"
"-6.48193504748969,106.45661598101",2020-06-27,32.6,24.9,28.4,37.7,24.9,31.1,23.3,74.9,0.09,100,8.33,rain,0,0,,22.0,127.4,1010.5,52.2,5.6,167.1,14.5,6,,2020-06-27T06:04:53,2020-06-27T17:49:45,0.2,"Rain, Partially cloudy",Partly cloudy throughout the day with rain.,rain,"96737099999,96741099999,WIII,96739099999,WIHH,96749099999,96751099999,96745099999,96749599999"
"-6.48193504748969,106.45661598101",2020-06-28,33.4,24.8,28.6,37.7,24.8,31.0,22.7,71.9,0.0,0,0.0,,0,0,,15.8,120.7,1011.0,49.1,5.7,199.1,17.3,8,,2020-06-28T06:05:03,2020-06-28T17:49:59,0.26,Partially cloudy,Partly cloudy throughout the day.,partly-cloudy-day,"96737099999,96741099999,WIII,96739099999,WIHH,96749099999,96751099999,96745099999,96749599999"
"-6.48193504748969,106.45661598101",2020-06-29,33.4,25.2,29.1,37.1,25.2,31.8,22.6,69.4,0.0,0,0.0,,0,0,,25.2,114.8,1009.9,44.2,5.6,229.4,20.0,8,,2020-06-29T06:05:14,2020-06-29T17:50:13,0.32,Partially cloudy,Partly cloudy throughout the day.,partly-cloudy-day,"96737099999,96741099999,WIII,96739099999,WIHH,96749099999,96751099999,96745099999,96749599999"
"-6.48193504748969,106.45661598101",2020-06-30,33.4,24.3,28.3,37.7,24.3,30.8,22.9,73.8,0.0,0,0.0,,0,0,,24.4,135.2,1009.7,42.6,5.6,232.3,20.1,8,,2020-06-30T06:05:24,2020-06-30T17:50:26,0.37,Partially cloudy,Partly cloudy throughout the day.,partly-cloudy-day,"96737099999,96741099999,WIII,96739099999,WIHH,96749099999,96751099999,96745099999,96749599999"
"-6.48193504748969,106.45661598101",2020-07-01,33.0,24.4,28.4,36.8,24.4,30.5,22.5,71.8,0.3,100,4.17,rain,0,0,,23.4,164.5,1009.4,44.5,5.6,225.2,19.6,8,,2020-07-01T06:05:34,2020-07-01T17:50:40,0.42,"Rain, Partially cloudy",Partly cloudy throughout the day with late afternoon rain.,rain,"96737099999,96741099999,WIII,96739099999,WIHH,96749099999,96751099999,96745099999,96749599999"
"-6.48193504748969,106.45661598101",2020-07-02,30.4,24.6,26.6,34.7,24.6,27.9,23.3,82.6,10.29,100,8.33,rain,0,0,,23.5,244.0,1010.1,60.1,4.7,123.3,10.5,5,,2020-07-02T06:05:43,2020-07-02T17:50:54,0.46,"Rain, Partially cloudy",Partly cloudy throughout the day with afternoon rain.,rain,"96737099999,96741099999,WIII,96739099999,WIHH,96749099999,96751099999,96745099999,96749599999"
"-6.48193504748969,106.45661598101",2020-07-03,32.2,24.2,27.7,35.8,24.2,29.7,22.7,75.3,20.69,100,16.67,rain,0,0,,19.7,132.8,1010.2,56.6,6.5,189.4,16.4,6,,2020-07-03T06:05:51,2020-07-03T17:51:07,0.48,"Rain, Partially cloudy",Partly cloudy throughout the day with rain.,rain,"96737099999,96741099999,WIII,96739099999,WIHH,96749099999,96751099999,96745099999,96749599999"
"-6.48193504748969,106.45661598101",2020-07-04,31.4,24.9,27.6,35.6,24.9,29.8,23.0,76.5,3.56,100,8.33,rain,0,0,,23.8,121.4,1010.3,54.0,6.4,212.7,18.5,8,,2020-07-04T06:06:00,2020-07-04T17:51:21,0.5,"Rain, Partially cloudy",Partly cloudy throughout the day with rain in the morning and afternoon.,rain,"96737099999,96741099999,WIII,96739099999,WIHH,96749099999,96751099999,96745099999,96749599999"
"-6.48193504748969,106.45661598101",2020-07-05,32.6,23.6,28.5,36.5,23.6,30.7,21.7,67.8,0.0,0,0.0,,0,0,,30.0,100.8,1009.6,43.2,7.3,248.0,21.4,9,,2020-07-05T06:06:07,2020-07-05T17:51:34,0.5,Partially cloudy,Partly cloudy throughout the day.,partly-cloudy-day,"96737099999,96741099999,WIII,96739099999,WIHH,96749099999,96751099999,96745099999,96749599999"
"-6.48193504748969,106.45661598101",2020-07-06,33.6,23.4,28.0,37.5,23.4,29.9,21.9,71.2,3.65,100,12.5,rain,0,0,37.1,24.4,122.1,1009.6,45.1,6.5,232.0,20.1,8,,2020-07-06T06:06:14,2020-07-06T17:51:47,0.51,"Rain, Partially cloudy",Partly cloudy throughout the day with rain.,rain,"96737099999,96741099999,WIII,96739099999,WIHH,96749099999,96751099999,96745099999,96749599999"
"-6.48193504748969,106.45661598101",2020-07-07,33.0,23.9,28.0,37.4,23.9,30.2,22.6,73.9,0.38,100,12.5,rain,0,0,,21.0,84.4,1010.1,50.1,6.9,138.2,11.9,5,,2020-07-07T06:06:21,2020-07-07T17:52:00,0.53,"Rain, Partially cloudy",Partly cloudy throughout the day with rain clearing later.,rain,"96737099999,96741099999,WIII,96739099999,WIHH,96749099999,96751099999,96745099999,96749599999"
"-6.48193504748969,106.45661598101",2020-07-08,32.4,24.7,28.0,37.2,24.7,29.8,22.6,74.0,2.27,100,12.5,rain,0,0,,16.9,184.3,1009.2,51.3,5.9,226.9,19.7,8,,2020-07-08T06:06:27,2020-07-08T17:52:13,0.56,"Rain, Partially cloudy",Partly cloudy throughout the day with rain.,rain,"96737099999,96741099999,WIII,96739099999,WIHH,96749099999,96751099999,96745099999,96749599999"
"-6.48193504748969,106.45661598101",2020-07-09,32.4,23.0,27.2,36.3,23.0,29.0,22.4,76.3,0.84,100,4.17,rain,0,0,,13.0,207.2,1009.2,43.5,5.8,198.8,17.1,8,,2020-07-09T06:06:32,2020-07-09T17:52:26,0.6,"Rain, Partially cloudy",Partly cloudy throughout the day with morning rain.,rain,"96737099999,96741099999,WIII,96739099999,WIHH,96749099999,96751099999,96745099999,96749599999"
"-6.48193504748969,106.45661598101",2020-07-10,30.8,24.0,27.4,34.3,24.0,29.2,22.9,77.4,0.98,100,8.33,rain,0,0,,14.8,154.7,1009.9,52.3,5.3,213.6,18.6,8,,2020-07-10T06:06:37,2020-07-10T17:52:38,0.64,"Rain, Partially cloudy",Partly cloudy throughout the day with early morning rain.,rain,"96737099999,96741099999,WIII,96739099999,WIHH,96749099999,96751099999,96745099999,96749599999"
"-6.48193504748969,106.45661598101",2020-07-11,32.4,24.4,28.1,37.1,24.4,30.8,23.5,77.5,2.44,100,8.33,rain,0,0,,24.1,102.2,1009.9,48.1,5.7,210.7,18.1,8,,2020-07-11T06:06:41,2020-07-11T17:52:50,0.68,"Rain, Partially cloudy",Partly cloudy throughout the day with early morning rain.,rain,"96737099999,96741099999,WIII,96739099999,WIHH,96749099999,96751099999,96745099999,96749599999"
"-6.48193504748969,106.45661598101",2020-07-12,32.4,24.5,28.2,38.1,24.5,30.8,23.3,76.0,0.19,100,8.33,rain,0,0,,15.5,174.3,1009.6,46.0,5.9,185.9,16.1,7,,2020-07-12T06:06:44,2020-07-12T17:53:02,0.73,"Rain, Partially cloudy",Partly cloudy throughout the day with rain.,rain,"96737099999,96741099999,WIII,96739099999,WIHH,96749099999,96751099999,96745099999,96749599999"
"-6.48193504748969,106.45661598101",2020-07-13,32.6,24.5,28.4,37.1,24.5,31.2,23.2,74.1,0.0,0,0.0,,0,0,,24.1,131.0,1009.3,53.1,6.3,187.9,16.2,6,,2020-07-13T06:06:47,2020-07-13T17:53:14,0.78,Partially cloudy,Partly cloudy throughout the day.,partly-cloudy-day,"96737099999,96741099999,WIII,96739099999,WIHH,96749099999,96751099999,96745099999,96749599999"
"-6.48193504748969,106.45661598101",2020-07-14,31.6,24.7,27.9,36.4,24.7,30.4,23.5,77.7,6.98,100,12.5,rain,0,0,,25.2,171.3,1009.4,56.4,5.9,186.9,16.2,7,,2020-07-14T06:06:49,2020-07-14T17:53:25,0.83,"Rain, Partially cloudy",Partly cloudy throughout the day with rain.,rain,"96737099999,96741099999,WIII,96739099999,WIHH,96749099999,96751099999,96745099999,96749599999"
"-6.48193504748969,106.45661598101",2020-07-15,31.0,24.0,27.1,34.6,24.0,28.8,22.8,78.5,4.01,100,12.5,rain,0,0,42.5,28.0,123.8,1009.1,60.3,6.5,182.0,15.7,7,,2020-07-15T06:06:51,2020-07-15T17:53:36,0.87,"Rain, Partially cloudy",Partly cloudy throughout the day with rain clearing later.,rain,"96737099999,96741099999,WIII,96739099999,WIHH,96749099999,96751099999,96745099999,96749599999"
"-6.48193504748969,106.45661598101",2020-07-16,30.4,25.5,27.9,35.3,25.5,30.5,23.2,76.0,0.14,100,4.17,rain,0,0,,25.9,101.6,1008.7,63.5,7.1,190.7,16.6,7,,2020-07-16T06:06:52,2020-07-16T17:53:46,0.91,"Rain, Partially cloudy",Partly cloudy throughout the day with afternoon rain.,rain,"96737099999,96741099999,WIII,96739099999,WIHH,96749099999,96751099999,96745099999,96749599999"
"-6.48193504748969,106.45661598101",2020-07-17,32.6,24.0,28.3,38.2,24.0,31.2,23.2,74.8,0.0,0,0.0,,0,0,,22.3,124.5,1009.1,43.6,6.8,228.8,19.8,8,,2020-07-17T06:06:52,2020-07-17T17:53:57,0.95,Partially cloudy,Partly cloudy throughout the day.,partly-cloudy-day,"96737099999,96741099999,WIII,96739099999,WIHH,96749099999,96751099999,96745099999,96749599999"
"-6.48193504748969,106.45661598101",2020-07-18,32.4,24.1,28.2,37.2,24.1,30.9,23.3,76.0,0.55,100,4.17,rain,0,0,,20.8,104.5,1009.2,53.2,5.7,247.0,21.4,9,,2020-07-18T06:06:51,2020-07-18T17:54:06,0.98,"Rain, Partially cloudy",Partly cloudy throughout the day with early morning rain.,rain,"96737099999,96741099999,WIII,96739099999,WIHH,96749099999,96751099999,96745099999,96749599999"
"-6.48193504748969,106.45661598101",2020-07-19,33.0,24.1,28.0,38.7,24.1,30.2,23.0,75.6,0.08,100,4.17,rain,0,0,,19.2,174.5,1009.1,45.6,5.3,225.9,19.6,8,,2020-07-19T06:06:50,2020-07-19T17:54:16,1.0,"Rain, Partially cloudy",Partly cloudy throughout the day with afternoon rain.,rain,"96737099999,96741099999,WIII,96739099999,WIHH,96749099999,96751099999,96745099999,96749599999"
"-6.48193504748969,106.45661598101",2020-07-20,32.2,24.0,27.8,37.6,24.0,30.1,23.0,76.1,3.79,100,4.17,rain,0,0,,26.7,146.5,1008.7,52.2,5.3,244.3,21.2,8,,2020-07-20T06:06:48,2020-07-20T17:54:25,1.0,"Rain, Partially cloudy",Partly cloudy throughout the day with afternoon rain.,rain,"96737099999,96741099999,WIII,96739099999,WIHH,96749099999,96751099999,96745099999,96749599999"
"-6.48193504748969,106.45661598101",2020-07-21,32.0,23.7,27.7,37.0,23.7,30.5,23.4,78.3,0.17,100,4.17,rain,0,0,,16.9,148.6,1009.2,48.5,5.8,235.3,20.3,8,,2020-07-21T06:06:45,2020-07-21T17:54:34,0.0,"Rain, Partially cloudy",Partly cloudy throughout the day with late afternoon rain.,rain,"96737099999,96741099999,WIII,96739099999,WIHH,96749099999,96751099999,96745099999,96749599999"
"-6.48193504748969,106.45661598101",2020-07-22,32.8,24.2,28.0,37.0,24.2,30.5,23.3,77.0,3.6,100,16.67,rain,0,0,42.5,24.6,139.8,1008.9,48.8,6.1,214.1,18.6,8,,2020-07-22T06:06:42,2020-07-22T17:54:42,0.02,"Rain, Partially cloudy",Partly cloudy throughout the day with a chance of rain throughout the day.,rain,"96737099999,96741099999,WIII,96739099999,WIHH,96749099999,96751099999,96745099999,96749599999"
"-6.48193504748969,106.45661598101",2020-07-23,32.7,24.4,28.2,38.4,24.4,30.8,23.1,75.0,0.0,0,0.0,,0,0,,16.6,167.9,1009.1,52.9,5.2,233.3,20.2,8,,2020-07-23T06:06:37,2020-07-23T17:54:50,0.05,Partially cloudy,Partly cloudy throughout the day.,partly-cloudy-day,"96737099999,96741099999,WIII,96739099999,WIHH,96749099999,96751099999,96745099999,96749599999"
"-6.48193504748969,106.45661598101",2020-07-24,33.0,24.5,28.5,36.4,24.5,31.0,22.7,72.2,7.21,100,12.5,rain,0,0,,24.4,117.6,1009.6,49.3,5.9,215.6,18.7,8,,2020-07-24T06:06:32,2020-07-24T17:54:57,0.09,"Rain, Partially cloudy",Partly cloudy throughout the day with a chance of rain throughout the day.,rain,"96737099999,96741099999,WIII,96739099999,WIHH,96749099999,96751099999,96745099999,96749599999"
"-6.48193504748969,106.45661598101",2020-07-25,32.8,24.0,28.4,35.7,24.0,30.5,21.9,69.4,0.0,0,0.0,,0,0,,17.6,114.8,1009.9,48.0,6.6,257.1,22.2,9,,2020-07-25T06:06:27,2020-07-25T17:55:04,0.14,Partially cloudy,Partly cloudy throughout the day.,partly-cloudy-day,"96737099999,96741099999,WIII,96739099999,WIHH,96749099999,96751099999,96745099999,96749599999"
"-6.48193504748969,106.45661598101",2020-07-26,32.0,23.5,27.7,34.7,23.5,28.9,20.6,66.7,0.0,0,0.0,,0,0,,26.5,114.4,1009.8,40.5,7.0,249.8,21.3,9,,2020-07-26T06:06:20,2020-07-26T17:55:11,0.19,Partially cloudy,Partly cloudy throughout the day.,partly-cloudy-day,"96737099999,96741099999,WIII,96739099999,WIHH,96749099999,96751099999,96745099999,96749599999"
"-6.48193504748969,106.45661598101",2020-07-27,33.0,23.1,27.6,35.5,23.1,28.8,20.4,66.6,0.0,0,0.0,,0,0,,20.7,146.8,1010.0,34.6,6.9,259.3,22.4,9,,2020-07-27T06:06:13,2020-07-27T17:55:17,0.25,Partially cloudy,Partly cloudy throughout the day.,partly-cloudy-day,"96737099999,96741099999,WIII,96739099999,WIHH,96749099999,96751099999,96745099999,96749599999"
"-6.48193504748969,106.45661598101",2020-07-28,33.3,22.4,27.4,35.5,22.4,28.7,20.9,69.3,0.0,0,0.0,,0,0,,16.6,183.3,1009.9,40.2,5.2,238.2,20.5,8,,2020-07-28T06:06:05,2020-07-28T17:55:23,0.31,Partially cloudy,Partly cloudy throughout the day.,partly-cloudy-day,"96737099999,96741099999,WIII,96739099999,WIHH,96749099999,96751099999,96745099999,96749599999"
"-6.48193504748969,106.45661598101",2020-07-29,33.0,23.1,27.8,35.6,23.1,29.3,21.1,68.6,0.0,0,0.0,,0,0,,15.5,197.4,1009.7,41.5,5.3,255.3,22.1,9,,2020-07-29T06:05:57,2020-07-29T17:55:28,0.36,Partially cloudy,Partly cloudy throughout the day.,partly-cloudy-day,"96737099999,96741099999,WIII,96739099999,WIHH,96749099999,96751099999,96745099999,96749599999"
"-6.48193504748969,106.45661598101",2020-07-30,31.8,23.9,27.5,34.5,23.9,29.1,21.4,70.5,0.0,0,0.0,,0,0,,13.7,193.1,1010.5,48.6,5.4,262.9,22.8,9,,2020-07-30T06:05:47,2020-07-30T17:55:32,0.41,Partially cloudy,Partly cloudy throughout the day.,partly-cloudy-day,"96737099999,96741099999,WIII,96739099999,WIHH,96749099999,96751099999,96745099999,96749599999"
"-6.48193504748969,106.45661598101",2020-07-31,32.0,22.8,27.3,32.8,22.8,27.8,18.5,60.3,0.0,0,0.0,,0,0,,14.6,177.7,1010.5,48.8,6.7,273.4,23.6,9,,2020-07-31T06:05:37,2020-07-31T17:55:37,0.45,Partially cloudy,Partly cloudy throughout the day.,partly-cloudy-day,"96737099999,96741099999,WIII,96739099999,WIHH,96749099999,96751099999,96745099999,96749599999"
"-6.48193504748969,106.45661598101",2020-08-01,32.4,21.7,26.8,33.6,21.7,27.5,19.7,66.8,0.0,0,0.0,,0,0,,16.6,204.7,1010.1,36.4,6.3,250.4,21.8,9,,2020-08-01T06:05:26,2020-08-01T17:55:40,0.47,Partially cloudy,Partly cloudy throughout the day.,partly-cloudy-day,"96737099999,96741099999,WIII,96739099999,WIHH,96749099999,96751099999,96745099999,96749599999"
"-6.48193504748969,106.45661598101",2020-08-02,32.8,22.4,27.4,36.4,22.4,29.0,21.1,70.0,0.02,100,4.17,rain,0,0,,12.5,227.6,1009.7,44.3,6.2,255.1,22.1,9,,2020-08-02T06:05:15,2020-08-02T17:55:43,0.49,"Rain, Partially cloudy",Partly cloudy throughout the day with late afternoon rain.,rain,"96737099999,96741099999,WIII,96739099999,WIHH,96749099999,96751099999,96745099999,96749599999"
"-6.48193504748969,106.45661598101",2020-08-03,33.0,23.6,28.3,37.2,23.6,30.6,22.2,71.0,0.0,0,0.0,,0,0,,23.8,136.2,1008.7,46.4,6.4,235.4,20.4,8,,2020-08-03T06:05:02,2020-08-03T17:55:46,0.5,Partially cloudy,Partly cloudy throughout the day.,partly-cloudy-day,"96737099999,96741099999,WIII,96739099999,WIHH,96749099999,96751099999,96745099999,96749599999"
"-6.48193504748969,106.45661598101",2020-08-04,32.4,25.0,28.3,36.8,25.0,30.8,22.7,72.4,0.03,100,4.17,rain,0,0,35.3,26.1,129.2,1008.4,56.5,6.3,232.7,20.1,8,,2020-08-04T06:04:49,2020-08-04T17:55:48,0.51,"Rain, Partially cloudy",Partly cloudy throughout the day with early morning rain.,rain,"96737099999,96741099999,WIII,96739099999,WIHH,96749099999,96751099999,96745099999,96749599999"
"-6.48193504748969,106.45661598101",2020-08-05,32.0,23.8,27.8,36.4,23.8,30.2,22.6,74.0,0.06,100,4.17,rain,0,0,,18.2,142.8,1009.5,45.4,6.0,225.9,19.5,8,,2020-08-05T06:04:35,2020-08-05T17:55:50,0.52,"Rain, Partially cloudy",Partly cloudy throughout the day with afternoon rain.,rain,"96737099999,96741099999,WIII,96739099999,WIHH,96749099999,96751099999,96745099999,96749599999"
"-6.48193504748969,106.45661598101",2020-08-06,33.0,24.4,28.5,36.9,24.4,31.5,23.0,73.0,0.0,0,0.0,,0,0,,20.0,93.1,1009.4,48.7,5.8,203.4,17.6,7,,2020-08-06T06:04:21,2020-08-06T17:55:51,0.54,Partially cloudy,Partly cloudy throughout the day.,partly-cloudy-day,"96737099999,96741099999,WIII,96739099999,WIHH,96749099999,96751099999,96745099999,96749599999"
"-6.48193504748969,106.45661598101",2020-08-07,32.4,24.1,28.5,37.5,24.1,31.5,23.5,75.5,0.0,0,0.0,,0,0,,20.2,117.0,1009.4,49.8,6.1,247.6,21.4,9,,2020-08-07T06:04:06,2020-08-07T17:55:52,0.57,Partially cloudy,Partly cloudy throughout the day.,partly-cloudy-day,"96737099999,96741099999,WIII,96739099999,WIHH,96749099999,96751099999,96745099999,96749599999"
"-6.48193504748969,106.45661598101",2020-08-08,32.0,24.5,28.0,37.4,24.5,30.7,23.6,78.0,4.46,100,4.17,rain,0,0,,15.1,144.1,1009.2,55.7,5.5,212.9,18.4,8,,2020-08-08T06:03:50,2020-08-08T17:55:52,0.61,"Rain, Partially cloudy",Partly cloudy throughout the day with early morning rain.,rain,"96737099999,96741099999,WIII,96739099999,WIHH,96749099999,96751099999,96745099999,96749599999"
"-6.48193504748969,106.45661598101",2020-08-09,32.8,23.7,28.0,39.0,23.7,30.8,23.6,78.2,5.14,100,12.5,rain,0,0,,16.1,147.0,1010.1,55.7,6.1,226.3,19.5,8,,2020-08-09T06:03:33,2020-08-09T17:55:52,0.65,"Rain, Partially cloudy",Partly cloudy throughout the day with rain.,rain,"96737099999,96741099999,WIII,96739099999,WIHH,96749099999,96751099999,96745099999,96749599999"
"-6.48193504748969,106.45661598101",2020-08-10,32.8,24.7,28.3,37.1,24.7,30.5,22.5,72.6,0.0,0,0.0,,0,0,,22.6,104.0,1010.7,48.4,6.5,215.5,18.7,8,,2020-08-10T06:03:16,2020-08-10T17:55:52,0.7,Partially cloudy,Partly cloudy throughout the day.,partly-cloudy-day,"96737099999,96741099999,WIII,96739099999,WIHH,96749099999,96751099999,96745099999,96749599999"
"-6.48193504748969,106.45661598101",2020-08-11,32.0,25.0,27.5,37.4,25.0,29.6,23.4,78.7,7.28,100,8.33,rain,0,0,,17.6,181.9,1011.5,56.8,6.2,178.4,15.4,6,,2020-08-11T06:02:58,2020-08-11T17:55:51,0.74,"Rain, Partially cloudy",Partly cloudy throughout the day with rain.,rain,"96737099999,96741099999,WIII,96739099999,WIHH,96749099999,96751099999,96745099999,96749599999"
"-6.48193504748969,106.45661598101",2020-08-12,33.2,24.7,28.3,38.1,24.7,30.8,23.2,74.9,0.03,100,8.33,rain,0,0,,23.8,126.4,1011.5,57.1,6.3,230.0,20.0,8,,2020-08-12T06:02:40,2020-08-12T17:55:49,0.79,"Rain, Partially cloudy",Partly cloudy throughout the day with morning rain.,rain,"96737099999,96741099999,WIII,96739099999,WIHH,96749099999,96751099999,96745099999,96749599999"
"-6.48193504748969,106.45661598101",2020-08-13,29.8,23.0,26.1,35.5,23.0,27.7,23.2,84.5,48.28,100,16.67,rain,0,0,,17.3,188.6,1011.2,59.6,5.4,149.6,12.8,6,,2020-08-13T06:02:20,2020-08-13T17:55:47,0.84,"Rain, Partially cloudy",Partly cloudy throughout the day with rain.,rain,"96737099999,96741099999,WIII,96739099999,WIHH,96749099999,96751099999,96745099999,96749599999"
"-6.48193504748969,106.45661598101",2020-08-14,31.6,22.8,26.6,36.9,22.8,28.6,22.9,81.2,3.38,100,16.67,rain,0,0,,14.8,165.4,1010.2,52.6,6.1,205.9,17.9,8,,2020-08-14T06:02:01,2020-08-14T17:55:44,0.89,"Rain, Partially cloudy",Partly cloudy throughout the day with rain.,rain,"96737099999,96741099999,WIII,96739099999,WIHH,96749099999,96751099999,96745099999,96749599999"
"-6.48193504748969,106.45661598101",2020-08-15,32.4,23.4,27.8,36.9,23.4,30.3,23.2,77.2,0.0,0,0.0,,0,0,,22.8,101.1,1010.4,51.7,6.2,264.9,22.8,9,,2020-08-15T06:01:40,2020-08-15T17:55:41,0.93,Partially cloudy,Partly cloudy throughout the day.,partly-cloudy-day,"96737099999,96741099999,WIII,96739099999,WIHH,96749099999,96751099999,96745099999,96749599999"
"-6.48193504748969,106.45661598101",2020-08-16,33.0,24.0,28.0,37.5,24.0,30.6,23.1,76.2,3.82,100,4.17,rain,0,0,35.3,25.5,146.9,1010.5,50.6,6.6,208.3,17.9,8,,2020-08-16T06:01:19,2020-08-16T17:55:38,0.96,"Rain, Partially cloudy",Partly cloudy throughout the day with late afternoon rain.,rain,"96737099999,96741099999,WIII,96739099999,WIHH,96749099999,96751099999,96745099999,96749599999"
"-6.48193504748969,106.45661598101",2020-08-17,33.4,23.9,27.8,38.8,23.9,30.0,23.0,76.8,3.57,100,16.67,rain,0,0,,27.0,174.6,1009.9,48.1,5.9,238.1,20.5,8,,2020-08-17T06:00:57,2020-08-17T17:55:34,0.99,"Rain, Partially cloudy",Partly cloudy throughout the day with a chance of rain throughout the day.,rain,"96737099999,96741099999,WIII,96739099999,WIHH,96749099999,96751099999,96745099999,96749599999"
"-6.48193504748969,106.45661598101",2020-08-18,31.0,23.6,26.8,36.2,23.6,28.5,22.6,78.4,26.08,100,16.67,rain,0,0,,11.2,169.8,1009.8,51.4,5.4,188.5,16.5,7,,2020-08-18T06:00:35,2020-08-18T17:55:30,1.0,"Rain, Partially cloudy",Partly cloudy throughout the day with rain.,rain,"96737099999,96741099999,WIII,96739099999,WIHH,96749099999,96751099999,96745099999,96749599999"
"-6.48193504748969,106.45661598101",2020-08-19,33.0,22.8,28.0,38.1,22.8,30.6,22.8,74.7,0.0,0,0.0,,0,0,,24.1,92.9,1008.9,47.5,6.3,208.1,17.9,8,,2020-08-19T06:00:12,2020-08-19T17:55:25,0.0,Partially cloudy,Partly cloudy throughout the day.,partly-cloudy-day,"96737099999,96741099999,WIII,96739099999,WIHH,96749099999,96751099999,96745099999,96749599999"
"-6.48193504748969,106.45661598101",2020-08-20,32.6,24.9,28.4,37.1,24.9,31.3,23.2,74.4,0.42,100,8.33,rain,0,0,42.5,29.6,117.2,1009.8,55.0,6.5,229.3,19.9,8,,2020-08-20T05:59:49,2020-08-20T17:55:20,0.01,"Rain, Partially cloudy",Partly cloudy throughout the day with rain clearing later.,rain,"96737099999,96741099999,WIII,96739099999,WIHH,96749099999,96751099999,96745099999,96749599999"
"-6.48193504748969,106.45661598101",2020-08-21,32.6,23.9,28.2,36.3,23.9,30.2,21.8,69.4,0.0,0,0.0,,0,0,37.1,31.9,116.2,1011.2,39.9,7.9,266.3,22.9,9,,2020-08-21T05:59:25,2020-08-21T17:55:15,0.04,Partially cloudy,Partly cloudy throughout the day.,partly-cloudy-day,"96737099999,96741099999,WIII,96739099999,WIHH,96749099999,96751099999,96745099999,96749599999"
"-6.48193504748969,106.45661598101",2020-08-22,34.0,23.1,28.3,35.5,23.1,29.4,20.5,65.1,0.0,0,0.0,,0,0,,30.0,123.4,1012.0,33.3,6.7,273.5,23.8,9,,2020-08-22T05:59:01,2020-08-22T17:55:09,0.08,Partially cloudy,Partly cloudy throughout the day.,partly-cloudy-day,"96737099999,96741099999,WIII,96739099999,WIHH,96749099999,96751099999,96745099999,96749599999"
"-6.48193504748969,106.45661598101",2020-08-23,33.8,24.0,28.4,37.4,24.0,30.7,22.2,70.6,0.0,0,0.0,,0,0,,26.7,146.3,1011.2,37.2,6.5,211.2,18.3,7,,2020-08-23T05:58:36,2020-08-23T17:55:03,0.13,Partially cloudy,Partly cloudy throughout the day.,partly-cloudy-day,"96737099999,96741099999,WIII,96739099999,WIHH,96749099999,96751099999,96745099999,96749599999"
"-6.48193504748969,106.45661598101",2020-08-24,33.0,24.0,28.2,38.1,24.0,30.3,22.0,70.4,0.0,0,0.0,,0,0,,24.1,121.8,1010.8,45.3,6.5,229.7,19.9,8,,2020-08-24T05:58:10,2020-08-24T17:54:56,0.18,Partially cloudy,Partly cloudy throughout the day.,partly-cloudy-day,"96737099999,96741099999,WIII,96739099999,WIHH,96749099999,96751099999,96745099999,96749599999"
"-6.48193504748969,106.45661598101",2020-08-25,34.0,22.4,28.2,35.1,22.4,29.3,19.9,63.1,0.0,0,0.0,,0,0,,37.1,103.6,1011.4,36.5,7.0,280.1,24.2,10,,2020-08-25T05:57:44,2020-08-25T17:54:49,0.24,Partially cloudy,Partly cloudy throughout the day.,partly-cloudy-day,"96737099999,96741099999,WIII,96739099999,WIHH,96749099999,96751099999,96745099999,96749599999"
"-6.48193504748969,106.45661598101",2020-08-26,33.4,23.5,28.5,35.4,23.5,30.2,21.1,66.0,0.0,0,0.0,,0,0,37.1,25.5,135.8,1010.8,35.2,7.0,291.7,25.2,10,,2020-08-26T05:57:18,2020-08-26T17:54:42,0.29,Partially cloudy,Partly cloudy throughout the day.,partly-cloudy-day,"96737099999,96741099999,WIII,96739099999,WIHH,96749099999,96751099999,96745099999,96749599999"
"-6.48193504748969,106.45661598101",2020-08-27,33.4,23.9,28.2,34.9,23.9,29.4,20.6,65.5,0.0,0,0.0,,0,0,38.9,22.3,111.8,1009.8,38.4,6.2,273.8,23.6,9,,2020-08-27T05:56:51,2020-08-27T17:54:34,0.35,Partially cloudy,Partly cloudy throughout the day.,partly-cloudy-day,"96737099999,96741099999,WIII,96739099999,WIHH,96749099999,96751099999,96745099999,96749599999"
"-6.48193504748969,106.45661598101",2020-08-28,34.0,23.0,28.4,35.9,23.0,29.9,20.8,65.5,0.0,0,0.0,,0,0,,29.5,130.8,1009.5,34.5,6.8,282.3,24.3,10,,2020-08-28T05:56:24,2020-08-28T17:54:26,0.39,Partially cloudy,Partly cloudy throughout the day.,partly-cloudy-day,"96737099999,96741099999,WIII,96739099999,WIHH,96749099999,96751099999,96745099999,96749599999"
"-6.48193504748969,106.45661598101",2020-08-29,34.0,24.1,28.8,36.6,24.1,30.7,21.4,66.3,0.0,0,0.0,,0,0,29.5,25.6,136.3,1008.9,38.9,7.1,258.0,22.4,9,,2020-08-29T05:55:56,2020-08-29T17:54:18,0.43,Partially cloudy,Partly cloudy throughout the day.,partly-cloudy-day,"96737099999,96741099999,WIII,96739099999,WIHH,96749099999,96751099999,96745099999,96749599999"
"-6.48193504748969,106.45661598101",2020-08-30,33.1,24.7,28.7,36.7,24.7,31.2,22.2,68.8,0.0,0,0.0,,0,0,,22.8,124.0,1008.4,43.8,6.9,269.6,23.1,10,,2020-08-30T05:55:28,2020-08-30T17:54:10,0.46,Partially cloudy,Partly cloudy throughout the day.,partly-cloudy-day,"96737099999,96741099999,WIII,96739099999,WIHH,96749099999,96751099999,96745099999,96749599999"
"-6.48193504748969,106.45661598101",2020-08-31,34.5,24.5,28.7,37.3,24.5,30.8,21.6,67.2,0.0,0,0.0,,0,0,,27.7,136.6,1009.0,40.4,6.8,279.3,24.2,10,,2020-08-31T05:54:59,2020-08-31T17:54:01,0.49,Partially cloudy,Partly cloudy throughout the day.,partly-cloudy-day,"96737099999,96741099999,WIII,96739099999,WIHH,96749099999,96751099999,96745099999,96749599999"
"-6.48193504748969,106.45661598101",2020-09-01,34.4,23.3,28.7,36.8,23.3,30.1,20.7,64.2,0.0,0,0.0,,0,0,,28.2,172.5,1009.3,42.0,6.2,267.7,23.2,9,,2020-09-01T05:54:31,2020-09-01T17:53:52,0.5,Partially cloudy,Partly cloudy throughout the day.,partly-cloudy-day,"96737099999,96741099999,WIII,96739099999,WIHH,96749099999,96751099999,96745099999,96749599999"
"-6.48193504748969,106.45661598101",2020-09-02,31.6,24.0,27.7,35.8,24.0,29.2,22.1,73.0,12.53,100,8.33,rain,0,0,,13.4,256.3,1009.9,48.8,5.7,235.5,20.4,8,,2020-09-02T05:54:02,2020-09-02T17:53:43,0.5,"Rain, Partially cloudy",Partly cloudy throughout the day with late afternoon rain.,rain,"96737099999,96741099999,WIII,96739099999,WIHH,96749099999,96751099999,96745099999,96749599999"
"-6.48193504748969,106.45661598101",2020-09-03,32.4,24.0,27.8,36.9,24.0,29.9,23.0,76.1,1.44,100,12.5,rain,0,0,37.1,26.7,151.9,1010.5,53.3,6.4,218.1,18.8,8,,2020-09-03T05:53:32,2020-09-03T17:53:33,0.51,"Rain, Partially cloudy",Partly cloudy throughout the day with rain.,rain,"96737099999,96741099999,WIII,96739099999,WIHH,96749099999,96751099999,96745099999,96749599999"
"-6.48193504748969,106.45661598101",2020-09-04,33.4,24.4,28.5,37.5,24.4,31.0,23.0,73.2,0.0,0,0.0,,0,0,,27.0,143.5,1009.9,55.6,6.0,178.7,15.6,6,,2020-09-04T05:53:02,2020-09-04T17:53:24,0.53,Partially cloudy,Partly cloudy throughout the day.,partly-cloudy-day,"96737099999,96741099999,WIII,96739099999,WIHH,96749099999,96751099999,96745099999,96749599999"
"-6.48193504748969,106.45661598101",2020-09-05,33.3,25.0,28.3,38.8,25.0,30.4,22.9,74.2,0.0,0,0.0,,0,0,,18.9,222.6,1009.1,51.6,5.9,281.2,24.4,10,,2020-09-05T05:52:32,2020-09-05T17:53:14,0.55,Partially cloudy,Partly cloudy throughout the day.,partly-cloudy-day,"96737099999,96741099999,WIII,96739099999,WIHH,96749099999,96751099999,96745099999,96749599999"
"-6.48193504748969,106.45661598101",2020-09-06,33.0,23.6,27.9,37.4,23.6,30.0,22.2,72.6,0.0,0,0.0,,0,0,,20.0,152.8,1009.2,47.5,5.8,297.6,25.7,10,,2020-09-06T05:52:02,2020-09-06T17:53:04,0.58,Partially cloudy,Partly cloudy throughout the day.,partly-cloudy-day,"96737099999,96741099999,WIII,96739099999,WIHH,96749099999,96751099999,96745099999,96749599999"
"-6.48193504748969,106.45661598101",2020-09-07,33.4,24.4,28.8,37.4,24.4,30.8,21.9,68.0,0.0,0,0.0,,0,0,,21.7,111.1,1010.1,46.6,6.2,287.5,24.9,10,,2020-09-07T05:51:31,2020-09-07T17:52:53,0.62,Partially cloudy,Partly cloudy throughout the day.,partly-cloudy-day,"96737099999,96741099999,96739099999,WIII,WIHH,96749099999,96751099999,96745099999,96749599999"
"-6.48193504748969,106.45661598101",2020-09-08,32.8,24.5,28.7,35.3,24.5,30.2,21.1,65.0,0.0,0,0.0,,0,0,40.7,25.9,104.1,1011.0,47.8,6.5,271.7,23.4,10,,2020-09-08T05:51:01,2020-09-08T17:52:43,0.66,Partially cloudy,Partly cloudy throughout the day.,partly-cloudy-day,"96737099999,96741099999,WIII,96739099999,WIHH,96749099999,96751099999,96745099999,96749599999"
"-6.48193504748969,106.45661598101",2020-09-09,33.8,25.0,29.2,37.8,25.0,31.6,21.8,65.3,0.0,0,0.0,,0,0,,25.6,130.5,1009.6,47.7,6.7,271.0,23.3,10,,2020-09-09T05:50:30,2020-09-09T17:52:33,0.71,Partially cloudy,Partly cloudy throughout the day.,partly-cloudy-day,"96737099999,96741099999,WIII,96739099999,WIHH,96749099999,96751099999,96745099999,96749599999"
"-6.48193504748969,106.45661598101",2020-09-10,32.4,24.9,27.8,36.9,24.9,29.7,22.8,75.3,28.79,100,8.33,rain,0,0,,16.6,206.8,1008.4,52.6,5.8,118.8,10.2,5,,2020-09-10T05:49:58,2020-09-10T17:52:22,0.76,"Rain, Partially cloudy",Partly cloudy throughout the day with rain.,rain,"96737099999,96741099999,WIII,96739099999,WIHH,96749099999,96751099999,96745099999,96749599999"
"-6.48193504748969,106.45661598101",2020-09-11,32.4,23.9,28.0,37.3,23.9,30.4,22.6,73.5,0.0,0,0.0,,0,0,,20.5,132.8,1009.4,53.2,5.2,235.2,20.3,9,,2020-09-11T05:49:27,2020-09-11T17:52:11,0.81,Partially cloudy,Partly cloudy throughout the day.,partly-cloudy-day,"96737099999,96741099999,WIII,96739099999,WIHH,96749099999,96751099999,96745099999,96749599999"
"-6.48193504748969,106.45661598101",2020-09-12,33.0,24.0,28.4,37.2,24.0,31.0,22.9,73.7,0.0,0,0.0,,0,0,,20.5,269.0,1011.0,48.8,5.3,297.5,25.7,10,,2020-09-12T05:48:56,2020-09-12T17:52:00,0.86,Partially cloudy,Partly cloudy throughout the day.,partly-cloudy-day,"96737099999,96741099999,WIII,96739099999,WIHH,96749099999,96751099999,96745099999,96749599999"
"-6.48193504748969,106.45661598101",2020-09-13,33.4,24.4,28.3,36.4,24.4,30.0,22.0,70.2,0.17,100,4.17,rain,0,0,,17.6,225.5,1010.9,46.9,7.2,276.5,24.1,10,,2020-09-13T05:48:24,2020-09-13T17:51:50,0.9,"Rain, Partially cloudy",Partly cloudy throughout the day with late afternoon rain.,rain,"96737099999,96741099999,WIII,96739099999,WIHH,96749099999,96751099999,96745099999,96749599999"
"-6.48193504748969,106.45661598101",2020-09-14,31.5,24.0,27.2,36.2,24.0,29.1,22.5,76.4,39.71,100,12.5,rain,0,0,,24.4,184.0,1010.6,59.3,5.3,262.7,22.6,9,,2020-09-14T05:47:52,2020-09-14T17:51:39,0.95,"Rain, Partially cloudy",Partly cloudy throughout the day with rain.,rain,"96737099999,96741099999,WIII,96739099999,WIHH,96749099999,96751099999,96745099999,96749599999"
"-6.48193504748969,106.45661598101",2020-09-15,31.8,24.0,26.9,36.1,24.0,28.7,23.1,80.6,14.77,100,20.83,rain,0,0,,16.9,177.3,1011.1,64.1,4.8,213.5,18.6,8,,2020-09-15T05:47:20,2020-09-15T17:51:28,0.98,"Rain, Partially cloudy",Partly cloudy throughout the day with a chance of rain throughout the day.,rain,"96737099999,96741099999,WIII,96739099999,WIHH,96749099999,96751099999,96745099999,96749599999"
"-6.48193504748969,106.45661598101",2020-09-16,31.8,23.0,27.3,34.5,23.0,28.6,21.2,71.6,0.04,100,8.33,rain,0,0,,17.3,187.5,1010.9,46.4,6.2,303.8,26.3,10,,2020-09-16T05:46:49,2020-09-16T17:51:17,1.0,"Rain, Partially cloudy",Partly cloudy throughout the day with late afternoon rain.,rain,"96737099999,96741099999,WIII,96739099999,WIHH,96749099999,96751099999,96745099999,96749599999"
"-6.48193504748969,106.45661598101",2020-09-17,32.4,23.0,27.7,34.9,23.0,29.1,21.2,69.4,0.87,100,12.5,rain,0,0,,21.7,122.0,1010.1,46.7,6.8,292.3,25.5,10,,2020-09-17T05:46:17,2020-09-17T17:51:06,0.0,"Rain, Partially cloudy",Partly cloudy throughout the day with rain.,rain,"96737099999,96741099999,WIII,96739099999,WIHH,96749099999,96751099999,96745099999,96749599999"
"-6.48193504748969,106.45661598101",2020-09-18,32.6,23.6,28.1,36.1,23.6,30.2,22.4,72.8,1.38,100,12.5,rain,0,0,,36.0,121.3,1009.4,42.4,6.2,279.1,24.0,10,,2020-09-18T05:45:45,2020-09-18T17:50:55,0.01,"Rain, Partially cloudy",Partly cloudy throughout the day with rain.,rain,"96737099999,96741099999,WIII,96739099999,WIHH,96749099999,96751099999,96745099999,96749599999"
"-6.48193504748969,106.45661598101",2020-09-19,33.7,24.5,28.9,37.2,24.5,31.0,22.1,68.6,0.0,0,0.0,,0,0,,33.5,118.6,1009.0,43.1,6.7,285.1,24.7,10,,2020-09-19T05:45:13,2020-09-19T17:50:44,0.03,Partially cloudy,Partly cloudy throughout the day.,partly-cloudy-day,"96737099999,96741099999,WIII,96739099999,WIHH,96749099999,96751099999,96745099999,96749599999"
"-6.48193504748969,106.45661598101",2020-09-20,28.0,23.9,25.6,31.9,23.9,26.5,22.8,85.0,34.99,100,16.67,rain,0,0,,22.3,138.7,1010.5,56.1,6.6,179.9,15.7,6,,2020-09-20T05:44:41,2020-09-20T17:50:33,0.07,"Rain, Partially cloudy",Partly cloudy throughout the day with rain in the morning and afternoon.,rain,"96737099999,96741099999,WIII,96739099999,96749099999,96751099999,96745099999"
"-6.48193504748969,106.45661598101",2020-09-21,32.0,22.7,26.9,36.8,22.7,29.1,22.8,80.0,35.02,100,12.5,rain,0,0,,21.6,180.1,1010.7,51.4,6.3,271.1,23.4,10,,2020-09-21T05:44:09,2020-09-21T17:50:23,0.11,"Rain, Partially cloudy",Partly cloudy throughout the day with rain.,rain,"96737099999,96741099999,WIII,96739099999,WIHH,96749099999,96751099999,96745099999,96749599999"
"-6.48193504748969,106.45661598101",2020-09-22,32.4,23.0,26.4,37.5,23.0,27.7,22.8,81.9,13.88,100,20.83,rain,0,0,,20.9,215.7,1011.1,54.8,6.3,87.8,7.5,3,,2020-09-22T05:43:37,2020-09-22T17:50:12,0.16,"Rain, Partially cloudy",Partly cloudy throughout the day with rain.,rain,"96737099999,96741099999,WIII,96739099999,WIHH,96749099999,96751099999,96745099999,96749599999"
"-6.48193504748969,106.45661598101",2020-09-23,33.3,23.2,27.5,39.2,23.2,29.9,22.7,76.7,0.07,100,4.17,rain,0,0,,17.7,142.2,1010.3,37.4,6.5,285.0,24.8,10,,2020-09-23T05:43:06,2020-09-23T17:50:02,0.22,"Rain, Partially cloudy",Partly cloudy throughout the day with late afternoon rain.,rain,"96737099999,96741099999,WIII,96739099999,WIHH,96749099999,96751099999,96745099999,96749599999"
"-6.48193504748969,106.45661598101",2020-09-24,33.1,23.5,28.2,39.4,23.5,30.9,23.0,74.5,0.0,0,0.0,,0,0,,17.2,213.4,1011.4,46.0,6.2,235.7,20.2,8,,2020-09-24T05:42:34,2020-09-24T17:49:51,0.27,Partially cloudy,Partly cloudy throughout the day.,partly-cloudy-day,"96737099999,96741099999,WIII,96739099999,WIHH,96749099999,96751099999,96745099999,96749599999"
"-6.48193504748969,106.45661598101",2020-09-25,33.4,24.3,28.6,37.5,24.3,30.8,22.8,72.8,0.06,100,4.17,rain,0,0,,22.8,129.9,1010.4,45.6,5.9,276.8,24.0,10,,2020-09-25T05:42:03,2020-09-25T17:49:41,0.33,"Rain, Partially cloudy",Partly cloudy throughout the day with morning rain.,rain,"96737099999,96741099999,WIII,96739099999,WIHH,96749099999,96751099999,96745099999,96749599999"
"-6.48193504748969,106.45661598101",2020-09-26,32.4,24.2,27.9,37.1,24.2,30.1,22.7,74.7,1.19,100,8.33,rain,0,0,,18.4,228.2,1010.5,49.8,5.8,230.9,19.8,8,,2020-09-26T05:41:31,2020-09-26T17:49:31,0.37,"Rain, Partially cloudy",Partly cloudy throughout the day with rain.,rain,"96737099999,96741099999,WIII,96739099999,WIHH,96749099999,96751099999,96745099999,96749599999"
"-6.48193504748969,106.45661598101",2020-09-27,32.4,23.8,27.5,36.9,23.8,29.4,22.5,75.4,9.18,100,20.83,rain,0,0,,17.3,225.9,1011.2,50.3,6.4,84.0,7.3,3,,2020-09-27T05:41:00,2020-09-27T17:49:21,0.41,"Rain, Partially cloudy",Partly cloudy throughout the day with rain.,rain,"96737099999,96741099999,WIII,96739099999,WIHH,96749099999,96751099999,96745099999,96749599999"
"-6.48193504748969,106.45661598101",2020-09-28,33.4,23.0,28.0,38.1,23.0,30.0,22.3,72.9,0.03,100,4.17,rain,0,0,29.5,20.2,160.4,1010.6,47.6,6.8,268.0,23.3,9,,2020-09-28T05:40:29,2020-09-28T17:49:12,0.45,"Rain, Partially cloudy",Partly cloudy throughout the day with late afternoon rain.,rain,"96737099999,96741099999,WIII,96739099999,WIHH,96749099999,96751099999,96745099999,96749599999"
"-6.48193504748969,106.45661598101",2020-09-29,32.6,23.7,28.2,36.3,23.7,29.9,21.8,70.1,0.0,0,0.0,,0,0,,18.2,159.3,1009.9,44.1,6.5,288.7,25.0,10,,2020-09-29T05:39:58,2020-09-29T17:49:02,0.47,Partially cloudy,Partly cloudy throughout the day.,partly-cloudy-day,"96737099999,96741099999,WIII,96739099999,WIHH,96749099999,96751099999,96745099999,96749599999"
"-6.48193504748969,106.45661598101",2020-09-30,33.4,23.7,28.8,38.8,23.7,31.2,22.4,69.5,0.0,0,0.0,,0,0,,28.8,129.8,1008.4,43.4,6.8,292.2,25.4,10,,2020-09-30T05:39:28,2020-09-30T17:48:53,0.49,Partially cloudy,Partly cloudy throughout the day.,partly-cloudy-day,"96737099999,96741099999,WIII,96739099999,WIHH,96749099999,96751099999,96745099999,96749599999"
"-6.48193504748969,106.45661598101",2020-10-01,34.0,24.8,28.8,39.1,24.8,31.4,23.1,72.7,0.0,0,0.0,,0,0,,29.6,160.5,1008.9,47.6,6.2,259.0,22.4,10,,2020-10-01T05:38:58,2020-10-01T17:48:45,0.5,Partially cloudy,Partly cloudy throughout the day.,partly-cloudy-day,"96737099999,96741099999,WIII,96739099999,WIHH,96749099999,96751099999,96745099999,96749599999"
"-6.48193504748969,106.45661598101",2020-10-02,33.0,24.5,27.7,38.5,24.5,29.5,22.9,76.6,22.61,100,12.5,rain,0,0,,21.7,214.2,1009.8,49.9,5.4,225.3,19.5,8,,2020-10-02T05:38:28,2020-10-02T17:48:36,0.5,"Rain, Partially cloudy",Partly cloudy throughout the day with rain.,rain,"96737099999,96741099999,WIII,96739099999,WIHH,96749099999,96751099999,96745099999,96749599999"
"-6.48193504748969,106.45661598101",2020-10-03,30.4,24.2,26.6,34.7,24.2,28.0,23.1,81.8,6.54,100,20.83,rain,0,0,,12.1,245.6,1011.2,63.1,5.7,203.2,17.6,8,,2020-10-03T05:37:58,2020-10-03T17:48:28,0.52,"Rain, Partially cloudy",Partly cloudy throughout the day with rain.,rain,"96737099999,96741099999,WIII,96739099999,WIHH,96749099999,96751099999,96745099999,96749599999"
"-6.48193504748969,106.45661598101",2020-10-04,33.0,23.7,27.5,37.0,23.7,29.7,22.8,76.8,9.48,100,8.33,rain,0,0,37.1,18.4,196.3,1010.1,56.0,5.7,263.1,22.6,9,,2020-10-04T05:37:29,2020-10-04T17:48:20,0.53,"Rain, Partially cloudy",Partly cloudy throughout the day with rain.,rain,"96737099999,96741099999,WIII,96739099999,WIHH,96749099999,96751099999,96745099999,96749599999"
"-6.48193504748969,106.45661598101",2020-10-05,32.5,22.8,27.6,35.8,22.8,29.5,21.4,70.6,22.33,100,12.5,rain,0,0,,18.4,168.5,1010.1,63.1,7.1,249.1,21.5,9,,2020-10-05T05:37:00,2020-10-05T17:48:12,0.56,"Rain, Partially cloudy",Partly cloudy throughout the day with rain clearing later.,rain,"96737099999,96741099999,WIII,96739099999,WIHH,96749099999,96751099999,96745099999,96749599999"
"-6.48193504748969,106.45661598101",2020-10-06,33.0,23.7,28.0,36.8,23.7,29.9,21.7,69.6,0.0,0,0.0,,0,0,,18.2,215.6,1009.5,51.0,7.0,283.6,24.5,10,,2020-10-06T05:36:32,2020-10-06T17:48:05,0.59,Partially cloudy,Partly cloudy throughout the day.,partly-cloudy-day,"96737099999,96741099999,WIII,96739099999,WIHH,96749099999,96751099999,96745099999,96749599999"
"-6.48193504748969,106.45661598101",2020-10-07,33.0,23.9,28.6,38.1,23.9,31.0,22.2,69.6,0.17,100,4.17,rain,0,0,,15.2,171.3,1008.4,40.1,7.7,270.1,23.4,9,,2020-10-07T05:36:03,2020-10-07T17:47:58,0.63,"Rain, Partially cloudy",Partly cloudy throughout the day with late afternoon rain.,rain,"96737099999,96741099999,WIII,96739099999,WIHH,96749099999,96751099999,96745099999,96749599999"
"-6.48193504748969,106.45661598101",2020-10-08,33.0,24.8,28.1,36.9,24.8,30.1,22.7,73.5,3.04,100,12.5,rain,0,0,,20.8,187.6,1008.4,54.8,6.4,259.4,22.4,9,,2020-10-08T05:35:36,2020-10-08T17:47:52,0.68,"Rain, Partially cloudy",Partly cloudy throughout the day with rain.,rain,"96737099999,96741099999,WIII,96739099999,WIHH,96749099999,96751099999,96745099999,96749599999"
"-6.48193504748969,106.45661598101",2020-10-09,30.4,24.4,27.2,34.7,24.4,29.3,23.3,79.7,18.38,100,25.0,rain,0,0,,18.0,214.2,1009.1,72.4,5.5,245.0,21.4,9,,2020-10-09T05:35:08,2020-10-09T17:47:46,0.73,"Rain, Partially cloudy",Partly cloudy throughout the day with a chance of rain throughout the day.,rain,"96737099999,96741099999,WIII,96739099999,WIHH,96749099999,96751099999,96745099999,96749599999"
"-6.48193504748969,106.45661598101",2020-10-10,32.0,24.0,27.4,36.8,24.0,29.5,23.2,78.8,9.66,100,8.33,rain,0,0,53.6,29.5,210.9,1008.8,63.4,5.5,177.3,15.2,7,,2020-10-10T05:34:42,2020-10-10T17:47:40,0.78,"Rain, Partially cloudy",Partly cloudy throughout the day with rain.,rain,"96737099999,96741099999,WIII,96739099999,WIHH,96749099999,96751099999,96745099999,96749599999"
"-6.48193504748969,106.45661598101",2020-10-11,31.8,24.1,27.7,36.8,24.1,30.2,23.5,79.1,5.24,100,16.67,rain,0,0,,17.6,212.9,1008.5,60.5,5.6,150.9,13.1,6,,2020-10-11T05:34:15,2020-10-11T17:47:35,0.83,"Rain, Partially cloudy",Partly cloudy throughout the day with a chance of rain throughout the day.,rain,"96737099999,96741099999,WIII,96739099999,WIHH,96749099999,96751099999,96745099999,96749599999"
"-6.48193504748969,106.45661598101",2020-10-12,33.4,24.0,28.3,37.5,24.0,30.4,22.5,72.9,0.0,0,0.0,,0,0,,14.5,186.5,1008.4,43.1,6.1,209.3,18.1,8,,2020-10-12T05:33:49,2020-10-12T17:47:30,0.88,Partially cloudy,Partly cloudy throughout the day.,partly-cloudy-day,"96737099999,96741099999,WIII,96739099999,WIHH,96749099999,96751099999,96745099999,96749599999"
"-6.48193504748969,106.45661598101",2020-10-13,33.0,24.4,28.5,37.4,24.4,31.2,22.9,72.7,0.08,100,4.17,rain,0,0,,17.3,161.5,1008.3,50.4,6.3,220.7,19.1,8,,2020-10-13T05:33:24,2020-10-13T17:47:26,0.93,"Rain, Partially cloudy",Partly cloudy throughout the day with late afternoon rain.,rain,"96737099999,96741099999,WIII,96739099999,WIHH,96749099999,96751099999,96745099999,96749599999"
"-6.48193504748969,106.45661598101",2020-10-14,33.4,24.6,28.6,38.2,24.6,31.2,23.2,73.9,10.66,100,4.17,rain,0,0,,30.2,213.3,1009.6,51.7,5.9,282.6,24.4,10,,2020-10-14T05:32:59,2020-10-14T17:47:23,0.96,"Rain, Partially cloudy",Partly cloudy throughout the day with afternoon rain.,rain,"96737099999,96741099999,WIII,96739099999,WIHH,96749099999,96751099999,96745099999,96749599999"
"-6.48193504748969,106.45661598101",2020-10-15,33.4,25.0,28.4,37.1,25.0,30.4,22.9,73.6,0.01,100,4.17,rain,0,0,,17.3,197.5,1009.3,50.5,6.5,190.6,16.7,7,,2020-10-15T05:32:35,2020-10-15T17:47:19,0.99,"Rain, Partially cloudy",Partly cloudy throughout the day with late afternoon rain.,rain,"96737099999,96741099999,WIII,96739099999,WIHH,96749099999,96751099999,96745099999,96749599999"
"-6.48193504748969,106.45661598101",2020-10-16,33.4,23.7,27.4,39.1,23.7,29.0,23.1,78.6,37.04,100,12.5,rain,0,0,33.5,18.1,162.3,1008.4,63.8,5.5,241.8,20.8,9,,2020-10-16T05:32:12,2020-10-16T17:47:17,1.0,"Rain, Partially cloudy",Partly cloudy throughout the day with rain.,rain,"96737099999,96741099999,WIII,96739099999,WIHH,96749099999,96751099999,96745099999,96749599999"
"-6.48193504748969,106.45661598101",2020-10-17,32.6,24.3,27.9,37.1,24.3,30.2,23.2,76.8,11.75,100,8.33,rain,0,0,,18.7,213.6,1008.3,51.7,6.6,249.4,21.6,9,,2020-10-17T05:31:49,2020-10-17T17:47:15,0.0,"Rain, Partially cloudy",Partly cloudy throughout the day with rain.,rain,"96737099999,96741099999,WIII,96739099999,WIHH,96749099999,96751099999,96745099999,96749599999"
"-6.48193504748969,106.45661598101",2020-10-18,32.0,25.1,28.1,36.8,25.1,30.5,23.2,75.7,0.59,100,8.33,rain,0,0,,16.6,126.6,1009.1,54.6,6.2,205.8,17.8,8,,2020-10-18T05:31:26,2020-10-18T17:47:13,0.02,"Rain, Partially cloudy",Partly cloudy throughout the day with late afternoon rain.,rain,"96737099999,96741099999,WIII,96739099999,WIHH,96749099999,96751099999,96745099999,96749599999"
"-6.48193504748969,106.45661598101",2020-10-19,32.4,24.4,27.0,37.3,24.4,28.7,23.1,80.2,37.34,100,16.67,rain,0,0,,17.3,179.0,1009.3,54.9,5.5,212.5,18.5,8,,2020-10-19T05:31:05,2020-10-19T17:47:12,0.05,"Rain, Partially cloudy",Partly cloudy throughout the day with rain.,rain,"96737099999,96741099999,WIII,96739099999,WIHH,96749099999,96751099999,96745099999,96749599999"
"-6.48193504748969,106.45661598101",2020-10-20,33.0,23.8,27.6,38.7,23.8,29.7,23.2,78.3,7.08,100,16.67,rain,0,0,,28.5,148.6,1009.2,52.8,5.7,68.9,6.0,2,,2020-10-20T05:30:44,2020-10-20T17:47:12,0.09,"Rain, Partially cloudy",Partly cloudy throughout the day with rain.,rain,"96737099999,96741099999,WIII,96739099999,WIHH,96749099999,96751099999,96745099999,96749599999"
"-6.48193504748969,106.45661598101",2020-10-21,32.6,24.3,26.9,37.2,24.3,28.7,23.4,82.2,11.98,100,25.0,rain,0,0,42.5,21.7,170.1,1009.5,58.0,5.3,97.6,8.6,3,,2020-10-21T05:30:23,2020-10-21T17:47:12,0.14,"Rain, Partially cloudy",Partly cloudy throughout the day with a chance of rain throughout the day.,rain,"96737099999,96741099999,WIII,96739099999,WIHH,96749099999,96751099999,96745099999,96749599999"
"-6.48193504748969,106.45661598101",2020-10-22,32.7,24.2,28.0,37.7,24.2,30.3,22.8,74.4,5.34,100,20.83,rain,0,0,,28.2,230.9,1009.7,56.7,7.2,162.7,14.1,6,,2020-10-22T05:30:04,2020-10-22T17:47:13,0.2,"Rain, Partially cloudy",Partly cloudy throughout the day with a chance of rain throughout the day.,rain,"96737099999,96741099999,WIII,96739099999,WIHH,96749099999,96751099999,96745099999,96749599999"
"-6.48193504748969,106.45661598101",2020-10-23,33.2,25.4,28.8,37.8,25.4,31.4,22.4,69.5,0.17,100,4.17,rain,0,0,40.7,31.7,249.8,1009.5,49.6,7.8,162.4,14.0,6,,2020-10-23T05:29:45,2020-10-23T17:47:15,0.25,"Rain, Partially cloudy",Partly cloudy throughout the day with afternoon rain.,rain,"96737099999,96741099999,WIII,96739099999,WIHH,96749099999,96751099999,96745099999,96749599999"
"-6.48193504748969,106.45661598101",2020-10-24,33.0,23.8,27.9,37.5,23.8,30.1,22.7,74.1,5.09,100,16.67,rain,0,0,,18.4,210.7,1010.1,56.7,7.0,161.3,14.0,6,,2020-10-24T05:29:27,2020-10-24T17:47:17,0.3,"Rain, Partially cloudy",Partly cloudy throughout the day with rain.,rain,"96737099999,96741099999,WIII,96739099999,WIHH,96749099999,96751099999,96745099999,96749599999"
"-6.48193504748969,106.45661598101",2020-10-25,32.0,24.2,27.0,36.9,24.2,28.6,23.1,80.3,23.21,100,16.67,rain,0,0,,16.6,233.4,1010.6,60.0,6.4,88.5,7.6,3,,2020-10-25T05:29:10,2020-10-25T17:47:20,0.35,"Rain, Partially cloudy",Partly cloudy throughout the day with rain.,rain,"96737099999,96741099999,WIII,96739099999,WIHH,96749099999,96751099999,96745099999,96749599999"
"-6.48193504748969,106.45661598101",2020-10-26,32.4,23.4,26.0,37.5,23.4,27.3,23.0,84.6,70.69,100,12.5,rain,0,0,48.2,28.8,221.6,1009.8,55.4,5.6,107.3,9.5,4,,2020-10-26T05:28:53,2020-10-26T17:47:24,0.39,"Rain, Partially cloudy",Partly cloudy throughout the day with rain.,rain,"96737099999,96741099999,WIII,96739099999,WIHH,96749099999,96751099999,96745099999,96749599999"
"-6.48193504748969,106.45661598101",2020-10-27,31.0,23.9,26.3,36.5,23.9,27.7,23.1,83.5,10.18,100,20.83,rain,0,0,,20.5,222.8,1010.0,59.0,6.3,117.9,10.1,4,,2020-10-27T05:28:37,2020-10-27T17:47:28,0.43,"Rain, Partially cloudy",Partly cloudy throughout the day with a chance of rain throughout the day.,rain,"96737099999,96741099999,WIII,96739099999,WIHH,96749099999,96751099999,96745099999,96749599999"
"-6.48193504748969,106.45661598101",2020-10-28,32.6,23.9,28.0,37.1,23.9,30.3,23.0,75.8,1.57,100,12.5,rain,0,0,,14.8,167.4,1010.4,53.1,6.4,195.2,16.9,6,,2020-10-28T05:28:23,2020-10-28T17:47:33,0.46,"Rain, Partially cloudy",Partly cloudy throughout the day with rain.,rain,"96737099999,96741099999,WIII,96739099999,WIHH,96749099999,96751099999,96745099999,96749599999"
"-6.48193504748969,106.45661598101",2020-10-29,33.0,24.3,28.7,39.3,24.3,32.1,23.7,75.0,0.37,100,4.17,rain,0,0,33.5,24.1,116.6,1010.2,47.1,7.0,115.4,10.2,5,,2020-10-29T05:28:09,2020-10-29T17:47:39,0.48,"Rain, Partially cloudy",Partly cloudy throughout the day with early morning rain.,rain,"96737099999,96741099999,WIII,96739099999,WIHH,96749099999,96751099999,96745099999,96749599999"
"-6.48193504748969,106.45661598101",2020-10-30,32.0,25.2,27.9,37.9,25.2,30.2,23.5,77.9,9.34,100,25.0,rain,0,0,,33.5,137.6,1010.6,49.0,7.3,187.4,16.1,7,,2020-10-30T05:27:55,2020-10-30T17:47:45,0.49,"Rain, Partially cloudy",Partly cloudy throughout the day with a chance of rain throughout the day.,rain,"96737099999,96741099999,WIII,96739099999,96749099999,96751099999,96745099999"
"-6.48193504748969,106.45661598101",2020-10-31,32.0,23.9,26.8,36.8,23.9,28.0,23.0,81.2,7.77,100,12.5,rain,0,0,,18.4,207.3,1010.6,53.4,6.4,120.0,10.1,4,,2020-10-31T05:27:43,2020-10-31T17:47:52,0.5,"Rain, Partially cloudy",Partly cloudy throughout the day with rain.,rain,"96737099999,96741099999,WIII,96739099999,96749099999,96751099999,96745099999"
"-6.48193504748969,106.45661598101",2020-11-01,32.0,24.7,26.5,37.9,24.7,27.7,23.5,84.5,2.55,100,8.33,rain,0,0,38.9,24.1,232.4,1010.1,59.2,6.3,267.1,23.1,9,,2020-11-01T05:27:32,2020-11-01T17:48:00,0.51,"Rain, Partially cloudy",Partly cloudy throughout the day with afternoon rain.,rain,"96737099999,96741099999,WIII,96739099999,96749099999,96751099999,remote,96745099999"
"-6.48193504748969,106.45661598101",2020-11-02,31.0,24.7,26.7,35.5,24.7,28.2,23.0,80.4,1.26,100,12.5,rain,0,0,,27.7,239.8,1010.8,59.9,8.4,290.3,25.0,10,,2020-11-02T05:27:21,2020-11-02T17:48:08,0.52,"Rain, Partially cloudy",Partly cloudy throughout the day with rain clearing later.,rain,"96737099999,96741099999,WIII,96739099999,96749099999,96751099999,96745099999"
"-6.48193504748969,106.45661598101",2020-11-03,32.0,24.0,27.4,36.0,24.0,29.1,22.6,76.6,11.06,100,8.33,rain,0,0,,18.4,221.5,1011.2,57.7,6.8,277.8,24.0,9,,2020-11-03T05:27:11,2020-11-03T17:48:18,0.54,"Rain, Partially cloudy",Partly cloudy throughout the day with rain.,rain,"96737099999,96741099999,WIII,96739099999,96749099999,96751099999,96745099999"
"-6.48193504748969,106.45661598101",2020-11-04,32.0,23.8,27.5,36.8,23.8,29.6,22.9,77.2,3.2,100,8.33,rain,0,0,,16.6,187.2,1011.4,52.9,7.1,223.7,19.4,8,,2020-11-04T05:27:03,2020-11-04T17:48:28,0.57,"Rain, Partially cloudy",Partly cloudy throughout the day with rain.,rain,"96737099999,96741099999,WIII,96739099999,96749099999,96751099999,96745099999"
"-6.48193504748969,106.45661598101",2020-11-05,28.2,24.0,26.0,32.3,24.0,27.3,23.2,85.2,6.32,100,12.5,rain,0,0,,14.8,174.6,1011.7,64.7,5.1,114.6,10.0,4,,2020-11-05T05:26:55,2020-11-05T17:48:38,0.61,"Rain, Partially cloudy",Partly cloudy throughout the day with rain in the morning and afternoon.,rain,"96737099999,96741099999,WIII,96739099999,96749099999,96751099999,96745099999"
"-6.48193504748969,106.45661598101",2020-11-06,30.3,24.0,26.3,35.7,24.0,27.7,23.9,87.0,9.42,100,12.5,rain,0,0,35.3,16.6,206.1,1011.7,70.7,4.9,180.7,15.8,6,,2020-11-06T05:26:48,2020-11-06T17:48:50,0.65,"Rain, Partially cloudy",Partly cloudy throughout the day with rain.,rain,"96737099999,96741099999,WIII,96739099999,96749099999,96751099999,96745099999"
"-6.48193504748969,106.45661598101",2020-11-07,32.2,23.5,27.2,39.2,23.5,29.6,23.6,81.6,17.85,100,4.17,rain,0,0,,27.7,140.8,1010.7,52.8,6.5,202.2,17.3,7,,2020-11-07T05:26:42,2020-11-07T17:49:02,0.7,"Rain, Partially cloudy",Partly cloudy throughout the day with late afternoon rain.,rain,"96737099999,96741099999,WIII,96739099999,96749099999,96751099999,96745099999"
"-6.48193504748969,106.45661598101",2020-11-08,32.0,24.2,27.4,36.8,24.2,29.3,22.9,77.5,31.5,100,8.33,rain,0,0,,18.4,165.0,1010.7,54.0,5.5,134.0,11.6,5,,2020-11-08T05:26:37,2020-11-08T17:49:15,0.75,"Rain, Partially cloudy",Partly cloudy throughout the day with rain.,rain,"96737099999,96741099999,WIII,96739099999,96749099999,96751099999,96745099999"
"-6.48193504748969,106.45661598101",2020-11-09,33.4,23.3,28.3,37.2,23.3,30.8,22.3,71.4,0.0,0,0.0,,0,0,,22.8,132.2,1010.2,45.6,6.5,176.2,15.2,6,,2020-11-09T05:26:33,2020-11-09T17:49:29,0.8,Partially cloudy,Partly cloudy throughout the day.,partly-cloudy-day,"96737099999,96741099999,WIII,96739099999,WIHH,96749099999,96751099999,96745099999,96749599999"
"-6.48193504748969,106.45661598101",2020-11-10,32.0,25.0,27.8,37.0,25.0,30.4,23.5,78.2,13.8,100,12.5,rain,0,0,,17.6,205.0,1009.9,54.3,5.3,212.5,18.6,8,,2020-11-10T05:26:30,2020-11-10T17:49:43,0.86,"Rain, Partially cloudy",Partly cloudy throughout the day with rain.,rain,"96737099999,96741099999,WIII,96739099999,WIHH,96749099999,96751099999,96745099999,96749599999"
"-6.48193504748969,106.45661598101",2020-11-11,32.8,24.2,28.4,39.0,24.2,31.2,23.2,74.5,2.28,100,8.33,rain,0,0,,17.3,132.2,1010.0,51.5,6.3,300.9,26.0,10,,2020-11-11T05:26:29,2020-11-11T17:49:59,0.91,"Rain, Partially cloudy",Partly cloudy throughout the day with late afternoon rain.,rain,"96737099999,96741099999,WIII,96739099999,WIHH,96749099999,96751099999,96745099999,96749599999"
"-6.48193504748969,106.45661598101",2020-11-12,33.0,25.3,28.7,39.6,25.3,32.0,24.0,76.7,1.12,100,20.83,rain,0,0,,19.6,128.7,1010.0,59.0,5.9,91.1,8.0,4,,2020-11-12T05:26:28,2020-11-12T17:50:15,0.95,"Rain, Partially cloudy",Partly cloudy throughout the day with a chance of rain throughout the day.,rain,"96737099999,96741099999,WIII,96739099999,WIHH,96749099999,96751099999,96745099999,96749599999"
"-6.48193504748969,106.45661598101",2020-11-13,33.4,25.7,29.6,39.0,25.7,33.4,23.7,72.3,1.86,100,8.33,rain,0,0,,22.0,84.9,1008.9,50.6,6.4,259.4,22.4,9,,2020-11-13T05:26:28,2020-11-13T17:50:31,0.98,"Rain, Partially cloudy",Partly cloudy throughout the day with rain.,rain,"96737099999,96741099999,WIII,96739099999,WIHH,96749099999,96751099999,96745099999,96749599999"
"-6.48193504748969,106.45661598101",2020-11-14,33.4,25.5,29.1,40.3,25.5,32.8,23.9,74.5,2.78,100,12.5,rain,0,0,,18.1,165.6,1008.9,51.7,6.7,150.7,13.0,5,,2020-11-14T05:26:28,2020-11-14T17:50:49,1.0,"Rain, Partially cloudy",Partly cloudy throughout the day with rain.,rain,"96737099999,96741099999,WIII,96739099999,WIHH,96749099999,96751099999,96745099999,96749599999"
"-6.48193504748969,106.45661598101",2020-11-15,33.4,25.6,29.0,38.8,25.6,32.0,23.3,72.2,1.08,100,8.33,rain,0,0,35.3,27.7,103.3,1009.5,54.8,7.1,85.0,7.4,3,,2020-11-15T05:26:30,2020-11-15T17:51:07,0.0,"Rain, Partially cloudy",Partly cloudy throughout the day with rain clearing later.,rain,"96737099999,96741099999,WIII,96739099999,WIHH,96749099999,96751099999,96745099999,96749599999"
"-6.48193504748969,106.45661598101",2020-11-16,33.6,25.8,28.7,39.0,25.8,31.7,23.6,75.1,4.95,100,16.67,rain,0,0,44.6,21.2,111.4,1009.3,52.3,6.7,127.8,10.9,4,,2020-11-16T05:26:33,2020-11-16T17:51:26,0.01,"Rain, Partially cloudy",Partly cloudy throughout the day with a chance of rain throughout the day.,rain,"96737099999,96741099999,WIII,96739099999,WIHH,96749099999,96751099999,96745099999,96749599999"
"-6.48193504748969,106.45661598101",2020-11-17,31.8,24.8,28.0,38.2,24.8,30.9,23.6,77.8,0.84,100,4.17,rain,0,0,,14.8,217.9,1008.4,52.8,5.7,126.4,10.8,5,,2020-11-17T05:26:37,2020-11-17T17:51:45,0.04,"Rain, Partially cloudy",Partly cloudy throughout the day with late afternoon rain.,rain,"96737099999,96741099999,WIII,96739099999,WIHH,96749099999,96751099999,96745099999,96749599999"
"-6.48193504748969,106.45661598101",2020-11-18,32.0,24.8,27.9,37.2,24.8,30.1,23.2,76.6,5.65,100,12.5,rain,0,0,,15.8,174.4,1008.1,55.6,5.8,226.6,19.6,8,,2020-11-18T05:26:42,2020-11-18T17:52:05,0.07,"Rain, Partially cloudy",Partly cloudy throughout the day with rain.,rain,"96737099999,96741099999,WIII,96739099999,WIHH,96749099999,96751099999,96745099999,96749599999"
"-6.48193504748969,106.45661598101",2020-11-19,33.4,24.2,28.3,39.3,24.2,31.1,23.4,76.5,0.09,100,8.33,rain,0,0,31.7,28.3,141.1,1008.4,51.3,5.9,194.6,16.9,7,,2020-11-19T05:26:48,2020-11-19T17:52:26,0.12,"Rain, Partially cloudy",Partly cloudy throughout the day with rain.,rain,"96737099999,96741099999,WIII,96739099999,WIHH,96749099999,96751099999,96745099999,96749599999"
"-6.48193504748969,106.45661598101",2020-11-20,32.6,25.4,28.2,40.4,25.4,31.2,23.9,78.1,2.06,100,8.33,rain,0,0,,20.7,162.3,1008.6,55.0,6.6,114.8,9.9,4,,2020-11-20T05:26:55,2020-11-20T17:52:48,0.17,"Rain, Partially cloudy",Partly cloudy throughout the day with rain in the morning and afternoon.,rain,"96737099999,96741099999,WIII,WIHH,96739099999,96749099999,96751099999,96749599999,96745099999"
"-6.48193504748969,106.45661598101",2020-11-21,32.6,24.0,27.7,37.9,24.0,30.1,23.4,78.6,1.19,100,8.33,rain,0,0,,22.8,145.4,1008.6,48.2,6.2,77.2,6.7,3,,2020-11-21T05:27:03,2020-11-21T17:53:10,0.22,"Rain, Partially cloudy",Partly cloudy throughout the day with afternoon rain.,rain,"96737099999,96741099999,WIII,96739099999,WIHH,96749099999,96751099999,96745099999,96749599999"
"-6.48193504748969,106.45661598101",2020-11-22,31.2,24.6,27.3,36.1,24.6,29.5,23.5,80.4,6.96,100,16.67,rain,0,0,,16.9,198.1,1009.7,54.4,6.0,109.4,9.4,4,,2020-11-22T05:27:12,2020-11-22T17:53:33,0.27,"Rain, Partially cloudy",Partly cloudy throughout the day with rain.,rain,"96737099999,96741099999,WIII,96739099999,WIHH,96749099999,96751099999,96745099999,96749599999"
"-6.48193504748969,106.45661598101",2020-11-23,31.0,24.7,26.5,36.1,24.7,27.5,23.4,83.3,21.62,100,25.0,rain,0,0,,20.2,237.4,1010.3,63.9,5.5,84.7,7.3,3,,2020-11-23T05:27:22,2020-11-23T17:53:56,0.31,"Rain, Partially cloudy",Partly cloudy throughout the day with a chance of rain throughout the day.,rain,"96737099999,96741099999,WIII,96739099999,WIHH,96749099999,96751099999,96745099999,96749599999"
"-6.48193504748969,106.45661598101",2020-11-24,33.4,24.2,27.4,37.1,24.2,29.1,22.7,77.0,6.4,100,20.83,rain,0,0,42.5,22.3,221.7,1009.2,60.4,7.0,203.3,17.5,7,,2020-11-24T05:27:33,2020-11-24T17:54:20,0.36,"Rain, Partially cloudy",Partly cloudy throughout the day with a chance of rain throughout the day.,rain,"96737099999,96741099999,WIII,96739099999,WIHH,96749099999,96751099999,96745099999,96749599999"
"-6.48193504748969,106.45661598101",2020-11-25,34.0,24.0,27.9,38.8,24.0,30.0,22.9,75.9,3.99,100,8.33,rain,0,0,,27.1,232.8,1008.1,62.1,7.5,191.5,16.5,7,,2020-11-25T05:27:44,2020-11-25T17:54:45,0.4,"Rain, Partially cloudy",Partly cloudy throughout the day with rain.,rain,"96737099999,96741099999,WIII,96739099999,WIHH,96749099999,96751099999,96745099999,96749599999"
"-6.48193504748969,106.45661598101",2020-11-26,33.6,24.2,28.3,38.8,24.2,30.5,22.7,73.4,0.0,0,0.0,,0,0,,24.6,228.2,1008.5,52.2,7.1,210.0,18.0,6,,2020-11-26T05:27:57,2020-11-26T17:55:10,0.43,Partially cloudy,Partly cloudy throughout the day.,partly-cloudy-day,"96737099999,96741099999,WIII,96739099999,WIHH,96749099999,96751099999,96745099999,96749599999"
"-6.48193504748969,106.45661598101",2020-11-27,34.0,24.0,28.1,36.2,24.0,29.5,22.0,71.9,1.67,100,12.5,rain,0,0,,21.7,218.6,1008.9,56.4,7.1,273.1,23.6,9,,2020-11-27T05:28:11,2020-11-27T17:55:35,0.46,"Rain, Partially cloudy",Partly cloudy throughout the day with rain.,rain,"96737099999,96741099999,WIII,96739099999,WIHH,96749099999,96751099999,96745099999,96749599999"
"-6.48193504748969,106.45661598101",2020-11-28,33.6,24.0,28.0,37.1,24.0,29.9,22.3,72.7,1.49,100,16.67,rain,0,0,37.1,22.9,210.0,1009.2,59.5,7.0,270.1,23.4,9,,2020-11-28T05:28:25,2020-11-28T17:56:02,0.48,"Rain, Partially cloudy",Partly cloudy throughout the day with rain.,rain,"96737099999,96741099999,WIII,96739099999,WIHH,96749099999,96751099999,96745099999,96749599999"
"-6.48193504748969,106.45661598101",2020-11-29,32.2,24.0,27.0,36.8,24.0,28.4,22.7,78.2,7.23,100,16.67,rain,0,0,61.2,38.7,248.5,1009.6,72.1,7.0,154.7,13.3,6,,2020-11-29T05:28:41,2020-11-29T17:56:28,0.5,"Rain, Partially cloudy",Partly cloudy throughout the day with rain.,rain,"96737099999,96741099999,WIII,96739099999,WIHH,96749099999,96751099999,96745099999,96749599999"
"-6.48193504748969,106.45661598101",2020-11-30,31.0,23.0,26.1,35.5,23.0,27.0,22.5,81.4,6.64,100,29.17,rain,0,0,33.5,34.5,244.5,1009.6,60.5,6.7,138.6,11.8,5,,2020-11-30T05:28:57,2020-11-30T17:56:55,0.5,"Rain, Partially cloudy",Partly cloudy throughout the day with a chance of rain throughout the day.,rain,"96737099999,96741099999,WIII,96739099999,WIHH,96749099999,96751099999,96745099999,96749599999"
"-6.48193504748969,106.45661598101",2020-12-01,32.6,24.3,27.9,37.1,24.3,30.0,22.4,73.3,1.24,100,16.67,rain,0,0,,43.7,240.5,1009.3,49.6,7.7,170.6,14.9,6,,2020-12-01T05:29:14,2020-12-01T17:57:23,0.51,"Rain, Partially cloudy",Partly cloudy throughout the day with a chance of rain throughout the day.,rain,"96737099999,96741099999,WIII,96739099999,WIHH,96749099999,96751099999,96745099999,96749599999"
"-6.48193504748969,106.45661598101",2020-12-02,34.4,24.5,28.4,39.9,24.5,30.8,23.0,73.7,9.59,100,12.5,rain,0,0,,19.2,259.2,1008.2,51.2,8.2,228.5,19.7,7,,2020-12-02T05:29:32,2020-12-02T17:57:51,0.53,"Rain, Partially cloudy",Partly cloudy throughout the day with rain.,rain,"96737099999,96741099999,WIII,96739099999,WIHH,96749099999,96751099999,96745099999,96749599999"
"-6.48193504748969,106.45661598101",2020-12-03,30.4,23.1,26.2,34.3,23.1,27.5,23.0,83.0,23.74,100,20.83,rain,0,0,,14.8,243.8,1009.2,73.0,6.3,105.8,9.1,3,,2020-12-03T05:29:51,2020-12-03T17:58:19,0.55,"Rain, Partially cloudy",Partly cloudy throughout the day with rain.,rain,"96737099999,96741099999,WIII,96739099999,WIHH,96749099999,96751099999,96745099999,96749599999"
"-6.48193504748969,106.45661598101",2020-12-04,32.0,24.5,27.3,36.8,24.5,29.3,23.2,79.0,5.87,100,12.5,rain,0,0,,21.2,249.0,1008.6,58.4,6.8,177.9,15.2,6,,2020-12-04T05:30:10,2020-12-04T17:58:48,0.58,"Rain, Partially cloudy",Partly cloudy throughout the day with rain.,rain,"96737099999,96741099999,WIII,96739099999,WIHH,96749099999,96751099999,96745099999,96749599999"
"-6.48193504748969,106.45661598101",2020-12-05,30.0,24.8,26.4,33.6,24.8,27.6,22.9,81.3,15.89,100,29.17,rain,0,0,29.5,24.4,249.0,1008.3,69.9,6.3,161.8,13.8,6,,2020-12-05T05:30:31,2020-12-05T17:59:17,0.62,"Rain, Partially cloudy",Partly cloudy throughout the day with a chance of rain throughout the day.,rain,"96737099999,96741099999,WIII,96739099999,WIHH,96749099999,96751099999,96745099999,96749599999"
"-6.48193504748969,106.45661598101",2020-12-06,27.6,24.0,25.4,31.5,24.0,25.9,23.5,89.4,33.72,100,33.33,rain,0,0,,20.0,256.6,1008.3,73.4,5.0,180.9,15.7,6,,2020-12-06T05:30:52,2020-12-06T17:59:46,0.67,"Rain, Partially cloudy",Partly cloudy throughout the day with a chance of rain throughout the day.,rain,"96737099999,96741099999,WIII,96739099999,WIHH,96749099999,96751099999,96745099999,96749599999"
"-6.48193504748969,106.45661598101",2020-12-07,28.9,23.4,25.3,33.4,23.4,26.0,23.3,88.9,35.59,100,33.33,rain,0,0,55.4,32.9,255.1,1009.4,75.0,5.6,238.2,20.5,8,,2020-12-07T05:31:14,2020-12-07T18:00:15,0.73,"Rain, Partially cloudy",Partly cloudy throughout the day with a chance of rain throughout the day.,rain,"96737099999,96741099999,WIII,96739099999,WIHH,96749099999,96751099999,96745099999,96749599999"
"-6.48193504748969,106.45661598101",2020-12-08,30.6,24.6,27.2,35.7,24.6,29.0,23.6,81.8,12.56,100,29.17,rain,0,0,51.8,31.1,263.2,1008.7,64.7,6.6,236.4,20.6,8,,2020-12-08T05:31:37,2020-12-08T18:00:45,0.78,"Rain, Partially cloudy",Partly cloudy throughout the day with a chance of rain throughout the day.,rain,"96737099999,96741099999,WIII,96739099999,WIHH,96749099999,96751099999,96745099999,96749599999"
"-6.48193504748969,106.45661598101",2020-12-09,31.7,25.0,27.5,36.3,25.0,29.6,23.0,77.2,7.1,100,29.17,rain,0,0,51.8,29.6,261.2,1007.8,59.7,7.6,213.0,18.6,7,,2020-12-09T05:32:00,2020-12-09T18:01:15,0.84,"Rain, Partially cloudy",Partly cloudy throughout the day with a chance of rain throughout the day.,rain,"96737099999,96741099999,WIII,96739099999,WIHH,96749099999,96751099999,96745099999,96749599999"
"-6.48193504748969,106.45661598101",2020-12-10,31.0,24.8,27.1,35.1,24.8,28.7,23.0,79.3,1.66,100,20.83,rain,0,0,,22.3,268.7,1008.4,65.2,7.3,129.5,11.1,5,,2020-12-10T05:32:24,2020-12-10T18:01:45,0.89,"Rain, Partially cloudy",Partly cloudy throughout the day with rain.,rain,"96737099999,96741099999,WIII,96739099999,WIHH,96749099999,96751099999,96745099999,96749599999"
"-6.48193504748969,106.45661598101",2020-12-11,31.0,24.7,27.1,35.1,24.7,29.0,23.3,80.3,2.4,100,16.67,rain,0,0,,14.8,266.6,1009.0,63.2,6.7,174.5,15.3,5,,2020-12-11T05:32:49,2020-12-11T18:02:16,0.94,"Rain, Partially cloudy",Partly cloudy throughout the day with rain.,rain,"96737099999,96741099999,WIII,96739099999,WIHH,96749099999,96751099999,96745099999,96749599999"
"-6.48193504748969,106.45661598101",2020-12-12,30.6,23.9,27.0,34.1,23.9,28.9,22.7,77.9,0.5,100,12.5,rain,0,0,,22.0,251.3,1008.7,58.5,7.3,150.1,12.8,5,,2020-12-12T05:33:14,2020-12-12T18:02:46,0.97,"Rain, Partially cloudy",Partly cloudy throughout the day with rain.,rain,"96737099999,96741099999,WIII,96739099999,WIHH,96749099999,96751099999,96745099999,96749599999"
"-6.48193504748969,106.45661598101",2020-12-13,29.0,24.6,26.7,32.7,24.6,28.3,23.0,80.4,0.74,100,12.5,rain,0,0,,16.9,244.6,1008.8,66.0,7.0,109.2,9.3,4,,2020-12-13T05:33:40,2020-12-13T18:03:16,1.0,"Rain, Partially cloudy",Partly cloudy throughout the day with a chance of rain throughout the day.,rain,"96737099999,96741099999,WIII,96739099999,WIHH,96749099999,96751099999,96745099999,96749599999"
"-6.48193504748969,106.45661598101",2020-12-14,31.2,24.5,26.8,35.7,24.5,28.4,22.9,79.5,1.73,100,25.0,rain,0,0,,24.8,250.7,1009.2,58.8,7.7,110.0,9.3,4,,2020-12-14T05:34:06,2020-12-14T18:03:47,1.0,"Rain, Partially cloudy",Partly cloudy throughout the day with a chance of rain throughout the day.,rain,"96737099999,96741099999,WIII,96739099999,WIHH,96749099999,96751099999,96745099999,96749599999"
"-6.48193504748969,106.45661598101",2020-12-15,31.6,24.6,27.4,36.2,24.6,29.3,22.7,76.3,1.65,100,20.83,rain,0,0,,30.4,256.7,1009.7,60.2,7.1,164.9,14.2,6,,2020-12-15T05:34:33,2020-12-15T18:04:17,0.0,"Rain, Partially cloudy",Partly cloudy throughout the day with rain.,rain,"96737099999,96741099999,WIII,96739099999,WIHH,96749099999,96751099999,96745099999,96749599999"
"-6.48193504748969,106.45661598101",2020-12-16,32.6,24.0,27.1,37.1,24.0,28.9,22.7,77.4,0.63,100,25.0,rain,0,0,38.9,29.4,255.3,1009.4,63.5,7.6,137.1,11.8,5,,2020-12-16T05:35:01,2020-12-16T18:04:48,0.02,"Rain, Partially cloudy",Partly cloudy throughout the day with a chance of rain throughout the day.,rain,"96737099999,96741099999,WIII,96739099999,WIHH,96749099999,96751099999,96745099999,96749599999"
"-6.48193504748969,106.45661598101",2020-12-17,31.0,23.6,26.8,34.7,23.6,28.4,22.9,79.9,4.91,100,20.83,rain,0,0,,31.6,250.5,1008.8,61.7,7.1,91.5,7.7,3,,2020-12-17T05:35:29,2020-12-17T18:05:18,0.05,"Rain, Partially cloudy",Partly cloudy throughout the day with a chance of rain throughout the day.,rain,"96737099999,96741099999,WIII,96739099999,WIHH,96749099999,96751099999,96745099999,96749599999"
"-6.48193504748969,106.45661598101",2020-12-18,31.4,24.2,26.8,36.7,24.2,28.5,22.8,79.0,2.79,100,29.17,rain,0,0,37.1,22.8,270.1,1008.4,57.9,7.6,271.3,23.4,9,,2020-12-18T05:35:57,2020-12-18T18:05:49,0.09,"Rain, Partially cloudy",Partly cloudy throughout the day with a chance of rain throughout the day.,rain,"96737099999,96741099999,WIII,96739099999,WIHH,96749099999,96751099999,96745099999,96749599999"
"-6.48193504748969,106.45661598101",2020-12-19,30.3,24.4,27.1,35.8,24.4,29.1,22.9,78.3,0.72,100,12.5,rain,0,0,42.5,23.8,274.2,1008.5,52.4,7.5,284.7,24.5,9,,2020-12-19T05:36:26,2020-12-19T18:06:19,0.13,"Rain, Partially cloudy",Partly cloudy throughout the day with a chance of rain throughout the day.,rain,"96737099999,96741099999,WIII,96739099999,WIHH,96749099999,96751099999,96745099999,96749599999"
"-6.48193504748969,106.45661598101",2020-12-20,28.4,24.0,25.8,32.3,24.0,26.8,22.9,84.6,4.91,100,25.0,rain,0,0,,22.3,266.1,1009.4,60.2,6.4,292.6,25.2,9,,2020-12-20T05:36:55,2020-12-20T18:06:49,0.18,"Rain, Partially cloudy",Partly cloudy throughout the day with rain.,rain,"96737099999,96741099999,WIII,WIHH,96739099999,96749099999,96751099999,96749599999,96745099999"
"-6.48193504748969,106.45661598101",2020-12-21,29.0,23.9,26.0,33.2,23.9,27.1,22.7,82.5,7.79,100,29.17,rain,0,0,,25.2,248.7,1009.2,60.0,7.1,141.2,12.2,5,,2020-12-21T05:37:24,2020-12-21T18:07:19,0.23,"Rain, Partially cloudy",Partly cloudy throughout the day with a chance of rain throughout the day.,rain,"96737099999,96741099999,WIII,96739099999,WIHH,96749099999,96751099999,96745099999,96749599999"
"-6.48193504748969,106.45661598101",2020-12-22,31.0,24.3,27.1,35.1,24.3,29.0,22.7,77.4,2.32,100,25.0,rain,0,0,37.1,20.5,268.4,1008.8,53.0,7.4,221.7,19.1,7,,2020-12-22T05:37:54,2020-12-22T18:07:48,0.28,"Rain, Partially cloudy",Partly cloudy throughout the day with a chance of rain throughout the day.,rain,"96737099999,96741099999,WIII,96739099999,WIHH,96749099999,96751099999,96745099999,96749599999"
"-6.48193504748969,106.45661598101",2020-12-23,33.0,23.3,27.7,38.9,23.3,29.6,22.2,73.6,0.0,0,0.0,,0,0,44.6,24.8,254.9,1007.7,48.9,7.2,259.8,22.3,8,,2020-12-23T05:38:24,2020-12-23T18:08:18,0.32,Partially cloudy,Partly cloudy throughout the day.,partly-cloudy-day,"96737099999,96741099999,WIII,96739099999,WIHH,96749099999,96751099999,96745099999,96749599999"
"-6.48193504748969,106.45661598101",2020-12-24,32.4,24.0,27.1,38.0,24.0,28.5,22.2,75.4,0.44,100,8.33,rain,0,0,38.9,32.1,256.6,1008.1,58.1,7.5,258.2,22.3,8,,2020-12-24T05:38:54,2020-12-24T18:08:47,0.37,"Rain, Partially cloudy",Partly cloudy throughout the day with rain in the morning and afternoon.,rain,"96737099999,96741099999,WIII,96739099999,WIHH,96749099999,96751099999,96745099999,96749599999"
"-6.48193504748969,106.45661598101",2020-12-25,33.0,24.5,27.9,36.3,24.5,29.8,22.0,71.7,1.25,100,25.0,rain,0,0,37.1,28.8,249.2,1008.5,55.6,7.7,180.0,15.5,7,,2020-12-25T05:39:25,2020-12-25T18:09:16,0.4,"Rain, Partially cloudy",Partly cloudy throughout the day with a chance of rain throughout the day.,rain,"96737099999,96741099999,WIII,WIHH,96739099999,96749099999,96751099999,96749599999,96745099999"
"-6.48193504748969,106.45661598101",2020-12-26,32.4,23.6,27.7,36.1,23.6,29.5,22.1,73.0,2.82,100,25.0,rain,0,0,40.7,26.2,269.2,1009.2,58.6,7.8,215.0,18.6,8,,2020-12-26T05:39:56,2020-12-26T18:09:44,0.44,"Rain, Partially cloudy",Partly cloudy throughout the day with a chance of rain throughout the day.,rain,"96737099999,96741099999,WIII,96739099999,WIHH,96749099999,96751099999,96745099999,96749599999"
"-6.48193504748969,106.45661598101",2020-12-27,32.4,25.1,28.1,37.3,25.1,30.2,22.4,71.7,0.0,0,0.0,,0,0,,21.2,268.3,1009.1,51.8,7.9,217.3,18.9,7,,2020-12-27T05:40:26,2020-12-27T18:10:12,0.47,Partially cloudy,Partly cloudy throughout the day.,partly-cloudy-day,"96737099999,96741099999,WIII,96739099999,WIHH,96749099999,96751099999,96745099999,96749599999"
"-6.48193504748969,106.45661598101",2020-12-28,32.0,24.7,27.8,36.8,24.7,30.2,22.7,74.5,0.31,100,16.67,rain,0,0,37.1,22.3,261.3,1008.5,52.9,7.9,107.6,9.3,4,,2020-12-28T05:40:57,2020-12-28T18:10:39,0.49,"Rain, Partially cloudy",Partly cloudy throughout the day with rain.,rain,"96737099999,96741099999,WIII,96739099999,WIHH,96749099999,96751099999,96745099999,96749599999"
"-6.48193504748969,106.45661598101",2020-12-29,30.6,24.2,27.1,34.9,24.2,28.6,22.6,76.8,3.01,100,16.67,rain,0,0,,28.0,257.4,1008.8,66.8,7.5,120.3,10.4,5,,2020-12-29T05:41:28,2020-12-29T18:11:07,0.5,"Rain, Partially cloudy",Partly cloudy throughout the day with rain.,rain,"96737099999,96741099999,WIII,96739099999,WIHH,96749099999,96751099999,96745099999,96749599999"
"-6.48193504748969,106.45661598101",2020-12-30,30.2,24.3,26.5,34.4,24.3,27.9,22.3,77.8,5.72,100,20.83,rain,0,0,,28.5,256.3,1008.8,65.9,7.4,122.8,10.6,4,,2020-12-30T05:41:59,2020-12-30T18:11:33,0.5,"Rain, Partially cloudy",Partly cloudy throughout the day with rain.,rain,"96737099999,96741099999,WIII,96739099999,WIHH,96749099999,96751099999,96745099999,96749599999"
"-6.48193504748969,106.45661598101",2020-12-31,29.4,24.0,26.1,33.8,24.0,27.5,22.9,82.9,5.35,100,25.0,rain,0,0,,18.4,278.1,1008.7,68.6,6.8,116.7,10.0,4,,2020-12-31T05:42:30,2020-12-31T18:11:59,0.51,"Rain, Partially cloudy",Partly cloudy throughout the day with a chance of rain throughout the day.,rain,"96737099999,96741099999,WIII,96739099999,WIHH,96749099999,96751099999,96745099999,96749599999"
"-6.48193504748969,106.45661598101",2021-01-01,29.0,24.1,26.2,33.6,24.1,27.4,23.0,82.8,22.3,100,33.33,rain,0,0,,15.3,272.5,1008.9,63.8,7.3,171.8,14.7,6,,2021-01-01T05:43:01,2021-01-01T18:12:25,0.53,"Rain, Partially cloudy",Partly cloudy throughout the day with a chance of rain throughout the day.,rain,"96737099999,96741099999,WIII,96739099999,WIHH,96749099999,96751099999,96745099999,96749599999"
"-6.48193504748969,106.45661598101",2021-01-02,31.8,23.4,27.2,37.2,23.4,29.5,23.0,78.3,0.74,100,8.33,rain,0,0,,17.3,274.5,1008.9,59.7,7.1,194.7,16.6,6,,2021-01-02T05:43:32,2021-01-02T18:12:50,0.56,"Rain, Partially cloudy",Partly cloudy throughout the day with rain.,rain,"96737099999,96741099999,WIII,96739099999,WIHH,96749099999,96751099999,96745099999,96749599999"
"-6.48193504748969,106.45661598101",2021-01-03,32.0,24.8,26.9,37.0,24.8,28.4,23.0,79.6,4.01,100,20.83,rain,0,0,,21.0,267.4,1008.7,62.4,7.9,181.7,15.5,7,,2021-01-03T05:44:03,2021-01-03T18:13:14,0.6,"Rain, Partially cloudy",Partly cloudy throughout the day with rain.,rain,"96737099999,96741099999,WIII,96739099999,WIHH,96749099999,96751099999,96745099999,96749599999"
"-6.48193504748969,106.45661598101",2021-01-04,31.0,24.0,27.3,35.0,24.0,29.3,22.8,77.3,0.68,100,4.17,rain,0,0,,24.4,271.9,1008.3,63.9,7.9,206.0,17.7,7,,2021-01-04T05:44:34,2021-01-04T18:13:38,0.65,"Rain, Partially cloudy",Partly cloudy throughout the day with afternoon rain.,rain,"96737099999,96741099999,WIII,96739099999,WIHH,96749099999,96751099999,96745099999,96749599999"
"-6.48193504748969,106.45661598101",2021-01-05,29.0,24.0,26.6,33.6,24.0,28.6,23.6,84.2,4.1,100,12.5,rain,0,0,,13.8,223.8,1008.3,59.9,5.9,196.1,16.8,6,,2021-01-05T05:45:04,2021-01-05T18:14:01,0.7,"Rain, Partially cloudy",Partly cloudy throughout the day with rain.,rain,"96737099999,96741099999,WIII,96739099999,WIHH,96749099999,96751099999,96745099999,96749599999"
"-6.48193504748969,106.45661598101",2021-01-06,31.0,23.0,26.4,36.6,23.0,28.4,23.4,84.0,28.15,100,25.0,rain,0,0,,27.7,243.9,1007.7,71.9,6.4,176.1,15.3,6,,2021-01-06T05:45:35,2021-01-06T18:14:24,0.76,"Rain, Partially cloudy",Partly cloudy throughout the day with a chance of rain throughout the day.,rain,"96737099999,96741099999,WIII,96739099999,WIHH,96749099999,96751099999,96745099999,96749599999"
"-6.48193504748969,106.45661598101",2021-01-07,29.4,24.1,26.5,33.3,24.1,28.1,23.4,83.8,13.73,100,16.67,rain,0,0,31.7,16.6,226.1,1007.3,71.3,5.5,212.6,18.2,8,,2021-01-07T05:46:05,2021-01-07T18:14:45,0.82,"Rain, Partially cloudy",Partly cloudy throughout the day with a chance of rain throughout the day.,rain,"96737099999,96741099999,WIII,96739099999,WIHH,96749099999,96751099999,96745099999,96749599999"
"-6.48193504748969,106.45661598101",2021-01-08,29.0,25.4,27.0,32.7,25.4,28.9,23.8,83.1,3.48,100,12.5,rain,0,0,,15.2,239.1,1007.5,58.9,6.5,154.3,13.3,5,,2021-01-08T05:46:35,2021-01-08T18:15:06,0.87,"Rain, Partially cloudy",Partly cloudy throughout the day with rain.,rain,"96737099999,96741099999,WIII,96739099999,WIHH,96749099999,96751099999,96745099999,96749599999"
"-6.48193504748969,106.45661598101",2021-01-09,31.0,23.9,26.0,36.1,23.9,27.1,23.6,86.9,16.39,100,25.0,rain,0,0,,24.1,259.7,1008.1,71.2,5.6,165.0,14.3,6,,2021-01-09T05:47:04,2021-01-09T18:15:27,0.92,"Rain, Partially cloudy",Partly cloudy throughout the day with a chance of rain throughout the day.,rain,"96737099999,96741099999,WIII,96739099999,WIHH,96749099999,96751099999,96745099999,96749599999"
"-6.48193504748969,106.45661598101",2021-01-10,30.0,23.7,26.2,34.7,23.7,27.8,23.2,84.0,9.51,100,20.83,rain,0,0,,20.5,260.4,1007.7,67.0,6.9,93.3,8.1,3,,2021-01-10T05:47:34,2021-01-10T18:15:46,0.96,"Rain, Partially cloudy",Partly cloudy throughout the day with a chance of rain throughout the day.,rain,"96737099999,96741099999,WIII,96739099999,WIHH,96749099999,96751099999,96745099999,96749599999"
"-6.48193504748969,106.45661598101",2021-01-11,30.8,24.0,26.9,35.9,24.0,28.8,23.2,80.9,5.67,100,12.5,rain,0,0,,19.2,280.2,1008.3,57.8,6.7,226.9,19.7,8,,2021-01-11T05:48:03,2021-01-11T18:16:05,0.99,"Rain, Partially cloudy",Partly cloudy throughout the day with rain.,rain,"96737099999,96741099999,WIII,96739099999,WIHH,96749099999,96751099999,96745099999,96749599999"
"-6.48193504748969,106.45661598101",2021-01-12,29.2,24.0,26.2,33.5,24.0,27.7,23.2,84.0,5.24,100,20.83,rain,0,0,,19.9,265.3,1009.0,68.2,6.6,148.2,12.8,5,,2021-01-12T05:48:31,2021-01-12T18:16:23,1.0,"Rain, Partially cloudy",Partly cloudy throughout the day with a chance of rain throughout the day.,rain,"96737099999,96741099999,WIII,96739099999,WIHH,96749099999,96751099999,96745099999,96749599999"
"-6.48193504748969,106.45661598101",2021-01-13,29.0,24.6,26.8,33.1,24.6,28.7,23.3,81.6,0.85,100,20.83,rain,0,0,,21.2,306.6,1009.6,69.2,6.9,215.3,18.7,7,,2021-01-13T05:49:00,2021-01-13T18:16:40,0.0,"Rain, Partially cloudy",Partly cloudy throughout the day with rain.,rain,"96737099999,96741099999,WIII,96739099999,WIHH,96749099999,96751099999,96745099999,96749599999"
"-6.48193504748969,106.45661598101",2021-01-14,29.0,25.3,27.1,32.7,25.3,29.1,23.2,79.7,0.42,100,8.33,rain,0,0,,16.9,300.1,1010.7,73.7,6.8,197.4,17.2,7,,2021-01-14T05:49:27,2021-01-14T18:16:56,0.01,"Rain, Partially cloudy",Partly cloudy throughout the day with late afternoon rain.,rain,"96737099999,96741099999,WIII,96739099999,WIHH,96749099999,96751099999,96745099999,96749599999"
"-6.48193504748969,106.45661598101",2021-01-15,30.4,24.8,27.1,34.7,24.8,28.9,23.2,79.5,0.14,100,12.5,rain,0,0,,13.5,279.3,1009.4,62.4,5.7,194.1,16.6,7,,2021-01-15T05:49:55,2021-01-15T18:17:12,0.03,"Rain, Partially cloudy",Partly cloudy throughout the day with rain.,rain,"96737099999,96741099999,WIII,96739099999,WIHH,96749099999,96751099999,96745099999,96749599999"
"-6.48193504748969,106.45661598101",2021-01-16,33.0,23.9,28.1,37.6,23.9,30.2,22.4,72.6,0.0,0,0.0,,0,0,,27.8,256.3,1007.8,55.9,6.7,259.9,22.5,9,,2021-01-16T05:50:22,2021-01-16T18:17:26,0.06,Partially cloudy,Partly cloudy throughout the day.,partly-cloudy-day,"96737099999,96741099999,WIII,96739099999,WIHH,96749099999,96751099999,96745099999,96749599999"
"-6.48193504748969,106.45661598101",2021-01-17,30.0,24.1,27.1,34.9,24.1,29.6,23.5,80.7,2.07,100,12.5,rain,0,0,37.1,18.4,273.2,1008.4,65.4,6.3,261.5,22.4,9,,2021-01-17T05:50:48,2021-01-17T18:17:40,0.1,"Rain, Partially cloudy",Partly cloudy throughout the day with rain.,rain,"96737099999,96741099999,WIII,96739099999,WIHH,96749099999,96751099999,96745099999,96749599999"
"-6.48193504748969,106.45661598101",2021-01-18,27.4,25.0,26.4,30.6,25.0,27.8,23.2,82.9,2.11,100,25.0,rain,0,0,38.9,20.2,308.0,1009.4,66.9,6.1,169.1,14.6,6,,2021-01-18T05:51:14,2021-01-18T18:17:53,0.14,"Rain, Partially cloudy",Partly cloudy throughout the day with a chance of rain throughout the day.,rain,"96737099999,96741099999,WIII,96739099999,WIHH,96749099999,96751099999,96745099999,96749599999"
"-6.48193504748969,106.45661598101",2021-01-19,28.6,23.8,26.3,31.8,23.8,27.5,22.5,80.3,10.92,100,25.0,rain,0,0,46.4,22.3,259.0,1009.8,71.0,5.9,180.5,15.7,7,,2021-01-19T05:51:39,2021-01-19T18:18:05,0.19,"Rain, Partially cloudy",Partly cloudy throughout the day with a chance of rain throughout the day.,rain,"96737099999,96741099999,WIII,96739099999,WIHH,96749099999,96751099999,96745099999,96749599999"
"-6.48193504748969,106.45661598101",2021-01-20,29.4,23.6,26.8,32.9,23.6,28.7,23.2,81.2,27.91,100,29.17,rain,0,0,,19.9,199.2,1009.5,71.7,5.3,177.3,15.2,6,,2021-01-20T05:52:04,2021-01-20T18:18:16,0.23,"Rain, Partially cloudy",Partly cloudy throughout the day with a chance of rain throughout the day.,rain,"96737099999,96741099999,WIII,96739099999,WIHH,96749099999,96751099999,96745099999,96749599999"
"-6.48193504748969,106.45661598101",2021-01-21,28.0,24.4,26.4,31.5,24.4,27.8,23.7,85.9,7.11,100,25.0,rain,0,0,,13.0,257.6,1009.7,69.2,5.5,167.8,14.6,6,,2021-01-21T05:52:29,2021-01-21T18:18:26,0.28,"Rain, Partially cloudy",Partly cloudy throughout the day with a chance of rain throughout the day.,rain,"96737099999,96741099999,WIII,96739099999,WIHH,96749099999,96751099999,96745099999,96749599999"
"-6.48193504748969,106.45661598101",2021-01-22,30.0,24.5,26.4,35.1,24.5,27.6,22.6,80.5,0.52,100,8.33,rain,0,0,,18.0,258.1,1009.7,68.8,5.2,240.0,21.0,9,,2021-01-22T05:52:52,2021-01-22T18:18:35,0.33,"Rain, Partially cloudy",Partly cloudy throughout the day with rain in the morning and afternoon.,rain,"96737099999,96741099999,WIII,96739099999,WIHH,96749099999,96751099999,96745099999,96749599999"
"-6.48193504748969,106.45661598101",2021-01-23,29.4,23.6,26.9,34.5,23.6,29.4,23.6,82.6,0.0,0,0.0,,0,0,,18.9,181.3,1009.3,58.3,5.4,222.4,19.2,8,,2021-01-23T05:53:15,2021-01-23T18:18:43,0.37,Partially cloudy,Partly cloudy throughout the day.,partly-cloudy-day,"96737099999,96741099999,WIII,96739099999,WIHH,96749099999,96751099999,96745099999,96749599999"
"-6.48193504748969,106.45661598101",2021-01-24,27.0,23.5,24.9,30.6,23.5,25.2,23.4,91.6,30.56,100,25.0,rain,0,0,,14.2,195.3,1010.3,78.8,4.6,147.0,12.7,5,,2021-01-24T05:53:38,2021-01-24T18:18:50,0.41,"Rain, Partially cloudy",Partly cloudy throughout the day with a chance of rain throughout the day.,rain,"96737099999,96741099999,WIII,96739099999,WIHH,96749099999,96751099999,96745099999,96749599999"
"-6.48193504748969,106.45661598101",2021-01-25,30.6,23.5,26.5,35.5,23.5,28.2,23.2,83.0,10.75,100,12.5,rain,0,0,,20.0,187.3,1009.7,58.4,4.8,253.4,22.0,9,,2021-01-25T05:54:00,2021-01-25T18:18:56,0.44,"Rain, Partially cloudy",Partly cloudy throughout the day with rain.,rain,"96737099999,96741099999,WIII,96739099999,WIHH,96749099999,96751099999,96745099999,96749599999"
"-6.48193504748969,106.45661598101",2021-01-26,31.0,24.0,26.1,36.1,24.0,27.0,23.2,84.6,18.11,100,20.83,rain,0,0,42.5,25.9,258.7,1009.2,64.5,6.1,182.0,15.6,7,,2021-01-26T05:54:21,2021-01-26T18:19:02,0.47,"Rain, Partially cloudy",Partly cloudy throughout the day with rain.,rain,"96737099999,96741099999,WIII,96739099999,WIHH,96749099999,96751099999,96745099999,96749599999"
"-6.48193504748969,106.45661598101",2021-01-27,29.0,23.5,25.5,33.2,23.5,26.2,23.2,87.0,11.02,100,29.17,rain,0,0,42.5,25.6,253.3,1008.8,75.8,6.2,169.0,14.7,6,,2021-01-27T05:54:42,2021-01-27T18:19:06,0.49,"Rain, Partially cloudy",Partly cloudy throughout the day with a chance of rain throughout the day.,rain,"96737099999,96741099999,WIII,96739099999,WIHH,96749099999,96751099999,96745099999,96749599999"
"-6.48193504748969,106.45661598101",2021-01-28,28.4,23.5,25.6,31.9,23.5,26.4,22.7,84.0,21.36,100,25.0,rain,0,0,,22.3,262.0,1009.5,66.4,6.9,120.0,10.3,4,,2021-01-28T05:55:02,2021-01-28T18:19:09,0.5,"Rain, Partially cloudy",Partly cloudy throughout the day with a chance of rain throughout the day.,rain,"96737099999,96741099999,WIII,96739099999,WIHH,96749099999,96751099999,96745099999,96749599999"
"-6.48193504748969,106.45661598101",2021-01-29,30.0,23.2,25.6,34.5,23.2,26.5,23.0,86.4,33.24,100,29.17,rain,0,0,35.3,23.7,275.8,1009.6,77.0,6.1,228.9,19.7,8,,2021-01-29T05:55:21,2021-01-29T18:19:12,0.51,"Rain, Partially cloudy",Partly cloudy throughout the day with a chance of rain throughout the day.,rain,"96737099999,96741099999,WIII,96739099999,WIHH,96749099999,96751099999,96745099999,96749599999"
"-6.48193504748969,106.45661598101",2021-01-30,28.6,23.4,25.7,32.1,23.4,26.9,23.2,86.3,13.61,100,33.33,rain,0,0,37.1,20.2,281.2,1009.9,75.7,5.5,214.2,18.5,7,,2021-01-30T05:55:39,2021-01-30T18:19:13,0.52,"Rain, Partially cloudy",Partly cloudy throughout the day with a chance of rain throughout the day.,rain,"96737099999,96741099999,WIII,96739099999,WIHH,96749099999,96751099999,96745099999,96749599999"
"-6.48193504748969,106.45661598101",2021-01-31,28.0,24.0,26.2,31.9,24.0,27.4,23.4,85.1,3.53,100,29.17,rain,0,0,,30.5,250.9,1010.7,63.2,5.0,202.5,17.5,7,,2021-01-31T05:55:57,2021-01-31T18:19:14,0.54,"Rain, Partially cloudy",Partly cloudy throughout the day with a chance of rain throughout the day.,rain,"96737099999,96741099999,WIII,96739099999,WIHH,96749099999,96751099999,96745099999,96749599999"
"-6.48193504748969,106.45661598101",2021-02-01,31.0,23.7,26.7,36.5,23.7,28.5,23.6,83.4,20.41,100,8.33,rain,0,0,,16.9,272.9,1010.7,64.3,5.2,209.0,18.0,8,,2021-02-01T05:56:14,2021-02-01T18:19:13,0.59,"Rain, Partially cloudy",Partly cloudy throughout the day with late afternoon rain.,rain,"96737099999,96741099999,WIII,96739099999,WIHH,96749099999,96751099999,96745099999,96749599999"
"-6.48193504748969,106.45661598101",2021-02-02,30.0,24.3,26.8,34.7,24.3,28.5,23.7,83.8,7.41,100,29.17,rain,0,0,,20.5,286.4,1010.4,67.2,6.0,197.9,17.2,7,,2021-02-02T05:56:31,2021-02-02T18:19:12,0.63,"Rain, Partially cloudy",Partly cloudy throughout the day with a chance of rain throughout the day.,rain,"96737099999,96741099999,WIII,96739099999,WIHH,96749099999,96751099999,96745099999,96749599999"
"-6.48193504748969,106.45661598101",2021-02-03,29.0,23.4,25.7,33.2,23.4,26.7,23.6,89.1,67.42,100,33.33,rain,0,0,,18.1,274.5,1010.9,77.9,5.6,140.3,12.1,5,,2021-02-03T05:56:47,2021-02-03T18:19:10,0.68,"Rain, Partially cloudy",Partly cloudy throughout the day with a chance of rain throughout the day.,rain,"96737099999,96741099999,WIII,96739099999,WIHH,96749099999,96751099999,96745099999,96749599999"
"-6.48193504748969,106.45661598101",2021-02-04,30.0,24.0,26.0,34.7,24.0,27.2,23.5,86.4,25.53,100,33.33,rain,0,0,,27.4,294.0,1010.6,73.9,5.5,226.2,19.7,7,,2021-02-04T05:57:02,2021-02-04T18:19:07,0.74,"Rain, Partially cloudy",Partly cloudy throughout the day with a chance of rain throughout the day.,rain,"96737099999,96741099999,WIII,96739099999,WIHH,96749099999,96751099999,96745099999,96749599999"
"-6.48193504748969,106.45661598101",2021-02-05,30.0,24.1,26.8,34.1,24.1,28.7,23.7,83.7,23.0,100,33.33,rain,0,0,,19.4,266.5,1010.0,73.8,6.1,188.7,16.2,6,,2021-02-05T05:57:16,2021-02-05T18:19:02,0.8,"Rain, Partially cloudy",Partly cloudy throughout the day with a chance of rain throughout the day.,rain,"96737099999,96741099999,WIII,96739099999,WIHH,96749099999,96751099999,96745099999,96749599999"
"-6.48193504748969,106.45661598101",2021-02-06,30.6,24.8,27.6,35.5,24.8,30.5,23.7,79.7,22.67,100,20.83,rain,0,0,35.3,19.2,220.2,1009.0,69.6,6.5,243.0,20.9,9,,2021-02-06T05:57:30,2021-02-06T18:18:57,0.85,"Rain, Partially cloudy",Partly cloudy throughout the day with rain.,rain,"96737099999,96741099999,WIII,96739099999,WIHH,96749099999,96751099999,96745099999,96749599999"
"-6.48193504748969,106.45661598101",2021-02-07,29.4,24.9,26.8,33.6,24.9,28.7,24.1,85.3,42.01,100,29.17,rain,0,0,33.5,22.3,294.9,1008.7,77.7,5.2,136.2,11.8,5,,2021-02-07T05:57:43,2021-02-07T18:18:51,0.9,"Rain, Partially cloudy",Partly cloudy throughout the day with a chance of rain throughout the day.,rain,"96737099999,96741099999,WIII,96739099999,WIHH,96749099999,96751099999,96745099999,96749599999"
"-6.48193504748969,106.45661598101",2021-02-08,30.0,23.8,26.6,35.7,23.8,28.3,23.9,86.1,47.09,100,33.33,rain,0,0,,19.4,294.5,1008.7,78.9,5.7,170.7,14.7,6,,2021-02-08T05:57:55,2021-02-08T18:18:45,0.94,"Rain, Partially cloudy",Partly cloudy throughout the day with a chance of rain throughout the day.,rain,"96737099999,96741099999,WIII,96739099999,WIHH,96749099999,96751099999,96745099999,96749599999"
"-6.48193504748969,106.45661598101",2021-02-09,31.0,23.7,26.9,36.5,23.7,29.1,23.9,84.1,1.92,100,20.83,rain,0,0,,18.4,300.4,1009.0,68.1,5.9,144.5,12.4,6,,2021-02-09T05:58:06,2021-02-09T18:18:37,0.97,"Rain, Partially cloudy",Partly cloudy throughout the day with a chance of rain throughout the day.,rain,"96737099999,96741099999,WIII,96739099999,WIHH,96749099999,96751099999,96745099999,96749599999"
"-6.48193504748969,106.45661598101",2021-02-10,29.0,24.9,26.6,34.1,24.9,28.1,23.6,84.1,10.09,100,16.67,rain,0,0,31.7,22.8,250.9,1009.8,56.9,6.5,283.9,24.5,9,,2021-02-10T05:58:17,2021-02-10T18:18:28,1.0,"Rain, Partially cloudy",Partly cloudy throughout the day with a chance of rain throughout the day.,rain,"5BZE2,96737099999,96741099999,WIII,96739099999,WIHH,96749099999,96751099999,96745099999,96749599999"
"-6.48193504748969,106.45661598101",2021-02-11,30.8,24.7,27.0,35.7,24.7,29.2,23.5,81.6,0.89,100,4.17,rain,0,0,,44.2,277.5,1011.4,40.7,6.4,292.7,25.2,10,,2021-02-11T05:58:27,2021-02-11T18:18:19,1.0,"Rain, Partially cloudy",Partly cloudy throughout the day with morning rain.,rain,"5BZE2,96737099999,WIII,WIHH,96739099999,96749099999,96751099999,96749599999,96745099999"
"-6.48193504748969,106.45661598101",2021-02-12,29.4,24.4,26.9,34.7,24.4,29.1,23.6,82.6,1.6,100,66.67,rain,0,0,33.5,18.1,311.5,1015.4,44.0,6.6,241.0,20.7,8,,2021-02-12T05:58:37,2021-02-12T18:18:08,0.0,"Rain, Partially cloudy",Partly cloudy throughout the day with a chance of rain throughout the day.,rain,"5BZE2,WIII,WIHH"
"-6.48193504748969,106.45661598101",2021-02-13,30.0,24.0,27.2,35.0,24.0,29.5,23.7,81.7,2.5,100,62.5,rain,0,0,35.3,19.5,288.0,1012.2,52.1,6.3,234.8,20.2,8,,2021-02-13T05:58:45,2021-02-13T18:17:57,0.02,"Rain, Partially cloudy",Partly cloudy throughout the day with a chance of rain throughout the day.,rain,"5BZE2,96737099999,96741099999,WIII,WIHH,96739099999,96749099999,96751099999,96749599999,96745099999"
"-6.48193504748969,106.45661598101",2021-02-14,28.6,24.6,27.0,33.5,24.6,29.6,24.6,86.9,9.92,100,33.33,rain,0,0,,19.6,225.0,1011.3,68.6,5.7,210.0,18.2,8,,2021-02-14T05:58:54,2021-02-14T18:17:45,0.04,"Rain, Partially cloudy",Partly cloudy throughout the day with a chance of rain throughout the day.,rain,"96737099999,96741099999,WIII,96739099999,WIHH,96749099999,96751099999,96745099999,96749599999"
"-6.48193504748969,106.45661598101",2021-02-15,30.4,24.4,27.0,35.7,24.4,29.4,23.9,83.9,8.11,100,25.0,rain,0,0,,20.2,199.5,1010.3,66.4,6.1,155.6,13.5,6,,2021-02-15T05:59:01,2021-02-15T18:17:32,0.07,"Rain, Partially cloudy",Partly cloudy throughout the day with rain.,rain,"96737099999,96741099999,WIII,96739099999,WIHH,96749099999,96751099999,96745099999,96749599999"
"-6.48193504748969,106.45661598101",2021-02-16,27.4,24.0,25.7,30.8,24.0,26.5,24.0,90.6,32.72,100,33.33,rain,0,0,,16.6,231.6,1009.9,73.5,4.6,157.9,13.7,6,,2021-02-16T05:59:08,2021-02-16T18:17:19,0.1,"Rain, Partially cloudy",Partly cloudy throughout the day with a chance of rain throughout the day.,rain,"96737099999,96741099999,WIII,96739099999,WIHH,96749099999,96751099999,96745099999,96749599999"
"-6.48193504748969,106.45661598101",2021-02-17,28.4,23.2,26.1,32.6,23.2,27.5,23.5,85.6,9.98,100,16.67,rain,0,0,37.1,18.4,293.6,1010.8,74.7,6.1,139.8,11.9,5,,2021-02-17T05:59:14,2021-02-17T18:17:04,0.14,"Rain, Partially cloudy",Partly cloudy throughout the day with rain.,rain,"96737099999,96741099999,WIII,96739099999,WIHH,96749099999,96751099999,96745099999,96749599999"
"-6.48193504748969,106.45661598101",2021-02-18,30.0,23.5,25.2,34.7,23.5,25.8,22.8,87.1,53.83,100,25.0,rain,0,0,,14.6,259.6,1010.3,63.5,6.3,227.2,19.6,8,,2021-02-18T05:59:19,2021-02-18T18:16:49,0.19,"Rain, Partially cloudy",Partly cloudy throughout the day with a chance of rain throughout the day.,rain,"96737099999,96741099999,WIII,96739099999,WIHH,96749099999,96751099999,96745099999,96749599999"
"-6.48193504748969,106.45661598101",2021-02-19,28.6,23.7,26.1,32.1,23.7,27.3,23.1,84.1,23.71,100,25.0,rain,0,0,,21.2,269.4,1010.8,71.5,6.2,156.3,13.5,6,,2021-02-19T05:59:24,2021-02-19T18:16:33,0.24,"Rain, Partially cloudy",Partly cloudy throughout the day with a chance of rain throughout the day.,rain,"5BZE2,96737099999,96741099999,WIII,96739099999,WIHH,96749099999,96751099999,96745099999,96749599999"
"-6.48193504748969,106.45661598101",2021-02-20,29.0,25.0,26.7,34.1,25.0,28.4,23.7,83.8,2.0,100,4.17,rain,0,0,37.1,19.3,266.0,1012.4,73.3,5.9,183.5,15.9,7,,2021-02-20T05:59:28,2021-02-20T18:16:17,0.28,"Rain, Partially cloudy",Partly cloudy throughout the day with late afternoon rain.,rain,"5BZE2,WIII,WIHH,96749099999"
"-6.48193504748969,106.45661598101",2021-02-21,30.4,24.2,27.3,34.0,24.2,29.2,23.2,79.4,3.7,100,33.33,rain,0,0,,19.4,219.6,1012.1,54.0,6.3,172.9,15.0,6,,2021-02-21T05:59:32,2021-02-21T18:15:59,0.33,"Rain, Partially cloudy",Partly cloudy throughout the day with rain clearing later.,rain,"5BZE2,96737099999,96741099999,WIII,96739099999,WIHH,remote,96749099999,96751099999,96745099999"
"-6.48193504748969,106.45661598101",2021-02-22,30.4,24.4,27.4,34.7,24.4,29.9,23.5,80.0,2.72,100,8.33,rain,0,0,,17.4,261.8,1010.3,58.6,6.0,229.4,19.9,8,,2021-02-22T05:59:35,2021-02-22T18:15:41,0.38,"Rain, Partially cloudy",Partly cloudy throughout the day with rain.,rain,"96737099999,96741099999,WIII,96739099999,WIHH,96749099999,96751099999,96745099999,96749599999"
"-6.48193504748969,106.45661598101",2021-02-23,31.8,24.3,27.2,36.9,24.3,29.0,23.3,80.4,0.37,100,8.33,rain,0,0,,29.2,269.9,1008.8,55.5,5.9,214.7,18.5,8,,2021-02-23T05:59:37,2021-02-23T18:15:23,0.42,"Rain, Partially cloudy",Partly cloudy throughout the day with rain.,rain,"96737099999,96741099999,WIII,96739099999,WIHH,96749099999,96751099999,96745099999,96749599999"
"-6.48193504748969,106.45661598101",2021-02-24,31.0,23.8,26.0,35.5,23.8,27.0,22.7,82.9,16.36,100,25.0,rain,0,0,46.4,27.7,269.3,1007.5,64.1,7.7,166.5,14.1,6,,2021-02-24T05:59:39,2021-02-24T18:15:03,0.45,"Rain, Partially cloudy",Partly cloudy throughout the day with a chance of rain throughout the day.,rain,"96737099999,96741099999,WIII,96739099999,96749099999,96751099999,96745099999"
"-6.48193504748969,106.45661598101",2021-02-25,30.0,24.0,27.0,35.1,24.0,29.9,24.0,84.1,5.73,100,33.33,rain,0,0,38.9,29.5,251.5,1006.5,64.6,7.0,241.5,20.8,8,,2021-02-25T05:59:40,2021-02-25T18:14:43,0.48,"Rain, Partially cloudy",Partly cloudy throughout the day with a chance of rain throughout the day.,rain,"96737099999,96741099999,WIII,96739099999,96749099999,96751099999,96745099999"
"-6.48193504748969,106.45661598101",2021-02-26,31.0,23.0,26.6,36.5,23.0,28.6,23.5,83.6,11.89,100,29.17,rain,0,0,40.7,22.3,208.8,1007.7,67.6,7.0,211.7,18.3,8,,2021-02-26T05:59:41,2021-02-26T18:14:23,0.5,"Rain, Partially cloudy",Partly cloudy throughout the day with a chance of rain throughout the day.,rain,"96737099999,96741099999,WIII,96739099999,96749099999,96751099999,96745099999"
"-6.48193504748969,106.45661598101",2021-02-27,31.0,23.0,27.6,36.5,23.0,30.5,23.4,78.9,5.18,100,12.5,rain,0,0,,16.6,197.9,1008.5,56.8,6.3,202.5,17.5,7,,2021-02-27T05:59:41,2021-02-27T18:14:02,0.5,"Rain, Partially cloudy",Partly cloudy throughout the day with rain clearing later.,rain,"96737099999,96741099999,WIII,96739099999,96749099999,96751099999,96745099999"
"-6.48193504748969,106.45661598101",2021-02-28,34.0,25.1,28.7,38.3,25.1,31.5,22.8,71.5,0.07,100,4.17,rain,0,0,,24.1,247.2,1009.7,53.0,7.5,145.4,12.5,5,,2021-02-28T05:59:41,2021-02-28T18:13:40,0.51,"Rain, Partially cloudy",Partly cloudy throughout the day with late afternoon rain.,rain,"96737099999,96741099999,WIII,96739099999,96749099999,96751099999,96745099999"
"-6.48193504748969,106.45661598101",2021-03-01,32.0,25.7,28.3,39.2,25.7,31.6,23.8,77.2,0.12,100,8.33,rain,0,0,,22.3,260.4,1010.0,60.7,7.7,249.0,21.5,9,,2021-03-01T05:59:40,2021-03-01T18:13:18,0.53,"Rain, Partially cloudy",Partly cloudy throughout the day with late afternoon rain.,rain,"96737099999,96741099999,WIII,96739099999,96749099999,96751099999,96745099999"
"-6.48193504748969,106.45661598101",2021-03-02,31.0,23.0,26.9,37.7,23.0,29.5,23.8,83.8,10.71,100,33.33,rain,0,0,,20.5,262.3,1010.5,65.8,6.7,139.1,12.1,6,,2021-03-02T05:59:39,2021-03-02T18:12:55,0.57,"Rain, Partially cloudy",Partly cloudy throughout the day with a chance of rain throughout the day.,rain,"96737099999,96741099999,WIII,96739099999,96749099999,96751099999,96745099999"
"-6.48193504748969,106.45661598101",2021-03-03,31.0,24.0,27.6,36.5,24.0,30.5,23.7,80.0,14.06,100,20.83,rain,0,0,,41.3,237.9,1010.7,56.1,6.8,215.8,18.7,7,,2021-03-03T05:59:37,2021-03-03T18:12:31,0.61,"Rain, Partially cloudy",Partly cloudy throughout the day with a chance of rain throughout the day.,rain,"96737099999,96741099999,WIII,96739099999,96749099999,96751099999,96745099999"
"-6.48193504748969,106.45661598101",2021-03-04,31.0,24.7,27.7,36.1,24.7,30.4,23.6,79.1,3.26,100,12.5,rain,0,0,,22.3,260.4,1011.1,56.4,5.8,261.5,22.7,9,,2021-03-04T05:59:35,2021-03-04T18:12:08,0.67,"Rain, Partially cloudy",Partly cloudy throughout the day with rain.,rain,"96737099999,96741099999,WIII,96739099999,96749099999,96751099999,96745099999"
"-6.48193504748969,106.45661598101",2021-03-05,31.4,24.0,26.9,37.7,24.0,28.8,23.5,81.9,15.81,100,16.67,rain,0,0,,20.5,134.0,1010.6,59.2,6.0,309.9,26.7,10,,2021-03-05T05:59:32,2021-03-05T18:11:43,0.72,"Rain, Partially cloudy",Partly cloudy throughout the day with rain.,rain,"96737099999,96741099999,WIII,96739099999,96749099999,96751099999,96745099999"
"-6.48193504748969,106.45661598101",2021-03-06,30.0,24.0,26.7,35.1,24.0,28.5,23.6,83.9,10.64,100,16.67,rain,0,0,,18.4,248.3,1010.5,62.7,5.2,263.7,22.8,9,,2021-03-06T05:59:29,2021-03-06T18:11:19,0.78,"Rain, Partially cloudy",Partly cloudy throughout the day with rain.,rain,"96737099999,96741099999,WIII,96739099999,96749099999,96751099999,96745099999"
"-6.48193504748969,106.45661598101",2021-03-07,32.0,24.1,26.9,37.9,24.1,28.8,23.3,81.8,2.6,100,12.5,rain,0,0,,24.1,253.0,1010.8,60.4,5.9,184.5,16.1,7,,2021-03-07T05:59:25,2021-03-07T18:10:54,0.83,"Rain, Partially cloudy",Partly cloudy throughout the day with rain.,rain,"96737099999,96741099999,WIII,96739099999,96749099999,96751099999,96745099999"
"-6.48193504748969,106.45661598101",2021-03-08,31.0,23.8,26.2,35.5,23.8,27.4,23.0,83.6,0.69,100,25.0,rain,0,0,,31.7,255.7,1010.8,62.4,6.7,169.8,14.6,6,,2021-03-08T05:59:22,2021-03-08T18:10:28,0.88,"Rain, Partially cloudy",Partly cloudy throughout the day with a chance of rain throughout the day.,rain,"96737099999,96741099999,WIII,96739099999,WIHH,96749099999,96751099999,96745099999,96749599999"
"-6.48193504748969,106.45661598101",2021-03-09,31.0,23.8,26.5,36.1,23.8,28.0,22.8,80.7,5.39,100,8.33,rain,0,0,,17.3,254.2,1010.3,55.2,6.2,181.9,15.8,6,,2021-03-09T05:59:17,2021-03-09T18:10:02,0.93,"Rain, Partially cloudy",Partly cloudy throughout the day with rain.,rain,"96737099999,96741099999,WIII,96739099999,WIHH,96749099999,96751099999,96745099999,96749599999"
"-6.48193504748969,106.45661598101",2021-03-10,30.4,24.0,27.0,34.3,24.0,28.8,23.3,80.9,3.99,100,16.67,rain,0,0,,20.4,224.6,1010.4,65.0,5.5,200.0,17.3,7,,2021-03-10T05:59:13,2021-03-10T18:09:36,0.96,"Rain, Partially cloudy",Partly cloudy throughout the day with a chance of rain throughout the day.,rain,"96737099999,96741099999,WIII,96739099999,WIHH,96749099999,96751099999,96745099999,96749599999"
"-6.48193504748969,106.45661598101",2021-03-11,29.7,22.0,25.7,33.7,22.0,27.2,22.6,83.9,33.57,100,20.83,rain,0,0,,18.4,249.1,1011.0,71.6,6.4,203.3,17.6,7,,2021-03-11T05:59:08,2021-03-11T18:09:10,0.99,"Rain, Partially cloudy",Partly cloudy throughout the day with rain.,rain,"96737099999,96741099999,WIII,96739099999,WIHH,96749099999,96751099999,96745099999,96749599999"
"-6.48193504748969,106.45661598101",2021-03-12,29.8,24.0,26.7,34.9,24.0,28.5,23.5,83.2,1.14,100,12.5,rain,0,0,40.7,16.1,288.5,1011.1,52.7,6.4,242.6,21.1,8,,2021-03-12T05:59:03,2021-03-12T18:08:43,1.0,"Rain, Partially cloudy",Partly cloudy throughout the day with a chance of rain throughout the day.,rain,"96737099999,96741099999,WIII,96739099999,WIHH,96749099999,96751099999,96745099999,96749599999"
"-6.48193504748969,106.45661598101",2021-03-13,31.6,24.4,27.7,36.5,24.4,30.0,22.7,75.3,0.3,100,4.17,rain,0,0,,20.5,284.7,1010.7,53.6,7.3,199.7,17.1,7,,2021-03-13T05:58:57,2021-03-13T18:08:16,0.0,"Rain, Partially cloudy",Partly cloudy throughout the day with afternoon rain.,rain,"96737099999,96741099999,WIII,96739099999,WIHH,96749099999,96751099999,96745099999,96749599999"
"-6.48193504748969,106.45661598101",2021-03-14,30.4,23.9,26.6,34.9,23.9,28.0,22.7,79.6,10.84,100,8.33,rain,0,0,48.2,18.4,279.3,1009.4,53.9,7.0,248.6,21.5,8,,2021-03-14T05:58:52,2021-03-14T18:07:48,0.01,"Rain, Partially cloudy",Partly cloudy throughout the day with afternoon rain.,rain,"96737099999,96741099999,WIII,96739099999,WIHH,96749099999,96751099999,96745099999,96749599999"
"-6.48193504748969,106.45661598101",2021-03-15,30.1,23.7,27.0,34.8,23.7,29.1,23.6,82.6,0.84,100,4.17,rain,0,0,,11.9,237.6,1009.0,52.1,5.6,166.3,14.2,6,,2021-03-15T05:58:46,2021-03-15T18:07:21,0.02,"Rain, Partially cloudy",Partly cloudy throughout the day with late afternoon rain.,rain,"96737099999,96741099999,WIII,96739099999,WIHH,96749099999,96751099999,96745099999,96749599999"
"-6.48193504748969,106.45661598101",2021-03-16,31.6,24.6,27.5,37.3,24.6,29.7,23.1,77.5,3.46,100,12.5,rain,0,0,,18.4,217.6,1009.4,57.5,5.7,257.9,22.5,9,,2021-03-16T05:58:40,2021-03-16T18:06:53,0.04,"Rain, Partially cloudy",Partly cloudy throughout the day with rain.,rain,"96737099999,96741099999,WIII,96739099999,WIHH,96749099999,96751099999,96745099999,96749599999"
"-6.48193504748969,106.45661598101",2021-03-17,32.0,23.6,28.1,36.4,23.6,30.4,22.6,73.6,0.76,100,4.17,rain,0,0,,18.4,201.5,1008.3,40.6,5.9,276.3,23.9,10,,2021-03-17T05:58:33,2021-03-17T18:06:25,0.07,"Rain, Partially cloudy",Partly cloudy throughout the day with late afternoon rain.,rain,"96737099999,96741099999,WIII,96739099999,WIHH,96749099999,96751099999,96745099999,96749599999"
"-6.48193504748969,106.45661598101",2021-03-18,32.6,24.9,28.3,37.0,24.9,30.8,22.8,72.7,4.21,100,20.83,rain,0,0,,16.6,227.2,1008.0,53.2,6.3,191.1,16.7,7,,2021-03-18T05:58:27,2021-03-18T18:05:57,0.11,"Rain, Partially cloudy",Partly cloudy throughout the day with rain.,rain,"96737099999,96741099999,WIII,WIHH,96739099999,96749099999,96751099999,96749599999,96745099999"
"-6.48193504748969,106.45661598101",2021-03-19,31.6,24.8,27.8,37.7,24.8,30.5,23.6,78.3,4.16,100,8.33,rain,0,0,,16.6,253.7,1007.8,54.5,6.2,166.9,14.4,6,,2021-03-19T05:58:20,2021-03-19T18:05:28,0.15,"Rain, Partially cloudy",Partly cloudy throughout the day with rain.,rain,"96737099999,96741099999,WIII,96739099999,WIHH,96749099999,96751099999,96745099999,96749599999"
"-6.48193504748969,106.45661598101",2021-03-20,33.0,23.5,28.0,38.1,23.5,30.5,23.0,75.3,1.37,100,8.33,rain,0,0,,19.2,221.3,1006.6,47.1,6.9,237.6,20.4,8,,2021-03-20T05:58:13,2021-03-20T18:05:00,0.2,"Rain, Partially cloudy",Partly cloudy throughout the day with rain.,rain,"96737099999,96741099999,WIII,96739099999,WIHH,96749099999,96751099999,96745099999,96749599999"
"-6.48193504748969,106.45661598101",2021-03-21,33.0,24.6,28.1,39.2,24.6,30.8,23.3,76.3,0.0,0,0.0,,0,0,33.5,28.5,278.3,1006.6,48.6,7.7,192.4,16.6,7,,2021-03-21T05:58:06,2021-03-21T18:04:31,0.24,Partially cloudy,Partly cloudy throughout the day.,partly-cloudy-day,"96737099999,96741099999,WIII,96739099999,WIHH,96749099999,96751099999,96745099999,96749599999"
"-6.48193504748969,106.45661598101",2021-03-22,33.0,24.4,28.5,39.3,24.4,31.1,22.9,72.8,0.67,100,8.33,rain,0,0,35.3,22.3,258.6,1008.4,51.9,7.9,224.3,19.3,8,,2021-03-22T05:57:59,2021-03-22T18:04:02,0.29,"Rain, Partially cloudy",Partly cloudy throughout the day with rain.,rain,"5BZE2,96737099999,96741099999,WIII,96739099999,WIHH,96749099999,96751099999,96745099999,96749599999"
"-6.48193504748969,106.45661598101",2021-03-23,33.0,24.9,28.3,37.6,24.9,31.0,23.0,73.8,0.07,100,4.17,rain,0,0,,26.4,260.2,1008.5,47.4,7.8,260.8,22.7,9,,2021-03-23T05:57:52,2021-03-23T18:03:34,0.34,"Rain, Partially cloudy",Partly cloudy throughout the day with afternoon rain.,rain,"96737099999,96741099999,WIII,96739099999,WIHH,96749099999,96751099999,96745099999,96749599999"
"-6.48193504748969,106.45661598101",2021-03-24,32.6,24.8,27.7,36.4,24.8,29.5,22.6,74.8,0.38,100,20.83,rain,0,0,42.5,26.7,260.7,1007.9,52.2,7.5,282.6,24.5,9,,2021-03-24T05:57:44,2021-03-24T18:03:05,0.39,"Rain, Partially cloudy",Partly cloudy throughout the day with a chance of rain throughout the day.,rain,"96737099999,96741099999,WIII,96739099999,WIHH,96749099999,96751099999,96745099999,96749599999"
"-6.48193504748969,106.45661598101",2021-03-25,32.0,24.5,27.4,37.2,24.5,29.3,22.9,77.3,2.56,100,12.5,rain,0,0,,18.4,256.2,1008.1,53.6,6.7,144.8,12.5,5,,2021-03-25T05:57:37,2021-03-25T18:02:36,0.43,"Rain, Partially cloudy",Partly cloudy throughout the day with rain.,rain,"96737099999,96741099999,WIII,96739099999,WIHH,96749099999,96751099999,96745099999,96749599999"
"-6.48193504748969,106.45661598101",2021-03-26,33.0,23.5,28.3,40.4,23.5,31.5,23.2,75.0,0.42,100,4.17,rain,0,0,,16.3,231.3,1007.6,46.3,6.9,226.1,19.6,8,,2021-03-26T05:57:29,2021-03-26T18:02:07,0.46,"Rain, Partially cloudy",Partly cloudy throughout the day with late afternoon rain.,rain,"96737099999,96741099999,WIII,96739099999,WIHH,96749099999,96751099999,96745099999,96749599999"
"-6.48193504748969,106.45661598101",2021-03-27,32.0,25.0,27.8,38.0,25.0,30.2,23.6,79.0,6.86,100,16.67,rain,0,0,,46.2,149.0,1007.9,57.9,5.9,211.5,18.4,7,,2021-03-27T05:57:22,2021-03-27T18:01:39,0.49,"Rain, Partially cloudy",Partly cloudy throughout the day with rain.,rain,"96737099999,96741099999,WIII,96739099999,WIHH,96749099999,96751099999,96745099999,96749599999"
"-6.48193504748969,106.45661598101",2021-03-28,33.3,24.7,28.4,39.8,24.7,31.9,24.4,80.0,1.73,100,16.67,rain,0,0,,16.3,186.2,1007.3,53.8,5.5,100.3,8.6,3,,2021-03-28T05:57:14,2021-03-28T18:01:10,0.5,"Rain, Partially cloudy",Partly cloudy throughout the day with rain.,rain,"96737099999,96741099999,WIII,96739099999,WIHH,96749099999,96751099999,96745099999,96749599999"
"-6.48193504748969,106.45661598101",2021-03-29,31.0,25.5,28.3,37.7,25.5,32.2,24.6,81.1,0.93,100,8.33,rain,0,0,,18.4,165.5,1007.1,59.1,5.5,226.8,19.6,8,,2021-03-29T05:57:07,2021-03-29T18:00:41,0.51,"Rain, Partially cloudy",Partly cloudy throughout the day with rain.,rain,"96737099999,96741099999,WIII,96739099999,WIHH,96749099999,96751099999,96745099999,96749599999"
"-6.48193504748969,106.45661598101",2021-03-30,29.1,25.3,26.9,34.3,25.3,28.8,24.2,85.5,7.99,100,20.83,rain,0,0,,13.0,185.5,1006.7,61.2,4.9,138.1,12.0,5,,2021-03-30T05:57:00,2021-03-30T18:00:13,0.53,"Rain, Partially cloudy",Partly cloudy throughout the day with a chance of rain throughout the day.,rain,"96737099999,96741099999,WIII,96739099999,WIHH,96749099999,96751099999,96745099999,96749599999"
"-6.48193504748969,106.45661598101",2021-03-31,32.6,24.3,27.7,38.7,24.3,30.2,23.9,80.8,4.37,100,16.67,rain,0,0,,24.1,259.2,1005.9,59.3,6.9,189.1,16.3,7,,2021-03-31T05:56:52,2021-03-31T17:59:44,0.55,"Rain, Partially cloudy",Partly cloudy throughout the day with rain.,rain,"96737099999,96741099999,WIII,96739099999,WIHH,96749099999,96751099999,96745099999,96749599999"
"-6.48193504748969,106.45661598101",2021-04-01,29.4,24.7,26.8,33.0,24.7,28.7,23.0,80.0,4.28,100,12.5,rain,0,0,,21.2,262.3,1006.6,58.5,7.3,137.8,11.9,5,,2021-04-01T05:56:45,2021-04-01T17:59:16,0.6,"Rain, Partially cloudy",Partly cloudy throughout the day with rain clearing later.,rain,"96737099999,96741099999,WIII,96739099999,WIHH,96749099999,96751099999,96745099999,96749599999"
"-6.48193504748969,106.45661598101",2021-04-02,32.4,25.1,28.4,36.5,25.1,31.0,23.2,74.0,3.8,100,8.33,rain,0,0,,22.3,177.4,1006.6,55.5,7.6,74.2,6.4,3,,2021-04-02T05:56:38,2021-04-02T17:58:48,0.65,"Rain, Partially cloudy",Partly cloudy throughout the day with rain.,rain,"96737099999,96741099999,WIII,96739099999,WIHH,96749099999,96751099999,96745099999,96749599999"
"-6.48193504748969,106.45661598101",2021-04-03,28.0,23.8,25.9,31.9,23.8,27.2,23.7,88.1,67.03,100,25.0,rain,0,0,,18.4,236.1,1007.9,71.0,6.1,126.2,10.8,5,,2021-04-03T05:56:31,2021-04-03T17:58:20,0.7,"Rain, Partially cloudy",Partly cloudy throughout the day with a chance of rain throughout the day.,rain,"96737099999,96741099999,WIII,96739099999,96749099999,96751099999,96745099999"
"-6.48193504748969,106.45661598101",2021-04-04,30.2,24.5,27.4,35.9,24.5,30.1,24.0,82.1,0.6,100,8.33,rain,0,0,,11.2,120.0,1007.8,58.9,5.8,117.7,10.2,4,,2021-04-04T05:56:23,2021-04-04T17:57:52,0.76,"Rain, Partially cloudy",Partly cloudy throughout the day with rain.,rain,"96737099999,96741099999,WIII,96739099999,WIHH,96749099999,96751099999,96745099999,96749599999"
"-6.48193504748969,106.45661598101",2021-04-05,31.0,25.2,27.7,36.0,25.2,30.2,23.4,77.9,1.79,100,4.17,rain,0,0,,16.6,232.3,1008.7,56.3,6.8,131.7,11.3,5,,2021-04-05T05:56:17,2021-04-05T17:57:25,0.81,"Rain, Partially cloudy",Partly cloudy throughout the day with morning rain.,rain,"96737099999,96741099999,WIII,96739099999,WIHH,96749099999,96751099999,96745099999,96749599999"
"-6.48193504748969,106.45661598101",2021-04-06,32.6,24.5,28.0,36.2,24.5,29.9,22.6,73.7,0.05,100,8.33,rain,0,0,46.4,36.9,259.9,1009.1,46.8,7.6,201.7,17.4,7,,2021-04-06T05:56:10,2021-04-06T17:56:57,0.86,"Rain, Partially cloudy",Partly cloudy throughout the day with early morning rain.,rain,"96737099999,96741099999,WIII,96739099999,WIHH,96749099999,96751099999,96745099999,96749599999"
"-6.48193504748969,106.45661598101",2021-04-07,31.2,24.3,26.9,36.0,24.3,28.4,22.8,79.0,8.41,100,16.67,rain,0,0,53.6,32.1,265.7,1009.1,64.0,6.9,237.9,20.6,8,,2021-04-07T05:56:03,2021-04-07T17:56:30,0.91,"Rain, Partially cloudy",Partly cloudy throughout the day with rain.,rain,"96737099999,96741099999,WIII,96739099999,WIHH,96749099999,96751099999,96745099999,96749599999"
"-6.48193504748969,106.45661598101",2021-04-08,32.6,24.5,28.4,37.5,24.5,30.9,23.1,74.3,0.27,100,8.33,rain,0,0,40.7,24.8,271.2,1008.0,46.9,7.1,268.6,23.1,9,,2021-04-08T05:55:57,2021-04-08T17:56:03,0.94,"Rain, Partially cloudy",Partly cloudy throughout the day with afternoon rain.,rain,"96737099999,96741099999,WIII,96739099999,WIHH,96749099999,96751099999,96745099999,96749599999"
"-6.48193504748969,106.45661598101",2021-04-09,32.0,25.0,28.4,37.5,25.0,31.7,24.0,77.7,0.0,0,0.0,,0,0,,19.2,257.3,1008.7,50.4,6.0,226.7,19.5,8,,2021-04-09T05:55:51,2021-04-09T17:55:37,0.97,Partially cloudy,Partly cloudy throughout the day.,partly-cloudy-day,"96737099999,96741099999,WIII,96739099999,WIHH,96749099999,96751099999,96745099999,96749599999"
"-6.48193504748969,106.45661598101",2021-04-10,32.0,23.4,27.4,36.8,23.4,29.9,23.1,78.1,5.18,100,25.0,rain,0,0,,27.7,226.6,1010.4,61.3,6.4,221.2,18.9,8,,2021-04-10T05:55:45,2021-04-10T17:55:11,0.99,"Rain, Partially cloudy",Partly cloudy throughout the day with a chance of rain throughout the day.,rain,"96737099999,96741099999,WIII,96739099999,WIHH,96749099999,96751099999,96745099999,96749599999"
"-6.48193504748969,106.45661598101",2021-04-11,32.4,24.3,27.2,38.5,24.3,29.1,22.8,77.3,9.32,100,12.5,rain,0,0,,30.2,206.2,1011.1,54.2,6.1,226.6,19.5,8,,2021-04-11T05:55:39,2021-04-11T17:54:45,1.0,"Rain, Partially cloudy",Partly cloudy throughout the day with rain.,rain,"96737099999,96741099999,WIII,96739099999,WIHH,96749099999,96751099999,96745099999,96749599999"
"-6.48193504748969,106.45661598101",2021-04-12,33.0,24.2,27.7,38.7,24.2,29.7,23.0,76.5,5.36,100,16.67,rain,0,0,,15.3,194.1,1011.4,55.4,6.4,173.6,14.9,6,,2021-04-12T05:55:33,2021-04-12T17:54:19,0.0,"Rain, Partially cloudy",Partly cloudy throughout the day with rain.,rain,"96737099999,96741099999,WIII,96739099999,WIHH,96749099999,96751099999,96745099999,96749599999"
"-6.48193504748969,106.45661598101",2021-04-13,33.0,23.8,27.2,37.9,23.8,29.0,23.6,82.1,4.16,100,25.0,rain,0,0,35.3,16.6,184.1,1011.0,56.1,5.5,222.0,19.2,8,,2021-04-13T05:55:28,2021-04-13T17:53:54,0.01,"Rain, Partially cloudy",Partly cloudy throughout the day with a chance of rain throughout the day.,rain,"96737099999,96741099999,WIII,96739099999,WIHH,96749099999,96751099999,96745099999,96749599999"
"-6.48193504748969,106.45661598101",2021-04-14,32.0,24.3,26.6,37.6,24.3,28.3,23.5,84.0,27.17,100,16.67,rain,0,0,,22.3,236.9,1010.5,60.3,5.0,194.1,16.8,7,,2021-04-14T05:55:23,2021-04-14T17:53:29,0.03,"Rain, Partially cloudy",Partly cloudy throughout the day with rain.,rain,"96737099999,96741099999,WIII,96739099999,WIHH,96749099999,96751099999,96745099999,96749599999"
"-6.48193504748969,106.45661598101",2021-04-15,32.0,23.4,26.3,36.8,23.4,27.6,23.1,83.6,25.53,100,20.83,rain,0,0,,20.7,150.7,1010.4,53.2,5.7,169.1,14.6,7,,2021-04-15T05:55:18,2021-04-15T17:53:05,0.05,"Rain, Partially cloudy",Partly cloudy throughout the day with rain.,rain,"96737099999,96741099999,WIII,96739099999,WIHH,96749099999,96751099999,96745099999,96749599999"
"-6.48193504748969,106.45661598101",2021-04-16,32.0,23.9,27.8,37.1,23.9,30.4,23.3,77.7,1.01,100,4.17,rain,0,0,,15.8,135.7,1010.5,52.5,6.2,245.1,21.1,8,,2021-04-16T05:55:14,2021-04-16T17:52:41,0.08,"Rain, Partially cloudy",Partly cloudy throughout the day with afternoon rain.,rain,"5BZE2,96737099999,96741099999,WIII,96739099999,WIHH,96749099999,96751099999,96745099999,96749599999"
"-6.48193504748969,106.45661598101",2021-04-17,32.0,25.1,27.9,38.4,25.1,30.6,23.9,79.8,8.77,100,16.67,rain,0,0,,14.8,157.7,1011.0,56.1,5.4,131.4,11.2,5,,2021-04-17T05:55:10,2021-04-17T17:52:17,0.12,"Rain, Partially cloudy",Partly cloudy throughout the day with rain.,rain,"96737099999,96741099999,WIII,WIHH,96739099999,96749099999,96751099999,96745099999,96749599999"
"-6.48193504748969,106.45661598101",2021-04-18,32.0,24.8,27.8,38.0,24.8,30.3,23.7,79.4,2.17,100,16.67,rain,0,0,,14.0,193.7,1011.5,59.8,5.1,223.3,19.5,8,,2021-04-18T05:55:06,2021-04-18T17:51:54,0.16,"Rain, Partially cloudy",Partly cloudy throughout the day with rain.,rain,"96737099999,96741099999,WIII,WIHH,96739099999,96749099999,96751099999,96745099999,96749599999"
"-6.48193504748969,106.45661598101",2021-04-19,32.4,24.6,28.2,37.5,24.6,30.8,23.3,76.2,6.15,100,12.5,rain,0,0,,15.1,146.6,1010.4,51.6,5.1,179.0,15.3,7,,2021-04-19T05:55:03,2021-04-19T17:51:32,0.21,"Rain, Partially cloudy",Partly cloudy throughout the day with rain.,rain,"96737099999,96741099999,WIII,WIHH,96739099999,96749099999,96751099999,96745099999,96749599999"
"-6.48193504748969,106.45661598101",2021-04-20,32.4,24.0,27.7,37.4,24.0,29.8,23.0,76.5,3.83,100,12.5,rain,0,0,31.7,24.9,138.8,1010.3,53.7,5.4,232.7,20.1,9,,2021-04-20T05:54:59,2021-04-20T17:51:10,0.26,"Rain, Partially cloudy",Partly cloudy throughout the day with rain.,rain,"96737099999,96741099999,WIII,WIHH,96739099999,96749099999,96751099999,96745099999,96749599999"
"-6.48193504748969,106.45661598101",2021-04-21,33.4,23.7,28.4,37.7,23.7,30.7,22.5,72.3,0.2,100,8.33,rain,0,0,,19.9,130.0,1010.4,43.2,5.9,296.1,25.6,10,,2021-04-21T05:54:57,2021-04-21T17:50:48,0.31,"Rain, Partially cloudy",Partly cloudy throughout the day with late afternoon rain.,rain,"96737099999,96741099999,WIII,WIHH,96739099999,96749099999,96751099999,96745099999,96749599999"
"-6.48193504748969,106.45661598101",2021-04-22,33.0,24.9,28.7,36.8,24.9,31.1,22.4,70.1,0.0,0,0.0,,0,0,,19.6,148.8,1010.2,44.7,6.2,292.9,25.2,10,,2021-04-22T05:54:54,2021-04-22T17:50:27,0.36,Partially cloudy,Partly cloudy throughout the day.,partly-cloudy-day,"5BZE2,96737099999,96741099999,WIII,WIHH,96739099999,96749099999,96751099999,96745099999,96749599999"
"-6.48193504748969,106.45661598101",2021-04-23,32.4,24.2,28.1,37.2,24.2,30.3,22.7,74.0,1.78,100,12.5,rain,0,0,,15.8,164.8,1010.1,46.3,4.9,286.0,24.7,10,,2021-04-23T05:54:52,2021-04-23T17:50:06,0.41,"Rain, Partially cloudy",Partly cloudy throughout the day with rain.,rain,"96737099999,96741099999,WIII,WIHH,96739099999,96749099999,96751099999,96745099999,96749599999"
"-6.48193504748969,106.45661598101",2021-04-24,32.4,24.0,28.4,37.5,24.0,31.0,22.5,71.1,0.15,100,8.33,rain,0,0,,21.2,155.3,1010.0,44.3,6.4,291.0,25.2,10,,2021-04-24T05:54:50,2021-04-24T17:49:46,0.45,"Rain, Partially cloudy",Partly cloudy throughout the day with rain.,rain,"96737099999,96741099999,WIII,96739099999,WIHH,96749099999,96751099999,96745099999,96749599999"
"-6.48193504748969,106.45661598101",2021-04-25,33.0,24.7,28.8,38.1,24.7,31.8,23.0,71.9,0.0,0,0.0,,0,0,40.7,22.8,117.2,1010.4,47.5,6.6,275.6,24.0,9,,2021-04-25T05:54:49,2021-04-25T17:49:27,0.48,Partially cloudy,Partly cloudy throughout the day.,partly-cloudy-day,"96737099999,96741099999,WIII,96739099999,WIHH,96749099999,96751099999,96745099999,96749599999"
"-6.48193504748969,106.45661598101",2021-04-26,33.6,25.1,29.1,38.8,25.1,32.2,23.5,73.2,0.0,0,0.0,,0,0,,26.5,121.7,1010.0,39.9,6.8,250.3,21.5,9,,2021-04-26T05:54:48,2021-04-26T17:49:08,0.5,Partially cloudy,Partly cloudy throughout the day.,partly-cloudy-day,"96737099999,96741099999,WIII,96739099999,WIHH,96749099999,96751099999,96745099999,96749599999"
"-6.48193504748969,106.45661598101",2021-04-27,33.4,24.5,28.8,40.1,24.5,32.2,23.5,74.0,0.14,100,4.17,rain,0,0,,25.5,116.2,1010.1,45.1,6.3,261.7,22.9,9,,2021-04-27T05:54:48,2021-04-27T17:48:49,0.5,"Rain, Partially cloudy",Partly cloudy throughout the day with late afternoon rain.,rain,"96737099999,96741099999,WIII,96739099999,WIHH,96749099999,96751099999,96745099999,96749599999"
"-6.48193504748969,106.45661598101",2021-04-28,32.0,24.5,27.4,38.0,24.5,30.0,23.7,80.6,14.68,100,25.0,rain,0,0,,17.2,136.8,1011.4,63.6,6.0,130.9,11.5,6,,2021-04-28T05:54:48,2021-04-28T17:48:31,0.52,"Rain, Partially cloudy",Partly cloudy throughout the day with a chance of rain throughout the day.,rain,"96737099999,96741099999,WIII,96739099999,WIHH,96749099999,96751099999,96745099999,96749599999"
"-6.48193504748969,106.45661598101",2021-04-29,33.0,23.6,28.0,37.6,23.6,30.6,23.4,77.4,0.69,100,4.17,rain,0,0,,15.3,135.3,1010.4,52.5,5.6,253.0,21.9,9,,2021-04-29T05:54:48,2021-04-29T17:48:14,0.54,"Rain, Partially cloudy",Partly cloudy throughout the day with late afternoon rain.,rain,"96737099999,96741099999,WIII,96739099999,WIHH,96749099999,96751099999,96745099999,96749599999"
"-6.48193504748969,106.45661598101",2021-04-30,32.0,24.2,28.2,37.9,24.2,31.4,23.7,77.5,2.93,100,25.0,rain,0,0,,21.3,117.7,1009.9,51.3,5.7,262.7,22.6,9,,2021-04-30T05:54:49,2021-04-30T17:47:58,0.58,"Rain, Partially cloudy",Partly cloudy throughout the day with a chance of rain throughout the day.,rain,"96737099999,96741099999,WIII,96739099999,WIHH,96749099999,96751099999,96745099999,96749599999"
"-6.48193504748969,106.45661598101",2021-05-01,33.4,25.4,28.8,40.0,25.4,32.7,24.5,78.7,3.19,100,16.67,rain,0,0,,27.8,102.2,1009.8,51.6,5.8,123.4,10.6,5,,2021-05-01T05:54:50,2021-05-01T17:47:42,0.63,"Rain, Partially cloudy",Partly cloudy throughout the day with rain.,rain,"96737099999,96741099999,WIII,96739099999,WIHH,96749099999,96751099999,96745099999,96749599999"
"-6.48193504748969,106.45661598101",2021-05-02,33.0,25.3,28.9,40.6,25.3,33.1,24.5,77.7,0.51,100,4.17,rain,0,0,,25.6,95.3,1009.3,50.0,6.6,147.9,13.0,6,,2021-05-02T05:54:52,2021-05-02T17:47:26,0.68,"Rain, Partially cloudy",Partly cloudy throughout the day with early morning rain.,rain,"96737099999,96741099999,WIII,96739099999,WIHH,96749099999,96751099999,96745099999,96749599999"
"-6.48193504748969,106.45661598101",2021-05-03,32.3,25.4,28.7,38.1,25.4,32.1,24.0,76.5,0.02,100,4.17,rain,0,0,,28.8,98.5,1007.5,51.8,6.6,109.1,9.4,4,,2021-05-03T05:54:54,2021-05-03T17:47:12,0.74,"Rain, Partially cloudy",Partly cloudy throughout the day with early morning rain.,rain,"96737099999,96741099999,WIII,96739099999,WIHH,96749099999,96751099999,96745099999,96749599999"
"-6.48193504748969,106.45661598101",2021-05-04,33.0,24.5,28.5,38.9,24.5,31.8,23.7,76.2,2.08,100,8.33,rain,0,0,,16.6,145.1,1007.2,45.4,6.4,198.3,17.0,7,,2021-05-04T05:54:57,2021-05-04T17:46:58,0.79,"Rain, Partially cloudy",Partly cloudy throughout the day with rain in the morning and afternoon.,rain,"96737099999,96741099999,WIII,96739099999,WIHH,96749099999,96751099999,96745099999,96749599999"
"-6.48193504748969,106.45661598101",2021-05-05,32.6,24.9,28.4,37.9,24.9,31.7,24.0,78.1,7.01,100,16.67,rain,0,0,,15.1,136.1,1007.6,59.6,5.2,186.7,16.0,7,,2021-05-05T05:55:00,2021-05-05T17:46:45,0.84,"Rain, Partially cloudy",Partly cloudy throughout the day with rain.,rain,"96737099999,96741099999,WIII,96739099999,WIHH,96749099999,96751099999,96745099999,96749599999"
"-6.48193504748969,106.45661598101",2021-05-06,32.0,24.7,27.4,38.6,24.7,29.9,24.0,82.8,3.72,100,16.67,rain,0,0,,18.7,167.3,1009.1,61.4,5.6,137.1,12.0,5,,2021-05-06T05:55:03,2021-05-06T17:46:32,0.89,"Rain, Partially cloudy",Partly cloudy throughout the day with rain.,rain,"96737099999,96741099999,WIII,96739099999,WIHH,96749099999,96751099999,96745099999,96749599999"
"-6.48193504748969,106.45661598101",2021-05-07,33.8,24.6,28.6,39.6,24.6,32.1,24.0,77.4,1.11,100,4.17,rain,0,0,,22.8,113.4,1009.3,51.4,6.1,189.1,16.2,7,,2021-05-07T05:55:07,2021-05-07T17:46:20,0.92,"Rain, Partially cloudy",Partly cloudy throughout the day with late afternoon rain.,rain,"96737099999,96741099999,WIII,96739099999,WIHH,96749099999,96751099999,96745099999,96749599999"
"-6.48193504748969,106.45661598101",2021-05-08,32.6,24.9,28.5,40.0,24.9,32.6,24.7,80.5,2.3,100,12.5,rain,0,0,,18.4,116.8,1008.8,54.5,5.8,178.1,15.4,7,,2021-05-08T05:55:11,2021-05-08T17:46:09,0.96,"Rain, Partially cloudy",Partly cloudy throughout the day with rain.,rain,"96737099999,96741099999,WIII,96739099999,WIHH,96749099999,96751099999,96745099999,96749599999"
"-6.48193504748969,106.45661598101",2021-05-09,32.8,24.0,28.3,39.0,24.0,31.9,24.0,79.0,32.0,100,16.67,rain,0,0,,18.4,129.1,1008.4,62.0,6.5,153.5,13.2,6,,2021-05-09T05:55:16,2021-05-09T17:45:58,0.98,"Rain, Partially cloudy",Partly cloudy throughout the day with rain.,rain,"96737099999,96741099999,WIII,96739099999,WIHH,96749099999,96751099999,96745099999,96749599999"
"-6.48193504748969,106.45661598101",2021-05-10,33.0,25.5,29.0,39.3,25.5,32.6,24.0,75.5,3.82,100,8.33,rain,0,0,,19.2,116.1,1008.0,51.6,6.6,240.3,20.7,9,,2021-05-10T05:55:21,2021-05-10T17:45:48,1.0,"Rain, Partially cloudy",Partly cloudy throughout the day with rain clearing later.,rain,"96737099999,96741099999,WIII,WIHH,96739099999,96749099999,96751099999,96749599999,96745099999"
"-6.48193504748969,106.45661598101",2021-05-11,34.0,25.4,29.6,40.1,25.4,33.5,23.8,72.3,0.0,0,0.0,,0,0,,21.6,100.4,1007.9,43.3,6.3,252.2,21.9,9,,2021-05-11T05:55:27,2021-05-11T17:45:39,1.0,Partially cloudy,Partly cloudy throughout the day.,partly-cloudy-day,"96737099999,96741099999,WIII,96739099999,WIHH,96749099999,96751099999,96745099999,96749599999"
"-6.48193504748969,106.45661598101",2021-05-12,33.0,25.7,29.3,40.0,25.7,33.8,24.5,76.1,0.0,0,0.0,,0,0,,25.5,124.5,1007.1,46.3,5.7,109.9,9.4,5,,2021-05-12T05:55:33,2021-05-12T17:45:30,0.0,Partially cloudy,Partly cloudy throughout the day.,partly-cloudy-day,"96737099999,96741099999,WIII,96739099999,WIHH,96749099999,96751099999,96745099999,96749599999"
"-6.48193504748969,106.45661598101",2021-05-13,33.0,25.0,28.8,39.3,25.0,32.7,24.1,76.1,12.69,100,4.17,rain,0,0,,23.8,152.4,1006.9,46.6,5.6,148.6,12.8,6,,2021-05-13T05:55:40,2021-05-13T17:45:22,0.01,"Rain, Partially cloudy",Partly cloudy throughout the day with afternoon rain.,rain,"96737099999,96741099999,WIII,96739099999,WIHH,96749099999,96751099999,96745099999,96749599999"
"-6.48193504748969,106.45661598101",2021-05-14,32.4,25.3,28.8,38.1,25.3,32.1,23.4,73.8,0.05,100,4.17,rain,0,0,,25.6,136.4,1007.2,58.4,6.1,137.3,11.9,5,,2021-05-14T05:55:47,2021-05-14T17:45:15,0.03,"Rain, Partially cloudy",Partly cloudy throughout the day with afternoon rain.,rain,"96737099999,96741099999,WIII,96739099999,WIHH,96749099999,96751099999,96745099999,96749599999"
"-6.48193504748969,106.45661598101",2021-05-15,33.6,25.5,29.3,40.0,25.5,33.1,23.6,72.3,1.03,100,8.33,rain,0,0,,22.3,105.2,1007.7,50.0,6.6,182.5,15.8,7,,2021-05-15T05:55:54,2021-05-15T17:45:09,0.06,"Rain, Partially cloudy",Partly cloudy throughout the day with rain in the morning and afternoon.,rain,"96737099999,96741099999,WIII,96739099999,WIHH,96749099999,96751099999,96745099999,96749599999"
"-6.48193504748969,106.45661598101",2021-05-16,33.4,25.7,29.1,39.1,25.7,32.5,23.7,73.9,1.34,100,8.33,rain,0,0,,16.9,147.7,1007.9,51.8,6.2,144.0,12.6,5,,2021-05-16T05:56:02,2021-05-16T17:45:03,0.09,"Rain, Partially cloudy",Partly cloudy throughout the day with rain.,rain,"96737099999,96741099999,WIII,96739099999,WIHH,96749099999,96751099999,96745099999,96749599999"
"-6.48193504748969,106.45661598101",2021-05-17,32.4,25.0,28.7,38.4,25.0,32.4,24.1,77.0,29.18,100,12.5,rain,0,0,,15.8,162.9,1008.5,55.9,5.8,145.4,12.6,5,,2021-05-17T05:56:10,2021-05-17T17:44:58,0.14,"Rain, Partially cloudy",Partly cloudy throughout the day with rain.,rain,"96737099999,96741099999,WIII,96739099999,WIHH,96749099999,96751099999,96745099999,96749599999"
"-6.48193504748969,106.45661598101",2021-05-18,31.3,23.2,26.8,36.4,23.2,28.8,23.3,82.1,35.83,100,12.5,rain,0,0,,16.6,125.4,1008.9,63.1,6.5,180.2,15.6,6,,2021-05-18T05:56:19,2021-05-18T17:44:54,0.18,"Rain, Partially cloudy",Partly cloudy throughout the day with rain clearing later.,rain,"96737099999,96741099999,WIII,96739099999,WIHH,96749099999,96751099999,96745099999,96749599999"
"-6.48193504748969,106.45661598101",2021-05-19,33.0,24.8,28.6,37.5,24.8,32.0,23.8,76.4,0.0,0,0.0,,0,0,,14.6,125.7,1008.9,52.6,6.1,222.1,19.3,8,,2021-05-19T05:56:28,2021-05-19T17:44:50,0.23,Partially cloudy,Partly cloudy throughout the day.,partly-cloudy-day,"96737099999,96741099999,WIII,96739099999,WIHH,96749099999,96751099999,96745099999,96749599999"
"-6.48193504748969,106.45661598101",2021-05-20,32.4,25.0,28.3,39.2,25.0,31.3,23.9,77.8,0.12,100,8.33,rain,0,0,,23.8,114.8,1010.1,56.4,5.9,171.8,14.8,6,,2021-05-20T05:56:38,2021-05-20T17:44:47,0.28,"Rain, Partially cloudy",Partly cloudy throughout the day with late afternoon rain.,rain,"96737099999,96741099999,WIII,96739099999,WIHH,96749099999,96751099999,96745099999,96749599999"
"-6.48193504748969,106.45661598101",2021-05-21,33.0,24.3,28.0,39.8,24.3,30.8,23.9,79.4,16.73,100,8.33,rain,0,0,,17.3,169.4,1010.3,53.8,5.8,201.7,17.5,7,,2021-05-21T05:56:48,2021-05-21T17:44:45,0.34,"Rain, Partially cloudy",Partly cloudy throughout the day with rain.,rain,"96737099999,96741099999,WIII,96739099999,WIHH,96749099999,96751099999,96745099999,96749599999"
"-6.48193504748969,106.45661598101",2021-05-22,31.6,25.1,27.9,38.9,25.1,31.0,23.9,79.1,0.82,100,12.5,rain,0,0,33.5,16.3,213.7,1009.6,61.5,4.9,165.3,14.4,6,,2021-05-22T05:56:58,2021-05-22T17:44:44,0.39,"Rain, Partially cloudy",Partly cloudy throughout the day with rain.,rain,"5BZE2,96737099999,96741099999,WIII,96739099999,WIHH,96749099999,96751099999,96745099999,96749599999"
"-6.48193504748969,106.45661598101",2021-05-23,32.0,24.6,27.9,37.9,24.6,31.2,23.9,79.4,0.0,0,0.0,,0,0,,19.3,112.5,1009.5,56.2,4.9,188.7,16.3,7,,2021-05-23T05:57:08,2021-05-23T17:44:43,0.44,Partially cloudy,Partly cloudy throughout the day.,partly-cloudy-day,"96737099999,96741099999,WIII,96739099999,WIHH,96749099999,96751099999,96745099999,96749599999"
"-6.48193504748969,106.45661598101",2021-05-24,32.4,25.0,28.3,39.8,25.0,31.8,24.4,80.7,11.66,100,16.67,rain,0,0,,17.2,150.9,1010.0,66.8,4.4,180.2,15.6,7,,2021-05-24T05:57:19,2021-05-24T17:44:43,0.47,"Rain, Partially cloudy",Partly cloudy throughout the day with rain.,rain,"96737099999,96741099999,WIII,96739099999,WIHH,96749099999,96751099999,96745099999,96749599999"
"-6.48193504748969,106.45661598101",2021-05-25,32.8,24.1,27.9,38.8,24.1,30.6,23.7,79.3,8.35,100,8.33,rain,0,0,,18.1,108.8,1009.9,51.1,6.5,176.2,15.3,6,,2021-05-25T05:57:31,2021-05-25T17:44:43,0.49,"Rain, Partially cloudy",Partly cloudy throughout the day with early morning rain.,rain,"96737099999,96741099999,WIII,96739099999,WIHH,96749099999,96751099999,96745099999,96749599999"
"-6.48193504748969,106.45661598101",2021-05-26,32.6,24.9,28.9,39.2,24.9,32.8,24.0,76.0,0.0,0,0.0,,0,0,,33.5,103.5,1009.2,40.3,6.8,216.8,18.7,8,,2021-05-26T05:57:42,2021-05-26T17:44:44,0.5,Partially cloudy,Partly cloudy throughout the day.,partly-cloudy-day,"96737099999,96741099999,WIII,96739099999,WIHH,96749099999,96751099999,96745099999,96749599999"
"-6.48193504748969,106.45661598101",2021-05-27,33.4,25.8,29.2,40.6,25.8,33.5,24.2,75.1,4.16,100,8.33,rain,0,0,,26.7,92.9,1009.7,42.8,6.9,215.7,18.6,8,,2021-05-27T05:57:54,2021-05-27T17:44:46,0.51,"Rain, Partially cloudy",Partly cloudy throughout the day with rain.,rain,"5BZE2,96737099999,96741099999,WIII,96739099999,WIHH,96749099999,96751099999,96745099999,96749599999"
"-6.48193504748969,106.45661598101",2021-05-28,33.4,25.1,28.7,40.6,25.1,32.4,24.2,77.8,16.8,100,8.33,rain,0,0,,19.2,111.4,1010.6,47.0,6.2,123.7,10.8,5,,2021-05-28T05:58:06,2021-05-28T17:44:49,0.53,"Rain, Partially cloudy",Partly cloudy throughout the day with rain.,rain,"96737099999,96741099999,WIII,96739099999,WIHH,96749099999,96751099999,96745099999,96749599999"
"-6.48193504748969,106.45661598101",2021-05-29,29.9,23.8,26.1,35.5,23.8,27.8,23.8,87.4,25.61,100,29.17,rain,0,0,,24.1,226.3,1011.1,72.5,5.5,130.8,11.2,5,,2021-05-29T05:58:19,2021-05-29T17:44:52,0.56,"Rain, Partially cloudy",Partly cloudy throughout the day with a chance of rain throughout the day.,rain,"96737099999,96741099999,WIII,96739099999,WIHH,96749099999,96751099999,96745099999,96749599999"
"-6.48193504748969,106.45661598101",2021-05-30,32.4,24.0,28.0,38.0,24.0,31.3,24.2,81.2,1.29,100,8.33,rain,0,0,,17.3,135.4,1009.0,55.7,6.4,154.8,13.3,6,,2021-05-30T05:58:32,2021-05-30T17:44:55,0.61,"Rain, Partially cloudy",Partly cloudy throughout the day with rain.,rain,"96737099999,96741099999,WIII,96739099999,WIHH,96749099999,96751099999,96745099999,96749599999"
"-6.48193504748969,106.45661598101",2021-05-31,32.4,24.9,28.3,39.2,24.9,31.8,24.3,79.8,13.75,100,16.67,rain,0,0,,11.2,189.0,1008.3,54.0,6.0,136.1,11.7,5,,2021-05-31T05:58:45,2021-05-31T17:45:00,0.66,"Rain, Partially cloudy",Partly cloudy throughout the day with rain.,rain,"96737099999,96741099999,WIII,96739099999,WIHH,96749099999,96751099999,96745099999,96749599999"
"-6.48193504748969,106.45661598101",2021-06-01,32.4,24.8,28.0,39.2,24.8,30.9,24.2,80.8,10.2,100,8.33,rain,0,0,,13.7,169.5,1008.6,56.7,5.0,216.5,18.6,8,,2021-06-01T05:58:58,2021-06-01T17:45:05,0.71,"Rain, Partially cloudy",Partly cloudy throughout the day with late afternoon rain.,rain,"96737099999,96741099999,WIII,96739099999,WIHH,96749099999,96751099999,96745099999,96749599999"
"-6.48193504748969,106.45661598101",2021-06-02,32.4,24.3,28.0,38.4,24.3,30.8,24.0,80.1,10.2,100,12.5,rain,0,0,,17.9,149.6,1009.0,52.9,5.8,211.9,18.2,8,,2021-06-02T05:59:11,2021-06-02T17:45:10,0.76,"Rain, Partially cloudy",Partly cloudy throughout the day with rain.,rain,"96737099999,96741099999,WIII,96739099999,WIHH,96749099999,96751099999,96745099999,96749599999"
"-6.48193504748969,106.45661598101",2021-06-03,33.0,24.5,28.7,41.5,24.5,33.0,24.8,80.1,0.86,100,12.5,rain,0,0,,16.9,121.3,1009.4,54.2,5.6,195.1,16.8,7,,2021-06-03T05:59:25,2021-06-03T17:45:16,0.81,"Rain, Partially cloudy",Partly cloudy throughout the day with rain.,rain,"96737099999,96741099999,WIII,96739099999,WIHH,96749099999,96751099999,96745099999,96749599999"
"-6.48193504748969,106.45661598101",2021-06-04,33.4,25.6,28.6,40.8,25.6,32.7,25.0,81.8,8.94,100,16.67,rain,0,0,50.0,24.1,134.5,1009.7,65.8,5.3,140.7,12.1,5,,2021-06-04T05:59:39,2021-06-04T17:45:23,0.86,"Rain, Partially cloudy",Partly cloudy throughout the day with rain.,rain,"96737099999,96741099999,WIII,96739099999,WIHH,96749099999,96751099999,96745099999,96749599999"
"-6.48193504748969,106.45661598101",2021-06-05,32.4,24.5,28.5,39.8,24.5,32.4,24.4,79.6,0.0,0,0.0,,0,0,,16.1,185.0,1010.3,51.5,5.9,217.4,18.8,8,,2021-06-05T05:59:53,2021-06-05T17:45:30,0.9,Partially cloudy,Partly cloudy throughout the day.,partly-cloudy-day,"96737099999,96741099999,WIII,96739099999,WIHH,96749099999,96751099999,96745099999,96749599999"
"-6.48193504748969,106.45661598101",2021-06-06,32.4,25.0,28.3,38.5,25.0,31.2,24.1,79.6,8.19,100,16.67,rain,0,0,,15.8,213.3,1010.6,60.7,5.1,206.1,18.0,7,,2021-06-06T06:00:07,2021-06-06T17:45:38,0.94,"Rain, Partially cloudy",Partly cloudy throughout the day with rain.,rain,"96737099999,96741099999,WIII,96739099999,WIHH,96749099999,96751099999,96745099999,96749599999"
"-6.48193504748969,106.45661598101",2021-06-07,32.6,24.0,28.1,38.3,24.0,30.8,23.5,77.1,0.71,100,8.33,rain,0,0,,16.6,190.1,1010.7,46.7,6.1,194.8,16.9,7,,2021-06-07T06:00:21,2021-06-07T17:45:46,0.97,"Rain, Partially cloudy",Partly cloudy throughout the day with rain.,rain,"96737099999,96741099999,WIII,96739099999,WIHH,96749099999,96751099999,96745099999,96749599999"
"-6.48193504748969,106.45661598101",2021-06-08,32.3,24.4,28.4,39.0,24.4,32.0,23.8,76.9,0.0,0,0.0,,0,0,,16.9,224.2,1010.2,52.4,6.1,236.1,20.5,8,,2021-06-08T06:00:35,2021-06-08T17:45:54,0.99,Partially cloudy,Partly cloudy throughout the day.,partly-cloudy-day,"96737099999,96741099999,WIII,96739099999,WIHH,96749099999,96751099999,96745099999,96749599999"
"-6.48193504748969,106.45661598101",2021-06-09,31.6,24.7,27.8,37.9,24.7,30.5,23.7,79.0,0.24,100,8.33,rain,0,0,,27.8,128.0,1009.5,52.0,6.2,235.7,20.5,8,,2021-06-09T06:00:49,2021-06-09T17:46:03,1.0,"Rain, Partially cloudy",Partly cloudy throughout the day with rain.,rain,"96737099999,96741099999,WIII,96739099999,WIHH,96749099999,96751099999,96745099999,96749599999"
"-6.48193504748969,106.45661598101",2021-06-10,32.4,24.6,28.4,39.0,24.6,31.4,23.7,76.5,20.31,100,4.17,rain,0,0,,18.0,137.7,1008.5,51.4,5.3,208.7,18.1,7,,2021-06-10T06:01:04,2021-06-10T17:46:13,0.0,"Rain, Partially cloudy",Partly cloudy throughout the day with late afternoon rain.,rain,"96737099999,96741099999,WIII,96739099999,WIHH,96749099999,96751099999,96745099999,96749599999"
"-6.48193504748969,106.45661598101",2021-06-11,32.0,24.4,27.8,38.4,24.4,30.6,23.5,78.2,13.33,100,20.83,rain,0,0,,21.9,210.6,1009.1,54.4,5.6,90.5,8.0,4,,2021-06-11T06:01:18,2021-06-11T17:46:23,0.01,"Rain, Partially cloudy",Partly cloudy throughout the day with rain.,rain,"96737099999,96741099999,WIII,96739099999,WIHH,96749099999,96751099999,96745099999,96749599999"
"-6.48193504748969,106.45661598101",2021-06-12,33.4,23.5,28.0,39.5,23.5,30.9,23.4,77.5,5.82,100,16.67,rain,0,0,,25.7,143.1,1009.7,46.9,6.4,190.4,16.4,7,,2021-06-12T06:01:32,2021-06-12T17:46:33,0.02,"Rain, Partially cloudy",Partly cloudy throughout the day with rain.,rain,"96737099999,96741099999,WIII,96739099999,WIHH,96749099999,96751099999,96745099999,96749599999"
"-6.48193504748969,106.45661598101",2021-06-13,33.6,24.2,28.4,40.0,24.2,31.6,23.9,78.0,3.83,100,16.67,rain,0,0,37.1,24.8,153.2,1010.2,48.5,6.1,43.0,3.6,2,,2021-06-13T06:01:47,2021-06-13T17:46:44,0.04,"Rain, Partially cloudy",Partly cloudy throughout the day with a chance of rain throughout the day.,rain,"96737099999,96741099999,WIII,96739099999,WIHH,96749099999,96751099999,96745099999,96749599999"
"-6.48193504748969,106.45661598101",2021-06-14,32.0,24.3,27.8,38.1,24.3,30.4,23.5,78.2,0.0,0,0.0,,0,0,,21.7,122.4,1009.7,53.8,5.8,139.0,11.9,5,,2021-06-14T06:02:01,2021-06-14T17:46:55,0.08,Partially cloudy,Partly cloudy throughout the day.,partly-cloudy-day,"96737099999,96741099999,WIII,96739099999,WIHH,96749099999,96751099999,96745099999,96749599999"
"-6.48193504748969,106.45661598101",2021-06-15,32.4,24.3,27.2,38.0,24.3,28.9,23.3,80.0,33.39,100,12.5,rain,0,0,,25.5,137.6,1009.8,54.8,5.7,216.0,18.8,8,,2021-06-15T06:02:15,2021-06-15T17:47:07,0.12,"Rain, Partially cloudy",Partly cloudy throughout the day with rain.,rain,"96737099999,96741099999,WIII,96739099999,WIHH,96749099999,96751099999,96745099999,96749599999"
"-6.48193504748969,106.45661598101",2021-06-16,32.0,23.7,26.6,37.9,23.7,28.3,23.5,83.4,1.38,100,12.5,rain,0,0,,19.6,181.7,1010.6,54.0,5.3,187.1,16.3,7,,2021-06-16T06:02:29,2021-06-16T17:47:18,0.16,"Rain, Partially cloudy",Partly cloudy throughout the day with rain.,rain,"96737099999,96741099999,WIII,96739099999,WIHH,96749099999,96751099999,96745099999,96749599999"
"-6.48193504748969,106.45661598101",2021-06-17,31.0,24.0,26.8,37.0,24.0,28.7,23.8,84.3,1.77,100,20.83,rain,0,0,,20.2,155.3,1011.7,58.2,4.8,79.0,6.9,3,,2021-06-17T06:02:43,2021-06-17T17:47:31,0.21,"Rain, Partially cloudy",Partly cloudy throughout the day with rain.,rain,"96737099999,96741099999,WIII,96739099999,WIHH,96749099999,96751099999,96745099999,96749599999"
"-6.48193504748969,106.45661598101",2021-06-18,30.4,24.0,26.4,35.3,24.0,27.9,23.6,85.3,11.76,100,16.67,rain,0,0,,18.4,139.0,1011.6,57.7,5.0,161.5,14.0,6,,2021-06-18T06:02:57,2021-06-18T17:47:43,0.27,"Rain, Partially cloudy",Partly cloudy throughout the day with rain.,rain,"96737099999,96741099999,WIII,96739099999,WIHH,96749099999,96751099999,96745099999,96749599999"
"-6.48193504748969,106.45661598101",2021-06-19,27.3,24.0,25.6,30.6,24.0,26.0,23.7,89.5,5.64,100,12.5,rain,0,0,,10.7,158.4,1011.7,68.8,4.0,114.2,9.9,4,,2021-06-19T06:03:11,2021-06-19T17:47:55,0.32,"Rain, Partially cloudy",Partly cloudy throughout the day with rain in the morning and afternoon.,rain,"5BZE2,96737099999,96741099999,WIII,96739099999,WIHH,96749099999,96751099999,96745099999,96749599999"
"-6.48193504748969,106.45661598101",2021-06-20,31.0,23.8,26.1,36.5,23.8,27.3,23.2,84.9,6.24,100,16.67,rain,0,0,37.1,17.8,144.9,1011.2,57.8,5.0,155.1,13.3,5,,2021-06-20T06:03:24,2021-06-20T17:48:08,0.38,"Rain, Partially cloudy",Partly cloudy throughout the day with rain.,rain,"5BZE2,96737099999,96741099999,WIII,96739099999,WIHH,96749099999,96751099999,96745099999,96749599999"
"-6.48193504748969,106.45661598101",2021-06-21,30.4,22.7,25.4,34.9,22.7,26.2,23.1,87.4,6.6,100,20.83,rain,0,0,,19.2,239.4,1011.1,61.1,5.8,149.2,13.0,6,,2021-06-21T06:03:37,2021-06-21T17:48:21,0.42,"Rain, Partially cloudy",Partly cloudy throughout the day with rain.,rain,"5BZE2,96737099999,96741099999,WIII,96739099999,WIHH,96749099999,96751099999,96745099999,96749599999"
"-6.48193504748969,106.45661598101",2021-06-22,31.0,23.1,27.0,34.9,23.1,28.9,22.7,78.6,2.62,100,12.5,rain,0,0,,16.1,177.5,1010.7,47.5,6.5,160.3,13.6,6,,2021-06-22T06:03:50,2021-06-22T17:48:35,0.46,"Rain, Partially cloudy",Partly cloudy throughout the day with rain.,rain,"96737099999,96741099999,WIII,96739099999,WIHH,96749099999,96751099999,96745099999,96749599999"
"-6.48193504748969,106.45661598101",2021-06-23,30.0,23.9,26.6,34.5,23.9,28.2,23.4,83.2,12.66,100,16.67,rain,0,0,,17.5,181.3,1011.4,61.8,4.7,113.2,9.9,4,,2021-06-23T06:04:03,2021-06-23T17:48:48,0.49,"Rain, Partially cloudy",Partly cloudy throughout the day with rain.,rain,"96737099999,96741099999,WIII,96739099999,WIHH,96749099999,96751099999,96745099999,96749599999"
"-6.48193504748969,106.45661598101",2021-06-24,30.4,23.4,26.3,34.7,23.4,27.8,23.4,84.8,0.41,100,16.67,rain,0,0,,13.3,146.2,1010.8,60.0,4.8,60.3,5.2,2,,2021-06-24T06:04:15,2021-06-24T17:49:01,0.5,"Rain, Partially cloudy",Partly cloudy throughout the day with rain.,rain,"96737099999,96741099999,WIII,96739099999,WIHH,96749099999,96751099999,96745099999,96749599999"
"-6.48193504748969,106.45661598101",2021-06-25,32.0,23.4,27.6,36.8,23.4,30.3,23.6,80.2,0.08,100,4.17,rain,0,0,,19.6,107.5,1010.1,46.4,5.7,189.7,16.6,7,,2021-06-25T06:04:27,2021-06-25T17:49:15,0.51,"Rain, Partially cloudy",Partly cloudy throughout the day with afternoon rain.,rain,"96737099999,96741099999,WIII,96739099999,WIHH,96749099999,96751099999,96745099999,96749599999"
"-6.48193504748969,106.45661598101",2021-06-26,32.0,24.3,27.8,36.8,24.3,30.1,23.2,77.0,0.58,100,8.33,rain,0,0,,20.5,131.6,1010.5,47.8,6.3,121.4,10.4,4,,2021-06-26T06:04:39,2021-06-26T17:49:29,0.53,"Rain, Partially cloudy",Partly cloudy throughout the day with rain.,rain,"96737099999,96741099999,WIII,96739099999,WIHH,96749099999,96751099999,96745099999,96749599999"
"-6.48193504748969,106.45661598101",2021-06-27,32.0,23.6,27.3,38.4,23.6,29.6,23.6,81.0,3.19,100,8.33,rain,0,0,,21.0,210.7,1010.7,49.9,5.4,77.4,6.7,3,,2021-06-27T06:04:51,2021-06-27T17:49:42,0.55,"Rain, Partially cloudy",Partly cloudy throughout the day with late afternoon rain.,rain,"96737099999,96741099999,WIII,96739099999,WIHH,96749099999,96751099999,96745099999,96749599999"
"-6.48193504748969,106.45661598101",2021-06-28,31.0,24.0,27.5,36.5,24.0,29.9,23.6,80.2,0.0,0,0.0,,0,0,,15.8,145.7,1010.6,54.5,5.1,133.9,11.6,5,,2021-06-28T06:05:02,2021-06-28T17:49:56,0.59,Partially cloudy,Partly cloudy throughout the day.,partly-cloudy-day,"96737099999,96741099999,WIII,96739099999,WIHH,96749099999,96751099999,96745099999,96749599999"
"-6.48193504748969,106.45661598101",2021-06-29,31.6,23.8,27.1,36.7,23.8,28.9,23.1,79.6,1.39,100,8.33,rain,0,0,,18.4,190.0,1010.3,48.9,5.1,154.3,13.4,6,,2021-06-29T06:05:12,2021-06-29T17:50:10,0.64,"Rain, Partially cloudy",Partly cloudy throughout the day with rain.,rain,"96737099999,96741099999,WIII,96739099999,WIHH,96749099999,96751099999,96745099999,96749599999"
"-6.48193504748969,106.45661598101",2021-06-30,30.0,23.6,26.7,35.1,23.6,28.5,23.4,82.4,2.65,100,16.67,rain,0,0,,18.1,228.2,1011.0,61.0,5.1,154.3,13.4,5,,2021-06-30T06:05:22,2021-06-30T17:50:24,0.69,"Rain, Partially cloudy",Partly cloudy throughout the day with a chance of rain throughout the day.,rain,"96737099999,96741099999,WIII,96739099999,WIHH,96749099999,96751099999,96745099999,96749599999"
"-6.48193504748969,106.45661598101",2021-07-01,30.4,23.4,26.1,35.1,23.4,27.3,23.3,85.4,7.97,100,20.83,rain,0,0,,18.7,113.3,1010.8,67.3,4.7,82.6,7.1,3,,2021-07-01T06:05:32,2021-07-01T17:50:37,0.74,"Rain, Partially cloudy",Partly cloudy throughout the day with a chance of rain throughout the day.,rain,"96737099999,96741099999,WIII,96739099999,WIHH,96749099999,96751099999,96745099999,96749599999"
"-6.48193504748969,106.45661598101",2021-07-02,32.4,22.8,27.8,37.9,22.8,30.4,23.1,76.8,0.0,0,0.0,,0,0,,24.1,100.5,1009.3,48.9,6.4,226.7,19.6,8,,2021-07-02T06:05:41,2021-07-02T17:50:51,0.78,Partially cloudy,Partly cloudy throughout the day.,partly-cloudy-day,"96737099999,96741099999,WIII,96739099999,WIHH,96749099999,96751099999,96745099999,96749599999"
"-6.48193504748969,106.45661598101",2021-07-03,33.0,23.6,28.0,36.4,23.6,30.1,22.7,74.2,0.0,0,0.0,,0,0,,22.0,107.6,1009.7,43.2,6.0,228.6,19.7,8,,2021-07-03T06:05:50,2021-07-03T17:51:05,0.83,Partially cloudy,Partly cloudy throughout the day.,partly-cloudy-day,"96737099999,96741099999,WIII,96739099999,WIHH,96749099999,96751099999,96745099999,96749599999"
"-6.48193504748969,106.45661598101",2021-07-04,33.0,23.4,28.2,36.7,23.4,30.4,22.7,73.7,0.0,0,0.0,,0,0,,14.8,174.0,1009.6,41.8,5.2,195.8,17.0,7,,2021-07-04T06:05:58,2021-07-04T17:51:18,0.88,Partially cloudy,Partly cloudy throughout the day.,partly-cloudy-day,"96737099999,96741099999,WIII,96739099999,WIHH,96749099999,96751099999,96745099999,96749599999"
"-6.48193504748969,106.45661598101",2021-07-05,31.8,23.8,28.1,37.7,23.8,30.9,23.2,75.7,10.15,100,4.17,rain,0,0,,14.8,154.8,1008.6,49.1,4.7,243.1,20.9,8,,2021-07-05T06:06:06,2021-07-05T17:51:32,0.91,"Rain, Partially cloudy",Partly cloudy throughout the day with late afternoon rain.,rain,"96737099999,96741099999,WIII,96739099999,WIHH,96749099999,96751099999,96745099999,96749599999"
"-6.48193504748969,106.45661598101",2021-07-06,32.0,23.8,27.9,35.9,23.8,29.9,22.4,72.9,0.04,100,4.17,rain,0,0,,16.3,171.8,1008.6,53.8,5.6,252.9,22.0,9,,2021-07-06T06:06:13,2021-07-06T17:51:45,0.95,"Rain, Partially cloudy",Partly cloudy throughout the day with early morning rain.,rain,"96737099999,96741099999,WIII,96739099999,WIHH,96749099999,96751099999,96745099999,96749599999"
"-6.48193504748969,106.45661598101",2021-07-07,32.4,23.6,27.8,36.0,23.6,29.7,21.9,71.4,0.0,0,0.0,,0,0,,17.3,133.6,1009.0,48.3,5.9,253.4,21.9,9,,2021-07-07T06:06:20,2021-07-07T17:51:58,0.97,Partially cloudy,Partly cloudy throughout the day.,partly-cloudy-day,"96737099999,96741099999,WIII,96739099999,WIHH,96749099999,96751099999,96745099999,96749599999"
"-6.48193504748969,106.45661598101",2021-07-08,32.4,22.8,27.7,35.1,22.8,29.3,21.6,70.9,0.0,0,0.0,,0,0,,20.2,128.8,1009.3,45.4,5.5,237.6,20.6,8,,2021-07-08T06:06:26,2021-07-08T17:52:11,0.99,Partially cloudy,Partly cloudy throughout the day.,partly-cloudy-day,"96737099999,96741099999,WIII,96739099999,WIHH,96749099999,96751099999,96745099999,96749599999"
"-6.48193504748969,106.45661598101",2021-07-09,33.4,24.0,28.5,37.9,24.0,31.2,22.5,71.3,0.24,100,8.33,rain,0,0,,18.9,120.5,1008.1,44.7,5.8,233.4,20.2,8,,2021-07-09T06:06:32,2021-07-09T17:52:23,1.0,"Rain, Partially cloudy",Partly cloudy throughout the day with rain.,rain,"96737099999,96741099999,WIII,96739099999,WIHH,96749099999,96751099999,96745099999,96749599999"
"-6.48193504748969,106.45661598101",2021-07-10,32.0,25.3,28.4,38.4,25.3,32.0,24.0,77.6,0.08,100,8.33,rain,0,0,35.3,24.6,97.4,1007.7,54.0,6.4,187.7,16.2,7,,2021-07-10T06:06:36,2021-07-10T17:52:36,0.0,"Rain, Partially cloudy",Partly cloudy throughout the day with morning rain.,rain,"96737099999,96741099999,WIII,96739099999,WIHH,96749099999,96751099999,96745099999,96749599999"
"-6.48193504748969,106.45661598101",2021-07-11,32.6,24.7,28.1,38.2,24.7,31.0,23.8,78.7,9.37,100,12.5,rain,0,0,,29.3,88.1,1008.9,57.5,6.4,137.6,11.9,5,,2021-07-11T06:06:41,2021-07-11T17:52:48,0.01,"Rain, Partially cloudy",Partly cloudy throughout the day with rain.,rain,"96737099999,96741099999,WIII,96739099999,WIHH,96749099999,96751099999,96745099999,96749599999"
"-6.48193504748969,106.45661598101",2021-07-12,33.0,24.0,28.3,36.9,24.0,30.3,22.5,72.6,0.06,100,8.33,rain,0,0,37.1,26.4,129.9,1009.4,51.2,6.4,248.8,21.5,9,,2021-07-12T06:06:44,2021-07-12T17:53:00,0.03,"Rain, Partially cloudy",Partly cloudy throughout the day with rain clearing later.,rain,"96737099999,96741099999,WIII,96739099999,WIHH,96749099999,96751099999,96745099999,96749599999"
"-6.48193504748969,106.45661598101",2021-07-13,31.0,22.9,26.6,35.9,22.9,28.3,22.5,78.9,0.54,100,8.33,rain,0,0,,16.6,269.8,1009.4,49.1,5.4,215.4,18.7,8,,2021-07-13T06:06:47,2021-07-13T17:53:11,0.06,"Rain, Partially cloudy",Partly cloudy throughout the day with rain.,rain,"96737099999,96741099999,WIII,WIHH,96739099999,96749099999,96751099999,96749599999,96745099999"
"-6.48193504748969,106.45661598101",2021-07-14,30.8,23.6,27.0,34.5,23.6,28.4,22.5,77.2,0.0,0,0.0,,0,0,,14.8,208.4,1009.5,59.5,5.6,118.6,10.3,4,,2021-07-14T06:06:50,2021-07-14T17:53:23,0.1,Partially cloudy,Partly cloudy throughout the day.,partly-cloudy-day,"96737099999,96741099999,WIII,96739099999,WIHH,96749099999,96751099999,96745099999,96749599999"
"-6.48193504748969,106.45661598101",2021-07-15,31.8,22.6,27.6,35.2,22.6,29.5,22.4,74.7,0.0,0,0.0,,0,0,,15.8,225.1,1009.7,48.0,4.9,223.1,19.2,8,,2021-07-15T06:06:51,2021-07-15T17:53:34,0.14,Partially cloudy,Partly cloudy throughout the day.,partly-cloudy-day,"96737099999,96741099999,WIII,96739099999,WIHH,96749099999,96751099999,96745099999,96749599999"
"-6.48193504748969,106.45661598101",2021-07-16,32.4,23.0,27.8,34.8,23.0,29.3,21.6,70.8,0.0,0,0.0,,0,0,,23.4,105.7,1010.5,41.3,5.6,234.7,20.4,9,,2021-07-16T06:06:52,2021-07-16T17:53:45,0.2,Partially cloudy,Partly cloudy throughout the day.,partly-cloudy-day,"96737099999,96741099999,WIII,96739099999,WIHH,96749099999,96751099999,96745099999,96749599999"
"-6.48193504748969,106.45661598101",2021-07-17,33.4,23.3,28.2,36.4,23.3,30.1,21.8,69.8,0.0,0,0.0,,0,0,,22.3,121.1,1010.2,43.7,6.3,242.5,20.9,8,,2021-07-17T06:06:53,2021-07-17T17:53:55,0.25,Partially cloudy,Partly cloudy throughout the day.,partly-cloudy-day,"96737099999,96741099999,WIII,96739099999,WIHH,96749099999,96751099999,96745099999,96749599999"
"-6.48193504748969,106.45661598101",2021-07-18,33.3,22.8,28.1,37.5,22.8,30.2,22.1,71.1,0.0,0,0.0,,0,0,,17.9,176.0,1008.9,41.2,5.6,241.5,20.9,8,,2021-07-18T06:06:52,2021-07-18T17:54:05,0.31,Partially cloudy,Partly cloudy throughout the day.,partly-cloudy-day,"96737099999,96741099999,WIII,96739099999,WIHH,96749099999,96751099999,96745099999,96749599999"
"-6.48193504748969,106.45661598101",2021-07-19,32.0,24.4,27.9,36.4,24.4,30.4,23.2,76.7,0.56,100,16.67,rain,0,0,,14.0,150.1,1009.7,50.9,4.6,190.1,16.5,7,,2021-07-19T06:06:51,2021-07-19T17:54:14,0.37,"Rain, Partially cloudy",Partly cloudy throughout the day with rain.,rain,"96737099999,96741099999,WIII,96739099999,WIHH,96749099999,96751099999,96745099999,96749599999"
"-6.48193504748969,106.45661598101",2021-07-20,32.4,23.4,27.7,37.3,23.4,30.1,23.4,78.6,3.41,100,12.5,rain,0,0,,17.4,136.1,1011.0,51.2,5.2,165.9,14.6,6,,2021-07-20T06:06:49,2021-07-20T17:54:24,0.41,"Rain, Partially cloudy",Partly cloudy throughout the day with rain.,rain,"96737099999,96741099999,WIII,96739099999,WIHH,96749099999,96751099999,96745099999,96749599999"
"-6.48193504748969,106.45661598101",2021-07-21,32.0,24.3,28.1,36.8,24.3,30.7,23.4,76.6,0.19,100,8.33,rain,0,0,,18.4,194.9,1011.4,58.9,6.2,126.5,10.8,5,,2021-07-21T06:06:47,2021-07-21T17:54:32,0.45,"Rain, Partially cloudy",Partly cloudy throughout the day with rain.,rain,"96737099999,96741099999,WIII,96739099999,WIHH,96749099999,96751099999,96745099999,96749599999"
"-6.48193504748969,106.45661598101",2021-07-22,31.4,24.7,28.0,37.1,24.7,30.9,23.6,77.7,0.14,100,4.17,rain,0,0,,16.6,113.3,1010.0,56.7,5.2,116.9,10.0,5,,2021-07-22T06:06:43,2021-07-22T17:54:41,0.48,"Rain, Partially cloudy",Partly cloudy throughout the day with early morning rain.,rain,"96737099999,96741099999,WIII,96739099999,WIHH,96749099999,96751099999,96745099999,96749599999"
"-6.48193504748969,106.45661598101",2021-07-23,31.0,24.3,27.0,36.1,24.3,28.7,23.5,81.9,10.03,100,25.0,rain,0,0,,18.1,197.8,1010.4,68.0,5.0,173.5,15.0,6,,2021-07-23T06:06:39,2021-07-23T17:54:49,0.5,"Rain, Partially cloudy",Partly cloudy throughout the day with a chance of rain throughout the day.,rain,"96737099999,96741099999,WIII,96739099999,WIHH,96749099999,96751099999,96745099999,96749599999"
"-6.48193504748969,106.45661598101",2021-07-24,31.0,23.2,26.7,35.1,23.2,28.3,23.2,81.9,28.36,100,16.67,rain,0,0,,22.8,154.6,1011.1,52.0,5.0,163.5,14.3,6,,2021-07-24T06:06:34,2021-07-24T17:54:56,0.5,"Rain, Partially cloudy",Partly cloudy throughout the day with rain.,rain,"96737099999,96741099999,WIII,96739099999,WIHH,96749099999,96751099999,96745099999,96749599999"
"-6.48193504748969,106.45661598101",2021-07-25,33.4,22.4,27.3,35.9,22.4,28.6,21.9,74.5,0.0,0,0.0,,0,0,,22.3,129.2,1010.7,34.3,5.5,253.3,21.8,9,,2021-07-25T06:06:29,2021-07-25T17:55:03,0.52,Partially cloudy,Partly cloudy throughout the day.,partly-cloudy-day,"96737099999,96741099999,WIII,96739099999,WIHH,96749099999,96751099999,96745099999,96749599999"
"-6.48193504748969,106.45661598101",2021-07-26,33.0,22.2,27.4,35.0,22.2,28.4,20.7,68.5,0.0,0,0.0,,0,0,,26.7,129.6,1010.5,40.4,6.3,268.3,22.9,9,,2021-07-26T06:06:23,2021-07-26T17:55:10,0.54,Partially cloudy,Partly cloudy throughout the day.,partly-cloudy-day,"96737099999,96741099999,WIII,96739099999,WIHH,96749099999,96751099999,96745099999,96749599999"
"-6.48193504748969,106.45661598101",2021-07-27,32.8,22.1,27.2,34.6,22.1,27.9,19.8,66.5,0.0,0,0.0,,0,0,,21.7,147.2,1010.3,35.1,5.8,266.6,23.3,9,,2021-07-27T06:06:16,2021-07-27T17:55:16,0.57,Partially cloudy,Partly cloudy throughout the day.,partly-cloudy-day,"96737099999,96741099999,WIII,96739099999,WIHH,96749099999,96751099999,96745099999,96749599999"
"-6.48193504748969,106.45661598101",2021-07-28,32.8,21.5,27.2,34.3,21.5,28.0,19.9,66.3,0.0,0,0.0,,0,0,,20.0,156.0,1010.6,35.6,5.8,261.3,22.5,9,,2021-07-28T06:06:08,2021-07-28T17:55:22,0.61,Partially cloudy,Partly cloudy throughout the day.,partly-cloudy-day,"96737099999,96741099999,WIII,96739099999,WIHH,96749099999,96751099999,96745099999,96749599999"
"-6.48193504748969,106.45661598101",2021-07-29,32.8,22.1,27.8,35.6,22.1,29.3,21.1,68.4,0.0,0,0.0,,0,0,,17.2,218.6,1011.1,47.9,5.2,242.1,20.9,9,,2021-07-29T06:05:59,2021-07-29T17:55:27,0.66,Partially cloudy,Partly cloudy throughout the day.,partly-cloudy-day,"96737099999,96741099999,WIII,96739099999,WIHH,96749099999,96751099999,96745099999,96749599999"
"-6.48193504748969,106.45661598101",2021-07-30,32.8,23.7,28.6,37.3,23.7,31.2,22.5,70.8,0.0,0,0.0,,0,0,,14.8,164.1,1011.4,49.2,5.1,249.6,21.6,9,,2021-07-30T06:05:50,2021-07-30T17:55:32,0.7,Partially cloudy,Partly cloudy throughout the day.,partly-cloudy-day,"96737099999,96741099999,WIII,96739099999,WIHH,96749099999,96751099999,96745099999,96749599999"
"-6.48193504748969,106.45661598101",2021-07-31,31.8,25.0,27.9,36.9,25.0,30.5,23.2,76.2,22.81,100,12.5,rain,0,0,,18.4,179.6,1011.4,59.6,5.4,142.6,12.2,5,,2021-07-31T06:05:40,2021-07-31T17:55:36,0.75,"Rain, Partially cloudy",Partly cloudy throughout the day with rain.,rain,"96737099999,96741099999,WIII,96739099999,WIHH,96749099999,96751099999,96745099999,96749599999"
"-6.48193504748969,106.45661598101",2021-08-01,31.6,23.9,27.3,36.1,23.9,29.1,23.2,79.7,25.35,100,20.83,rain,0,0,,18.4,126.6,1010.6,56.9,5.6,179.6,15.5,7,,2021-08-01T06:05:30,2021-08-01T17:55:40,0.8,"Rain, Partially cloudy",Partly cloudy throughout the day with rain.,rain,"96737099999,96741099999,WIII,96739099999,WIHH,96749099999,96751099999,96745099999,96749599999"
"-6.48193504748969,106.45661598101",2021-08-02,31.8,24.4,27.7,36.7,24.4,29.8,22.9,76.2,5.31,100,8.33,rain,0,0,,22.0,197.2,1010.7,58.6,6.2,218.9,19.0,8,,2021-08-02T06:05:18,2021-08-02T17:55:43,0.84,"Rain, Partially cloudy",Partly cloudy throughout the day with rain.,rain,"96737099999,96741099999,WIII,96739099999,WIHH,96749099999,96751099999,96745099999,96749599999"
"-6.48193504748969,106.45661598101",2021-08-03,32.0,23.9,28.1,37.2,23.9,30.7,23.0,74.8,0.03,100,4.17,rain,0,0,,18.7,135.0,1011.2,47.5,6.1,205.7,17.8,8,,2021-08-03T06:05:06,2021-08-03T17:55:46,0.89,"Rain, Partially cloudy",Partly cloudy throughout the day with afternoon rain.,rain,"96737099999,96741099999,WIII,96739099999,WIHH,96749099999,96751099999,96745099999,96749599999"
"-6.48193504748969,106.45661598101",2021-08-04,32.4,24.5,28.1,36.9,24.5,30.4,22.9,74.9,38.31,100,20.83,rain,0,0,,21.5,151.4,1011.9,49.2,6.3,211.9,18.3,7,,2021-08-04T06:04:53,2021-08-04T17:55:49,0.93,"Rain, Partially cloudy",Partly cloudy throughout the day with rain.,rain,"96737099999,96741099999,WIII,WIHH,96739099999,96749099999,96751099999,96749599999,96745099999"
"-6.48193504748969,106.45661598101",2021-08-05,32.0,23.7,26.2,36.8,23.7,27.3,22.9,82.6,4.04,100,12.5,rain,0,0,,20.5,177.2,1012.4,53.9,5.4,103.4,8.9,4,,2021-08-05T06:04:40,2021-08-05T17:55:50,0.96,"Rain, Partially cloudy",Partly cloudy throughout the day with rain.,rain,"96737099999,96741099999,WIII,96739099999,WIHH,96749099999,96751099999,96745099999,96749599999"
"-6.48193504748969,106.45661598101",2021-08-06,33.0,22.7,27.7,37.6,22.7,29.5,22.2,73.5,0.0,0,0.0,,0,0,,32.1,137.7,1011.4,42.7,6.4,209.8,18.1,8,,2021-08-06T06:04:25,2021-08-06T17:55:52,0.98,Partially cloudy,Partly cloudy throughout the day.,partly-cloudy-day,"96737099999,96741099999,WIII,96739099999,WIHH,96749099999,96751099999,96745099999,96749599999"
"-6.48193504748969,106.45661598101",2021-08-07,33.0,23.9,28.5,38.7,23.9,31.5,23.3,74.4,0.0,0,0.0,,0,0,,24.7,99.6,1011.3,41.9,6.9,228.4,19.8,8,,2021-08-07T06:04:10,2021-08-07T17:55:53,1.0,Partially cloudy,Partly cloudy throughout the day.,partly-cloudy-day,"96737099999,96741099999,WIII,WIHH,96739099999,96749099999,96751099999,96749599999,96745099999"
"-6.48193504748969,106.45661598101",2021-08-08,33.0,24.5,28.6,38.5,24.5,32.1,23.7,75.7,0.59,100,8.33,rain,0,0,,28.5,102.0,1011.2,44.1,6.6,206.2,17.8,7,,2021-08-08T06:03:55,2021-08-08T17:55:53,1.0,"Rain, Partially cloudy",Partly cloudy throughout the day with afternoon rain.,rain,"96737099999,96741099999,WIII,96739099999,WIHH,96749099999,96751099999,96745099999,96749599999"
"-6.48193504748969,106.45661598101",2021-08-09,32.2,24.2,28.5,38.1,24.2,31.7,23.6,75.8,18.64,100,8.33,rain,0,0,35.3,26.7,92.8,1010.2,55.2,6.5,138.8,12.0,5,,2021-08-09T06:03:38,2021-08-09T17:55:53,0.0,"Rain, Partially cloudy",Partly cloudy throughout the day with rain.,rain,"96737099999,96741099999,WIII,96739099999,WIHH,96749099999,96751099999,96745099999,96749599999"
"-6.48193504748969,106.45661598101",2021-08-10,29.8,23.6,26.3,34.5,23.6,28.2,23.6,85.6,25.36,100,16.67,rain,0,0,,14.6,166.9,1010.5,69.5,4.9,195.0,16.8,7,,2021-08-10T06:03:21,2021-08-10T17:55:53,0.02,"Rain, Partially cloudy",Partly cloudy throughout the day with rain clearing later.,rain,"96737099999,96741099999,WIII,WIHH,96739099999,96749099999,96751099999,96749599999,96745099999"
"-6.48193504748969,106.45661598101",2021-08-11,32.5,23.8,28.1,35.9,23.8,29.9,22.3,72.7,0.0,0,0.0,,0,0,,25.2,109.6,1010.7,43.9,6.0,270.6,23.3,9,,2021-08-11T06:03:03,2021-08-11T17:55:52,0.05,Partially cloudy,Partly cloudy throughout the day.,partly-cloudy-day,"96737099999,96741099999,WIII,96739099999,WIHH,96749099999,96751099999,96745099999,96749599999"
"-6.48193504748969,106.45661598101",2021-08-12,33.0,23.5,28.5,35.2,23.5,29.8,20.8,65.3,0.0,0,0.0,,0,0,,19.2,109.3,1011.9,36.1,6.8,278.8,24.1,9,,2021-08-12T06:02:45,2021-08-12T17:55:50,0.09,Partially cloudy,Partly cloudy throughout the day.,partly-cloudy-day,"96737099999,96741099999,WIII,96739099999,WIHH,96749099999,96751099999,96745099999,96749599999"
"-6.48193504748969,106.45661598101",2021-08-13,31.0,23.7,27.1,35.2,23.7,29.0,22.7,77.2,0.0,0,0.0,,0,0,,26.7,137.5,1010.9,52.9,5.5,235.9,20.3,8,,2021-08-13T06:02:26,2021-08-13T17:55:48,0.13,Partially cloudy,Partly cloudy throughout the day.,partly-cloudy-day,"96737099999,96741099999,WIII,96739099999,WIHH,96749099999,96751099999,96745099999,96749599999"
"-6.48193504748969,106.45661598101",2021-08-14,33.4,23.8,28.2,37.7,23.8,30.3,22.6,73.4,0.0,0,0.0,,0,0,,29.3,146.5,1009.2,45.2,5.3,237.4,20.5,8,,2021-08-14T06:02:06,2021-08-14T17:55:46,0.19,Partially cloudy,Partly cloudy throughout the day.,partly-cloudy-day,"96737099999,96741099999,WIII,96739099999,WIHH,96749099999,96751099999,96745099999,96749599999"
"-6.48193504748969,106.45661598101",2021-08-15,34.4,24.2,28.7,36.8,24.2,30.3,21.6,67.5,0.0,0,0.0,,0,0,42.5,36.0,125.0,1010.1,40.8,6.7,214.3,18.6,8,,2021-08-15T06:01:46,2021-08-15T17:55:43,0.24,Partially cloudy,Partly cloudy throughout the day.,partly-cloudy-day,"96737099999,96741099999,WIII,96739099999,WIHH,96749099999,96751099999,96745099999,96749599999"
"-6.48193504748969,106.45661598101",2021-08-16,33.4,23.6,28.4,37.3,23.6,30.7,22.1,70.1,0.0,0,0.0,,0,0,,25.5,129.5,1011.5,38.6,7.3,226.2,19.6,8,,2021-08-16T06:01:25,2021-08-16T17:55:40,0.3,Partially cloudy,Partly cloudy throughout the day.,partly-cloudy-day,"96737099999,96741099999,WIII,96739099999,WIHH,96749099999,96751099999,96745099999,96749599999"
"-6.48193504748969,106.45661598101",2021-08-17,33.0,24.5,28.3,37.0,24.5,30.5,22.5,72.2,0.0,0,0.0,,0,0,,22.0,158.5,1011.1,44.7,5.9,267.1,23.0,9,,2021-08-17T06:01:03,2021-08-17T17:55:36,0.35,Partially cloudy,Partly cloudy throughout the day.,partly-cloudy-day,"96737099999,96741099999,WIII,96739099999,WIHH,96749099999,96751099999,96745099999,96749599999"
"-6.48193504748969,106.45661598101",2021-08-18,32.0,24.7,27.7,36.5,24.7,29.7,22.8,75.3,8.15,100,12.5,rain,0,0,,16.1,243.7,1010.0,53.4,5.2,223.8,19.4,8,,2021-08-18T06:00:41,2021-08-18T17:55:32,0.4,"Rain, Partially cloudy",Partly cloudy throughout the day with rain.,rain,"96737099999,96741099999,WIII,96739099999,WIHH,96749099999,96751099999,96745099999,96749599999"
"-6.48193504748969,106.45661598101",2021-08-19,32.0,23.0,27.1,35.9,23.0,28.5,22.2,75.8,1.66,100,12.5,rain,0,0,,15.3,200.0,1009.5,50.1,5.3,168.8,14.6,6,,2021-08-19T06:00:19,2021-08-19T17:55:27,0.44,"Rain, Partially cloudy",Partly cloudy throughout the day with rain.,rain,"96737099999,96741099999,WIII,96739099999,WIHH,96749099999,96751099999,96745099999,96749599999"
"-6.48193504748969,106.45661598101",2021-08-20,32.0,23.2,27.5,35.1,23.2,29.1,22.0,73.3,4.48,100,12.5,rain,0,0,,17.3,196.4,1010.2,53.6,5.7,159.0,13.6,6,,2021-08-20T05:59:55,2021-08-20T17:55:22,0.48,"Rain, Partially cloudy",Partly cloudy throughout the day with rain.,rain,"96737099999,96741099999,WIII,96739099999,WIHH,96749099999,96751099999,96745099999,96749599999"
"-6.48193504748969,106.45661598101",2021-08-21,31.0,23.5,26.7,34.5,23.5,28.1,22.4,78.3,2.86,100,8.33,rain,0,0,,18.9,186.5,1011.0,54.9,5.2,188.1,16.3,7,,2021-08-21T05:59:32,2021-08-21T17:55:17,0.49,"Rain, Partially cloudy",Partly cloudy throughout the day with late afternoon rain.,rain,"96737099999,96741099999,WIII,WIHH,96739099999,96749099999,96751099999,96749599999,96745099999"
"-6.48193504748969,106.45661598101",2021-08-22,32.4,23.0,27.5,37.0,23.0,29.9,22.7,76.0,0.0,0,0.0,,0,0,,26.5,121.6,1010.1,48.2,6.5,237.6,20.6,9,,2021-08-22T05:59:07,2021-08-22T17:55:11,0.5,Partially cloudy,Partly cloudy throughout the day.,partly-cloudy-day,"96737099999,96741099999,WIII,96739099999,WIHH,96749099999,96751099999,96745099999,96749599999"
"-6.48193504748969,106.45661598101",2021-08-23,32.4,24.1,28.1,36.6,24.1,30.7,23.1,75.6,0.08,100,4.17,rain,0,0,,19.2,170.6,1010.1,49.3,5.3,218.6,18.9,8,,2021-08-23T05:58:42,2021-08-23T17:55:05,0.51,"Rain, Partially cloudy",Partly cloudy throughout the day with late afternoon rain.,rain,"96737099999,96741099999,WIII,96739099999,WIHH,96749099999,96751099999,96745099999,96749599999"
"-6.48193504748969,106.45661598101",2021-08-24,31.1,24.4,27.4,36.5,24.4,29.6,23.7,80.9,15.8,100,16.67,rain,0,0,,16.3,245.0,1010.4,59.4,4.6,269.8,23.1,9,,2021-08-24T05:58:17,2021-08-24T17:54:58,0.53,"Rain, Partially cloudy",Partly cloudy throughout the day with rain.,rain,"96737099999,96741099999,WIII,96739099999,WIHH,96749099999,96751099999,96745099999,96749599999"
"-6.48193504748969,106.45661598101",2021-08-25,32.3,23.5,27.8,35.2,23.5,29.5,22.1,72.6,2.09,100,8.33,rain,0,0,,16.1,117.4,1009.8,51.0,5.0,283.5,24.6,10,,2021-08-25T05:57:51,2021-08-25T17:54:52,0.55,"Rain, Partially cloudy",Partly cloudy throughout the day with rain in the morning and afternoon.,rain,"96737099999,96741099999,WIII,96739099999,WIHH,96749099999,96751099999,96745099999,96749599999"
"-6.48193504748969,106.45661598101",2021-08-26,32.8,23.4,28.2,36.8,23.4,30.1,21.8,69.5,0.0,0,0.0,,0,0,,24.1,153.6,1008.9,43.5,6.0,273.7,23.8,9,,2021-08-26T05:57:25,2021-08-26T17:54:44,0.59,Partially cloudy,Partly cloudy throughout the day.,partly-cloudy-day,"96737099999,96741099999,WIII,96739099999,WIHH,96749099999,96751099999,96745099999,96749599999"
"-6.48193504748969,106.45661598101",2021-08-27,33.0,23.3,28.0,37.8,23.3,30.0,22.1,71.9,0.02,100,4.17,rain,0,0,,19.0,194.4,1009.3,41.1,5.6,283.5,24.5,10,,2021-08-27T05:56:58,2021-08-27T17:54:37,0.63,"Rain, Partially cloudy",Partly cloudy throughout the day with late afternoon rain.,rain,"96737099999,96741099999,WIII,96739099999,WIHH,96749099999,96751099999,96745099999,96749599999"
"-6.48193504748969,106.45661598101",2021-08-28,33.4,23.8,28.4,37.3,23.8,30.2,21.9,69.6,0.0,0,0.0,,0,0,,19.7,160.4,1008.2,41.6,5.6,271.4,23.4,9,,2021-08-28T05:56:31,2021-08-28T17:54:29,0.67,Partially cloudy,Partly cloudy throughout the day.,partly-cloudy-day,"96737099999,96741099999,WIII,96739099999,WIHH,96749099999,96751099999,96745099999,96749599999"
"-6.48193504748969,106.45661598101",2021-08-29,29.8,24.0,27.1,34.6,24.0,29.2,23.1,79.4,0.11,100,4.17,rain,0,0,,15.8,221.9,1008.9,53.0,4.2,233.6,20.2,9,,2021-08-29T05:56:03,2021-08-29T17:54:21,0.72,"Rain, Partially cloudy",Partly cloudy throughout the day with afternoon rain.,rain,"96737099999,96741099999,WIII,96739099999,WIHH,96749099999,96751099999,96745099999,96749599999"
"-6.48193504748969,106.45661598101",2021-08-30,31.4,24.0,27.9,37.3,24.0,30.5,23.6,78.4,0.0,0,0.0,,0,0,,15.3,225.1,1009.2,54.1,4.8,235.8,20.4,9,,2021-08-30T05:55:35,2021-08-30T17:54:12,0.76,Partially cloudy,Partly cloudy throughout the day.,partly-cloudy-day,"96737099999,96741099999,WIII,96739099999,WIHH,96749099999,96751099999,96745099999,96749599999"
"-6.48193504748969,106.45661598101",2021-08-31,31.0,24.5,27.7,37.4,24.5,30.3,23.6,78.9,9.49,100,12.5,rain,0,0,,13.0,217.0,1009.7,62.2,4.7,171.8,14.9,7,,2021-08-31T05:55:07,2021-08-31T17:54:04,0.81,"Rain, Partially cloudy",Partly cloudy throughout the day with rain.,rain,"96737099999,96741099999,WIII,96739099999,WIHH,96749099999,96751099999,96745099999,96749599999"
"-6.48193504748969,106.45661598101",2021-09-01,33.4,23.4,28.3,38.5,23.4,31.0,23.1,75.1,4.06,100,4.17,rain,0,0,,26.5,153.2,1010.0,45.9,5.8,272.4,23.6,10,,2021-09-01T05:54:38,2021-09-01T17:53:55,0.86,"Rain, Partially cloudy",Partly cloudy throughout the day with afternoon rain.,rain,"96737099999,96741099999,WIII,96739099999,WIHH,96749099999,96751099999,96745099999,96749599999"
"-6.48193504748969,106.45661598101",2021-09-02,32.0,23.8,28.2,36.2,23.8,30.6,22.9,74.1,0.0,0,0.0,,0,0,,15.5,198.0,1010.4,50.8,5.8,274.9,23.7,10,,2021-09-02T05:54:09,2021-09-02T17:53:46,0.9,Partially cloudy,Partly cloudy throughout the day.,partly-cloudy-day,"96737099999,96741099999,WIII,96739099999,WIHH,96749099999,96751099999,96745099999,96749599999"
"-6.48193504748969,106.45661598101",2021-09-03,32.8,24.4,28.4,38.5,24.4,30.9,22.9,73.0,0.0,0,0.0,,0,0,,15.8,135.0,1009.6,54.5,5.5,248.2,21.5,9,,2021-09-03T05:53:40,2021-09-03T17:53:36,0.94,Partially cloudy,Partly cloudy throughout the day.,partly-cloudy-day,"96737099999,96741099999,WIII,WIHH,96739099999,96749099999,96751099999,96749599999,96745099999"
"-6.48193504748969,106.45661598101",2021-09-04,32.1,24.4,28.3,36.4,24.4,30.4,22.5,72.1,0.0,0,0.0,,0,0,,14.8,236.9,1010.0,43.0,6.2,274.5,23.9,10,,2021-09-04T05:53:10,2021-09-04T17:53:27,0.97,Partially cloudy,Partly cloudy throughout the day.,partly-cloudy-day,"96737099999,96741099999,WIII,96739099999,WIHH,96749099999,96751099999,96745099999,96749599999"
"-6.48193504748969,106.45661598101",2021-09-05,33.0,24.8,28.4,38.3,24.8,31.2,23.1,73.7,0.41,100,4.17,rain,0,0,,22.8,143.6,1010.0,47.5,5.8,266.6,23.1,9,,2021-09-05T05:52:40,2021-09-05T17:53:17,0.99,"Rain, Partially cloudy",Partly cloudy throughout the day with afternoon rain.,rain,"96737099999,96741099999,WIII,96739099999,WIHH,96749099999,96751099999,96745099999,96749599999"
"-6.48193504748969,106.45661598101",2021-09-06,32.4,24.9,27.7,38.1,24.9,30.3,23.5,78.6,3.64,100,20.83,rain,0,0,,24.8,140.0,1010.5,66.2,5.9,230.0,19.8,8,,2021-09-06T05:52:10,2021-09-06T17:53:07,1.0,"Rain, Partially cloudy",Partly cloudy throughout the day with rain.,rain,"96737099999,96741099999,WIII,96739099999,WIHH,96749099999,96751099999,96745099999,96749599999"
"-6.48193504748969,106.45661598101",2021-09-07,30.3,24.2,26.3,35.5,24.2,27.9,23.4,84.3,14.39,100,20.83,rain,0,0,,14.3,227.5,1011.2,58.6,5.5,208.6,17.9,8,,2021-09-07T05:51:39,2021-09-07T17:52:57,0.0,"Rain, Partially cloudy",Partly cloudy throughout the day with rain.,rain,"96737099999,96741099999,WIII,96739099999,WIHH,96749099999,96751099999,96745099999,96749599999"
"-6.48193504748969,106.45661598101",2021-09-08,32.0,23.3,27.0,37.0,23.3,29.0,23.2,81.2,44.95,100,12.5,rain,0,0,,18.1,213.9,1010.4,58.5,5.5,286.5,24.6,10,,2021-09-08T05:51:09,2021-09-08T17:52:46,0.01,"Rain, Partially cloudy",Partly cloudy throughout the day with rain.,rain,"96737099999,96741099999,WIII,96739099999,WIHH,96749099999,96751099999,96745099999,96749599999"
"-6.48193504748969,106.45661598101",2021-09-09,32.6,22.7,27.7,38.0,22.7,29.4,21.7,72.1,0.0,0,0.0,,0,0,,16.6,120.7,1010.6,41.2,7.2,303.5,26.3,10,,2021-09-09T05:50:38,2021-09-09T17:52:36,0.04,Partially cloudy,Partly cloudy throughout the day.,partly-cloudy-day,"96737099999,96741099999,WIII,96739099999,WIHH,96749099999,96751099999,96745099999,96749599999"
"-6.48193504748969,106.45661598101",2021-09-10,32.6,23.1,27.9,35.8,23.1,29.5,21.5,69.9,0.0,0,0.0,,0,0,,17.4,230.5,1011.0,42.4,6.7,281.8,24.3,10,,2021-09-10T05:50:07,2021-09-10T17:52:25,0.07,Partially cloudy,Partly cloudy throughout the day.,partly-cloudy-day,"96737099999,96741099999,WIII,96739099999,WIHH,96749099999,96751099999,96745099999,96749599999"
"-6.48193504748969,106.45661598101",2021-09-11,33.0,24.0,28.1,36.5,24.0,30.6,23.0,75.0,0.0,0,0.0,,0,0,,20.0,140.0,1009.5,49.6,5.8,268.4,23.2,10,,2021-09-11T05:49:35,2021-09-11T17:52:14,0.12,Partially cloudy,Partly cloudy throughout the day.,partly-cloudy-day,"96737099999,96741099999,WIII,96739099999,WIHH,96749099999,96751099999,96745099999,96749599999"
"-6.48193504748969,106.45661598101",2021-09-12,30.4,25.1,27.9,36.4,25.1,31.0,24.0,79.9,4.88,100,8.33,rain,0,0,,18.1,167.9,1008.6,58.2,5.0,192.8,16.8,7,,2021-09-12T05:49:04,2021-09-12T17:52:04,0.17,"Rain, Partially cloudy",Partly cloudy throughout the day with rain.,rain,"96737099999,96741099999,WIII,WIHH,96739099999,96749099999,96751099999,96749599999,96745099999"
"-6.48193504748969,106.45661598101",2021-09-13,33.0,24.3,28.1,38.9,24.3,30.8,23.7,78.5,10.19,100,16.67,rain,0,0,,30.9,129.9,1009.3,61.6,6.6,156.1,13.4,6,,2021-09-13T05:48:32,2021-09-13T17:51:53,0.23,"Rain, Partially cloudy",Partly cloudy throughout the day with rain.,rain,"96737099999,96741099999,WIII,96739099999,WIHH,96749099999,96751099999,96745099999,96749599999"
"-6.48193504748969,106.45661598101",2021-09-14,27.6,23.0,25.2,30.8,23.0,26.0,23.1,88.3,45.53,100,25.0,rain,0,0,,18.9,206.7,1011.5,72.1,5.6,185.8,16.0,7,,2021-09-14T05:48:01,2021-09-14T17:51:42,0.28,"Rain, Partially cloudy",Partly cloudy throughout the day with a chance of rain throughout the day.,rain,"96737099999,96741099999,WIII,96739099999,WIHH,96749099999,96751099999,96745099999,96749599999"
"-6.48193504748969,106.45661598101",2021-09-15,31.4,23.3,27.2,36.7,23.3,29.9,23.7,82.0,9.28,100,20.83,rain,0,0,,18.4,131.0,1011.2,59.4,6.7,196.8,16.9,6,,2021-09-15T05:47:29,2021-09-15T17:51:31,0.34,"Rain, Partially cloudy",Partly cloudy throughout the day with rain.,rain,"96737099999,96741099999,WIII,96739099999,WIHH,96749099999,96751099999,96745099999,96749599999"
"-6.48193504748969,106.45661598101",2021-09-16,33.4,24.0,28.5,39.5,24.0,31.7,24.0,77.9,0.15,100,4.17,rain,0,0,,27.7,90.2,1010.1,51.0,6.8,239.5,20.6,8,,2021-09-16T05:46:57,2021-09-16T17:51:20,0.39,"Rain, Partially cloudy",Partly cloudy throughout the day with early morning rain.,rain,"96737099999,96741099999,WIII,96739099999,WIHH,96749099999,96751099999,96745099999,96749599999"
"-6.48193504748969,106.45661598101",2021-09-17,33.4,24.2,28.8,39.0,24.2,32.1,23.7,75.1,0.25,100,4.17,rain,0,0,,27.7,81.0,1009.3,44.2,6.7,265.5,22.8,10,,2021-09-17T05:46:25,2021-09-17T17:51:09,0.43,"Rain, Partially cloudy",Partly cloudy throughout the day with morning rain.,rain,"96737099999,96741099999,WIII,96739099999,WIHH,96749099999,96751099999,96745099999,96749599999"
"-6.48193504748969,106.45661598101",2021-09-18,34.4,24.8,29.6,38.4,24.8,32.8,23.0,69.5,2.18,100,8.33,rain,0,0,,27.0,92.8,1009.7,41.1,6.6,272.9,23.7,9,,2021-09-18T05:45:53,2021-09-18T17:50:58,0.47,"Rain, Partially cloudy",Partly cloudy throughout the day with early morning rain.,rain,"96737099999,96741099999,WIII,96739099999,WIHH,96749099999,96751099999,96745099999,96749599999"
"-6.48193504748969,106.45661598101",2021-09-19,31.8,24.9,27.5,36.9,24.9,29.8,23.7,80.5,10.68,100,20.83,rain,0,0,,22.3,212.8,1010.8,64.4,6.0,253.0,21.8,9,,2021-09-19T05:45:21,2021-09-19T17:50:47,0.49,"Rain, Partially cloudy",Partly cloudy throughout the day with rain.,rain,"96737099999,96741099999,WIII,96739099999,WIHH,96749099999,96751099999,96745099999,96749599999"
"-6.48193504748969,106.45661598101",2021-09-20,32.0,24.0,28.1,38.1,24.0,30.6,23.0,74.8,0.0,0,0.0,,0,0,,20.0,104.0,1010.2,52.4,6.3,212.9,18.5,8,,2021-09-20T05:44:49,2021-09-20T17:50:37,0.5,Partially cloudy,Partly cloudy throughout the day.,partly-cloudy-day,"96737099999,96741099999,WIII,96739099999,WIHH,96749099999,96751099999,96745099999,96749599999"
"-6.48193504748969,106.45661598101",2021-09-21,32.4,23.7,27.7,37.9,23.7,29.8,22.8,75.9,23.05,100,12.5,rain,0,0,,14.8,140.0,1009.9,47.6,6.3,256.5,22.1,9,,2021-09-21T05:44:17,2021-09-21T17:50:26,0.5,"Rain, Partially cloudy",Partly cloudy throughout the day with rain.,rain,"96737099999,96741099999,WIII,WIHH,96739099999,96749099999,96751099999,96749599999,96745099999"
"-6.48193504748969,106.45661598101",2021-09-22,33.0,23.7,28.5,38.3,23.7,30.8,22.8,72.7,1.12,100,8.33,rain,0,0,,27.8,114.0,1009.7,49.3,6.8,188.4,16.3,7,,2021-09-22T05:43:46,2021-09-22T17:50:15,0.52,"Rain, Partially cloudy",Partly cloudy throughout the day with rain.,rain,"96737099999,96741099999,WIII,96739099999,WIHH,96749099999,96751099999,96745099999,96749599999"
"-6.48193504748969,106.45661598101",2021-09-23,33.4,24.7,28.9,38.3,24.7,31.8,23.0,71.7,0.08,100,4.17,rain,0,0,50.0,31.1,94.5,1010.1,41.4,6.7,255.1,22.0,9,,2021-09-23T05:43:14,2021-09-23T17:50:05,0.53,"Rain, Partially cloudy",Partly cloudy throughout the day with afternoon rain.,rain,"96737099999,96741099999,WIII,96739099999,WIHH,96749099999,96751099999,96745099999,96749599999"
"-6.48193504748969,106.45661598101",2021-09-24,33.0,24.3,28.9,39.7,24.3,32.0,23.2,72.9,0.03,100,4.17,rain,0,0,,30.8,91.7,1009.6,38.9,6.8,238.7,20.5,8,,2021-09-24T05:42:42,2021-09-24T17:49:54,0.56,"Rain, Partially cloudy",Partly cloudy throughout the day with late afternoon rain.,rain,"96737099999,96741099999,WIII,WIHH,96739099999,96749099999,96751099999,96749599999,96745099999"
"-6.48193504748969,106.45661598101",2021-09-25,34.0,24.5,29.2,39.7,24.5,33.0,23.9,74.6,0.42,100,8.33,rain,0,0,,22.3,96.5,1008.4,46.0,7.0,249.1,21.5,9,,2021-09-25T05:42:11,2021-09-25T17:49:44,0.6,"Rain, Partially cloudy",Partly cloudy throughout the day with late afternoon rain.,rain,"96737099999,96741099999,WIII,96739099999,WIHH,96749099999,96751099999,96745099999,96749599999"
"-6.48193504748969,106.45661598101",2021-09-26,33.4,24.7,28.5,39.0,24.7,31.5,23.8,77.1,3.91,100,12.5,rain,0,0,,21.7,143.3,1008.3,53.4,6.6,221.6,19.1,8,,2021-09-26T05:41:39,2021-09-26T17:49:34,0.64,"Rain, Partially cloudy",Partly cloudy throughout the day with rain.,rain,"96737099999,96741099999,WIII,96739099999,WIHH,96749099999,96751099999,96745099999,96749599999"
"-6.48193504748969,106.45661598101",2021-09-27,33.0,24.0,28.6,39.5,24.0,32.1,24.1,77.9,3.81,100,8.33,rain,0,0,,24.7,80.6,1008.1,55.1,6.4,152.6,13.1,5,,2021-09-27T05:41:08,2021-09-27T17:49:24,0.68,"Rain, Partially cloudy",Partly cloudy throughout the day with rain.,rain,"96737099999,96741099999,WIII,96739099999,WIHH,96749099999,96751099999,96745099999,96749599999"
"-6.48193504748969,106.45661598101",2021-09-28,33.0,24.8,28.5,38.9,24.8,31.7,24.3,79.6,2.36,100,25.0,rain,0,0,,19.6,171.0,1008.4,59.0,5.8,210.2,18.3,8,,2021-09-28T05:40:37,2021-09-28T17:49:15,0.73,"Rain, Partially cloudy",Partly cloudy throughout the day with a chance of rain throughout the day.,rain,"96737099999,96741099999,WIII,96739099999,WIHH,96749099999,96751099999,96745099999,96749599999"
"-6.48193504748969,106.45661598101",2021-09-29,32.0,24.3,28.3,39.4,24.3,31.8,24.4,80.2,0.36,100,4.17,rain,0,0,,17.3,220.0,1008.8,52.0,5.1,288.0,24.7,10,,2021-09-29T05:40:06,2021-09-29T17:49:05,0.77,"Rain, Partially cloudy",Partly cloudy throughout the day with afternoon rain.,rain,"96737099999,96741099999,WIII,96739099999,WIHH,96749099999,96751099999,96745099999,96749599999"
"-6.48193504748969,106.45661598101",2021-09-30,32.4,24.0,28.2,39.2,24.0,30.9,23.8,78.3,28.8,100,12.5,rain,0,0,,18.4,235.5,1009.8,56.9,5.6,281.3,24.5,10,,2021-09-30T05:39:36,2021-09-30T17:48:56,0.82,"Rain, Partially cloudy",Partly cloudy throughout the day with rain.,rain,"96737099999,96741099999,WIII,96739099999,WIHH,96749099999,96751099999,96745099999,96749599999"
"-6.48193504748969,106.45661598101",2021-10-01,33.0,23.9,28.2,38.9,23.9,31.6,24.1,79.6,0.68,100,4.17,rain,0,0,,16.6,150.5,1010.1,53.4,5.1,121.5,10.5,4,,2021-10-01T05:39:06,2021-10-01T17:48:47,0.87,"Rain, Partially cloudy",Partly cloudy throughout the day with early morning rain.,rain,"96737099999,96741099999,WIII,96739099999,WIHH,96749099999,96751099999,96745099999,96749599999"
"-6.48193504748969,106.45661598101",2021-10-02,31.6,25.2,28.4,38.0,25.2,31.7,24.0,77.6,0.04,100,4.17,rain,0,0,,18.1,142.0,1009.6,52.0,5.0,226.1,19.4,8,,2021-10-02T05:38:36,2021-10-02T17:48:39,0.91,"Rain, Partially cloudy",Partly cloudy throughout the day with afternoon rain.,rain,"96737099999,96741099999,WIII,96739099999,WIHH,96749099999,96751099999,96745099999,96749599999"
"-6.48193504748969,106.45661598101",2021-10-03,33.0,23.5,28.3,38.7,23.5,30.9,23.1,75.1,0.81,100,8.33,rain,0,0,,18.7,184.9,1009.2,46.8,5.9,234.9,20.2,9,,2021-10-03T05:38:06,2021-10-03T17:48:30,0.95,"Rain, Partially cloudy",Partly cloudy throughout the day with rain.,rain,"96737099999,96741099999,WIII,WIHH,96739099999,96749099999,96751099999,96749599999,96745099999"
"-6.48193504748969,106.45661598101",2021-10-04,32.4,24.6,28.0,38.7,24.6,30.5,23.5,77.4,1.6,100,4.17,rain,0,0,,15.3,203.7,1008.4,54.9,5.9,267.6,23.2,9,,2021-10-04T05:37:37,2021-10-04T17:48:22,0.98,"Rain, Partially cloudy",Partly cloudy throughout the day with late afternoon rain.,rain,"96737099999,96741099999,WIII,96739099999,WIHH,96749099999,96751099999,96745099999,96749599999"
"-6.48193504748969,106.45661598101",2021-10-05,33.4,24.1,28.2,37.6,24.1,30.5,22.3,71.2,0.51,100,4.17,rain,0,0,,18.4,217.1,1007.7,53.2,6.9,282.2,24.3,9,,2021-10-05T05:37:08,2021-10-05T17:48:15,1.0,"Rain, Partially cloudy",Partly cloudy throughout the day with morning rain.,rain,"96737099999,96741099999,WIII,96739099999,WIHH,96749099999,96751099999,96745099999,96749599999"
"-6.48193504748969,106.45661598101",2021-10-06,32.4,23.0,27.6,37.6,23.0,29.9,22.8,76.2,12.25,100,12.5,rain,0,0,,14.6,205.4,1007.7,53.3,7.2,240.5,21.0,9,,2021-10-06T05:36:39,2021-10-06T17:48:07,0.0,"Rain, Partially cloudy",Partly cloudy throughout the day with rain.,rain,"96737099999,96741099999,WIII,WIHH,96739099999,96749099999,96751099999,96749599999,96745099999"
"-6.48193504748969,106.45661598101",2021-10-07,33.0,23.6,28.1,36.6,23.6,30.1,22.3,72.0,0.15,100,4.17,rain,0,0,,14.6,254.3,1008.4,44.2,7.1,280.2,24.2,10,,2021-10-07T05:36:11,2021-10-07T17:48:00,0.01,"Rain, Partially cloudy",Partly cloudy throughout the day with early morning rain.,rain,"96737099999,96741099999,WIII,96739099999,WIHH,96749099999,96751099999,96745099999,96749599999"
"-6.48193504748969,106.45661598101",2021-10-08,32.8,22.7,27.8,39.0,22.7,30.7,23.2,76.9,0.55,100,8.33,rain,0,0,29.5,17.4,175.3,1009.3,47.8,5.6,249.7,21.5,9,,2021-10-08T05:35:43,2021-10-08T17:47:54,0.03,"Rain, Partially cloudy",Partly cloudy throughout the day with rain.,rain,"96737099999,96741099999,WIII,96739099999,WIHH,96749099999,96751099999,96745099999,96749599999"
"-6.48193504748969,106.45661598101",2021-10-09,33.4,24.1,29.1,39.3,24.1,32.6,23.5,73.2,0.55,100,4.17,rain,0,0,,17.6,149.1,1008.8,44.8,6.4,283.6,24.4,10,,2021-10-09T05:35:15,2021-10-09T17:47:48,0.06,"Rain, Partially cloudy",Partly cloudy throughout the day with early morning rain.,rain,"96737099999,96741099999,WIII,96739099999,WIHH,96749099999,96751099999,96745099999,96749599999"
"-6.48193504748969,106.45661598101",2021-10-10,33.4,25.4,28.9,39.8,25.4,32.4,24.1,76.2,0.1,100,4.17,rain,0,0,,19.7,211.5,1008.6,47.2,5.4,294.3,25.6,10,,2021-10-10T05:34:49,2021-10-10T17:47:42,0.11,"Rain, Partially cloudy",Partly cloudy throughout the day with afternoon rain.,rain,"96737099999,96741099999,WIII,96739099999,WIHH,96749099999,96751099999,96745099999,96749599999"
"-6.48193504748969,106.45661598101",2021-10-11,33.4,24.4,28.4,38.8,24.4,30.8,23.2,74.9,0.25,100,8.33,rain,0,0,,18.4,222.0,1008.5,51.5,6.0,281.2,24.2,10,,2021-10-11T05:34:22,2021-10-11T17:47:37,0.16,"Rain, Partially cloudy",Partly cloudy throughout the day with rain.,rain,"96737099999,96741099999,WIII,96739099999,WIHH,96749099999,96751099999,96745099999,96749599999"
"-6.48193504748969,106.45661598101",2021-10-12,33.4,23.6,28.9,37.7,23.6,31.5,22.6,70.2,1.57,100,8.33,rain,0,0,,15.1,193.3,1007.3,46.3,6.5,285.9,24.6,10,,2021-10-12T05:33:56,2021-10-12T17:47:32,0.21,"Rain, Partially cloudy",Partly cloudy throughout the day with late afternoon rain.,rain,"96737099999,96741099999,WIII,WIHH,96739099999,96749099999,96751099999,96749599999,96745099999"
"-6.48193504748969,106.45661598101",2021-10-13,33.0,25.3,29.0,38.0,25.3,32.1,23.5,73.5,1.45,100,12.5,rain,0,0,,16.9,193.8,1007.6,47.4,6.0,250.2,21.6,9,,2021-10-13T05:33:31,2021-10-13T17:47:28,0.27,"Rain, Partially cloudy",Partly cloudy throughout the day with rain.,rain,"96737099999,96741099999,WIII,96739099999,WIHH,96749099999,96751099999,96745099999,96749599999"
"-6.48193504748969,106.45661598101",2021-10-14,32.6,24.1,28.6,40.0,24.1,31.9,23.8,76.4,0.0,0,0.0,,0,0,,12.8,250.0,1007.8,51.4,5.1,255.2,22.0,9,,2021-10-14T05:33:06,2021-10-14T17:47:24,0.33,Partially cloudy,Partly cloudy throughout the day.,partly-cloudy-day,"96737099999,96741099999,WIII,96739099999,WIHH,96749099999,96751099999,96745099999,96749599999"
"-6.48193504748969,106.45661598101",2021-10-15,33.6,24.7,28.4,39.3,24.7,31.1,23.6,76.5,3.72,100,8.33,rain,0,0,,24.4,183.4,1007.6,48.5,5.3,161.2,14.2,6,,2021-10-15T05:32:42,2021-10-15T17:47:21,0.37,"Rain, Partially cloudy",Partly cloudy throughout the day with rain.,rain,"96737099999,96741099999,WIII,WIHH,96739099999,96749099999,96751099999,96749599999,96745099999"
"-6.48193504748969,106.45661598101",2021-10-16,33.1,24.3,28.8,39.4,24.3,32.2,24.0,76.4,0.0,0,0.0,,0,0,,16.3,204.9,1007.6,44.0,5.2,193.8,16.7,7,,2021-10-16T05:32:18,2021-10-16T17:47:18,0.42,Partially cloudy,Partly cloudy throughout the day.,partly-cloudy-day,"96737099999,96741099999,WIII,96739099999,WIHH,96749099999,96751099999,96745099999,96749599999"
"-6.48193504748969,106.45661598101",2021-10-17,34.0,25.3,29.3,42.0,25.3,33.5,24.4,76.1,10.08,100,16.67,rain,0,0,,29.4,113.0,1008.4,51.5,5.5,154.2,13.3,5,,2021-10-17T05:31:55,2021-10-17T17:47:16,0.45,"Rain, Partially cloudy",Partly cloudy throughout the day with rain.,rain,"96737099999,96741099999,WIII,WIHH,96739099999,96749099999,96751099999,96749599999,96745099999"
"-6.48193504748969,106.45661598101",2021-10-18,27.0,24.2,25.4,30.6,24.2,25.6,24.6,95.6,42.12,100,33.33,rain,0,0,40.7,18.1,207.0,1011.4,76.6,4.5,103.2,9.0,4,,2021-10-18T05:31:32,2021-10-18T17:47:14,0.48,"Rain, Partially cloudy",Partly cloudy throughout the day with a chance of rain throughout the day.,rain,"96737099999,96741099999,WIII,96739099999,WIHH,96749099999,96751099999,96745099999,96749599999"
"-6.48193504748969,106.45661598101",2021-10-19,32.4,23.2,26.7,40.0,23.2,28.6,23.8,84.9,27.68,100,12.5,rain,0,0,,20.0,247.7,1012.9,49.8,6.6,213.6,18.5,7,,2021-10-19T05:31:10,2021-10-19T17:47:13,0.49,"Rain, Partially cloudy",Partly cloudy throughout the day with rain.,rain,"96737099999,96741099999,WIII,WIHH,96739099999,96749099999,96751099999,96749599999,96745099999"
"-6.48193504748969,106.45661598101",2021-10-20,33.0,23.7,28.2,40.0,23.7,31.4,24.0,79.2,1.57,100,12.5,rain,0,0,,15.9,226.5,1012.0,51.4,6.4,191.2,16.4,7,,2021-10-20T05:30:49,2021-10-20T17:47:13,0.5,"Rain, Partially cloudy",Partly cloudy throughout the day with rain.,rain,"96737099999,96741099999,WIII,96739099999,WIHH,96749099999,96751099999,96745099999,96749599999"
"-6.48193504748969,106.45661598101",2021-10-21,32.4,25.4,28.0,39.6,25.4,31.1,24.7,83.0,12.93,100,20.83,rain,0,0,,18.4,195.7,1011.3,67.8,5.5,105.3,9.1,4,,2021-10-21T05:30:29,2021-10-21T17:47:13,0.51,"Rain, Partially cloudy",Partly cloudy throughout the day with a chance of rain throughout the day.,rain,"96737099999,96741099999,WIII,WIHH,96739099999,96749099999,96751099999,96749599999,96745099999"
"-6.48193504748969,106.45661598101",2021-10-22,33.0,24.3,28.4,39.3,24.3,31.5,23.9,77.8,2.12,100,12.5,rain,0,0,,19.6,136.0,1011.4,47.1,5.8,156.7,13.6,6,,2021-10-22T05:30:09,2021-10-22T17:47:14,0.52,"Rain, Partially cloudy",Partly cloudy throughout the day with rain.,rain,"96737099999,96741099999,WIII,96739099999,WIHH,96749099999,96751099999,96745099999,96749599999"
"-6.48193504748969,106.45661598101",2021-10-23,32.8,24.3,28.2,38.5,24.3,31.1,23.6,77.1,0.33,100,8.33,rain,0,0,,18.4,137.6,1011.4,50.2,6.3,181.3,15.7,6,,2021-10-23T05:29:50,2021-10-23T17:47:15,0.54,"Rain, Partially cloudy",Partly cloudy throughout the day with early morning rain.,rain,"96737099999,96741099999,WIII,WIHH,96739099999,96749099999,96751099999,96749599999,96745099999"
"-6.48193504748969,106.45661598101",2021-10-24,33.4,24.0,28.9,40.6,24.0,32.3,23.9,76.1,0.0,0,0.0,,0,0,,18.4,218.0,1010.3,37.5,5.9,176.0,15.3,6,,2021-10-24T05:29:32,2021-10-24T17:47:17,0.57,Partially cloudy,Partly cloudy throughout the day.,partly-cloudy-day,"96737099999,96741099999,WIII,96739099999,WIHH,96749099999,96751099999,96745099999,96749599999"
"-6.48193504748969,106.45661598101",2021-10-25,33.0,25.1,27.9,42.1,25.1,30.9,24.6,83.1,7.1,100,8.33,rain,0,0,,23.5,217.6,1009.4,52.8,5.6,189.8,16.7,7,,2021-10-25T05:29:14,2021-10-25T17:47:20,0.61,"Rain, Partially cloudy",Partly cloudy throughout the day with rain.,rain,"96737099999,96741099999,WIII,96739099999,WIHH,96749099999,96751099999,96745099999,96749599999"
"-6.48193504748969,106.45661598101",2021-10-26,33.4,23.6,28.1,38.8,23.6,30.8,23.8,78.9,2.86,100,12.5,rain,0,0,,19.6,190.2,1008.9,50.1,6.0,237.4,20.5,8,,2021-10-26T05:28:58,2021-10-26T17:47:23,0.65,"Rain, Partially cloudy",Partly cloudy throughout the day with rain.,rain,"96737099999,96741099999,WIII,96739099999,WIHH,96749099999,96751099999,96745099999,96749599999"
"-6.48193504748969,106.45661598101",2021-10-27,31.8,24.3,27.0,37.9,24.3,28.9,24.1,84.9,21.08,100,20.83,rain,0,0,,16.9,135.4,1010.1,67.1,5.7,126.1,11.0,4,,2021-10-27T05:28:42,2021-10-27T17:47:27,0.69,"Rain, Partially cloudy",Partly cloudy throughout the day with rain.,rain,"96737099999,96741099999,WIII,WIHH,96739099999,96749099999,96751099999,96749599999,96745099999"
"-6.48193504748969,106.45661598101",2021-10-28,30.6,24.0,26.0,37.1,24.0,27.4,24.3,90.7,30.41,100,20.83,rain,0,0,48.2,32.7,199.9,1010.5,65.5,5.2,197.4,17.1,7,,2021-10-28T05:28:27,2021-10-28T17:47:32,0.74,"Rain, Partially cloudy",Partly cloudy throughout the day with rain.,rain,"96737099999,96741099999,WIII,96739099999,WIHH,96749099999,96751099999,96745099999,96749599999"
"-6.48193504748969,106.45661598101",2021-10-29,33.4,22.9,27.9,38.6,22.9,30.4,23.2,77.7,1.04,100,8.33,rain,0,0,,17.3,198.2,1011.2,48.8,6.7,194.4,16.9,7,,2021-10-29T05:28:12,2021-10-29T17:47:38,0.79,"Rain, Partially cloudy",Partly cloudy throughout the day with late afternoon rain.,rain,"96737099999,96741099999,WIII,WIHH,96739099999,96749099999,96751099999,96749599999,96745099999"
"-6.48193504748969,106.45661598101",2021-10-30,33.0,24.3,28.1,40.6,24.3,30.7,23.9,79.2,18.15,100,8.33,rain,0,0,,18.4,140.6,1011.0,54.5,6.5,124.8,10.7,5,,2021-10-30T05:27:59,2021-10-30T17:47:44,0.84,"Rain, Partially cloudy",Partly cloudy throughout the day with late afternoon rain.,rain,"96737099999,96741099999,WIII,96739099999,WIHH,96749099999,96751099999,96745099999,96749599999"
"-6.48193504748969,106.45661598101",2021-10-31,32.4,24.4,27.5,40.3,24.4,29.9,24.1,82.6,4.58,100,16.67,rain,0,0,,15.2,186.7,1010.2,53.9,6.3,177.2,15.3,7,,2021-10-31T05:27:46,2021-10-31T17:47:51,0.88,"Rain, Partially cloudy",Partly cloudy throughout the day with rain.,rain,"96737099999,96741099999,WIII,WIHH,96739099999,96749099999,96751099999,96749599999,96745099999"
"-6.48193504748969,106.45661598101",2021-11-01,31.8,24.2,26.4,38.6,24.2,28.2,24.3,89.0,20.48,100,25.0,rain,0,0,,19.7,176.2,1010.6,68.7,4.9,150.9,13.0,5,,2021-11-01T05:27:35,2021-11-01T17:47:58,0.93,"Rain, Partially cloudy",Partly cloudy throughout the day with rain.,rain,"96737099999,96741099999,WIII,96739099999,WIHH,96749099999,96751099999,96745099999,96749599999"
"-6.48193504748969,106.45661598101",2021-11-02,31.6,23.6,26.6,39.1,23.6,28.4,23.9,85.6,2.41,100,16.67,rain,0,0,,29.3,230.3,1009.9,58.7,6.3,174.9,15.2,7,,2021-11-02T05:27:24,2021-11-02T17:48:07,0.96,"Rain, Partially cloudy",Partly cloudy throughout the day with rain.,rain,"96737099999,96741099999,WIII,96739099999,WIHH,96749099999,96751099999,96745099999,96749599999"
"-6.48193504748969,106.45661598101",2021-11-03,32.0,23.7,27.2,38.9,23.7,29.8,24.0,83.5,0.84,100,16.67,rain,0,0,,21.9,190.6,1009.3,54.4,6.3,191.5,16.7,7,,2021-11-03T05:27:14,2021-11-03T17:48:16,0.99,"Rain, Partially cloudy",Partly cloudy throughout the day with rain.,rain,"96737099999,96741099999,WIII,96739099999,WIHH,96749099999,96751099999,96745099999,96749599999"
"-6.48193504748969,106.45661598101",2021-11-04,33.0,24.6,27.4,41.5,24.6,29.9,24.5,84.8,2.38,100,12.5,rain,0,0,,23.1,197.0,1008.8,50.1,5.7,163.8,14.2,6,,2021-11-04T05:27:05,2021-11-04T17:48:26,1.0,"Rain, Partially cloudy",Partly cloudy throughout the day with rain.,rain,"96737099999,96741099999,WIII,96739099999,WIHH,96749099999,96751099999,96745099999,96749599999"
"-6.48193504748969,106.45661598101",2021-11-05,29.4,24.3,26.7,34.8,24.3,28.5,24.6,88.9,2.44,100,16.67,rain,0,0,,11.2,179.2,1008.5,54.7,4.8,99.2,8.4,4,,2021-11-05T05:26:57,2021-11-05T17:48:36,0.0,"Rain, Partially cloudy",Partly cloudy throughout the day with rain.,rain,"96737099999,96741099999,WIII,96739099999,WIHH,96749099999,96751099999,96745099999,96749599999"
"-6.48193504748969,106.45661598101",2021-11-06,32.4,24.7,28.4,39.8,24.7,31.8,24.4,80.1,0.76,100,8.33,rain,0,0,,15.8,163.0,1006.8,48.9,6.2,246.6,21.4,9,,2021-11-06T05:26:50,2021-11-06T17:48:48,0.02,"Rain, Partially cloudy",Partly cloudy throughout the day with late afternoon rain.,rain,"96737099999,96741099999,WIII,WIHH,96739099999,96749099999,96751099999,96749599999,96745099999"
"-6.48193504748969,106.45661598101",2021-11-07,32.0,24.5,26.6,37.9,24.5,28.1,24.1,86.9,9.41,100,16.67,rain,0,0,,27.7,208.8,1007.0,62.9,6.4,99.8,8.6,4,,2021-11-07T05:26:44,2021-11-07T17:49:00,0.05,"Rain, Partially cloudy",Partly cloudy throughout the day with rain.,rain,"96737099999,96741099999,WIII,96739099999,WIHH,96749099999,96751099999,96745099999,96749599999"
"-6.48193504748969,106.45661598101",2021-11-08,32.0,23.6,28.0,39.2,23.6,31.2,24.1,80.7,0.04,100,4.17,rain,0,0,,18.4,100.0,1007.4,51.5,6.5,131.5,11.4,5,,2021-11-08T05:26:39,2021-11-08T17:49:13,0.09,"Rain, Partially cloudy",Partly cloudy throughout the day with early morning rain.,rain,"96737099999,96741099999,WIII,WIHH,96739099999,96749099999,96751099999,96749599999,96745099999"
"-6.48193504748969,106.45661598101",2021-11-09,32.0,25.0,28.4,40.7,25.0,32.5,24.8,81.3,13.8,100,20.83,rain,0,0,,14.8,244.3,1007.9,60.1,6.0,134.6,11.7,5,,2021-11-09T05:26:35,2021-11-09T17:49:26,0.14,"Rain, Partially cloudy",Partly cloudy throughout the day with rain.,rain,"96737099999,96741099999,WIII,96739099999,WIHH,96749099999,96751099999,96745099999,96749599999"
"-6.48193504748969,106.45661598101",2021-11-10,31.8,24.6,27.5,37.7,24.6,29.9,23.6,80.1,1.41,100,20.83,rain,0,0,31.7,24.6,249.0,1009.1,63.1,7.0,144.3,12.6,6,,2021-11-10T05:26:32,2021-11-10T17:49:40,0.19,"Rain, Partially cloudy",Partly cloudy throughout the day with a chance of rain throughout the day.,rain,"96737099999,96741099999,WIII,96739099999,WIHH,96749099999,96751099999,96745099999,96749599999"
"-6.48193504748969,106.45661598101",2021-11-11,31.0,24.6,27.4,36.5,24.6,30.1,23.9,81.5,0.08,100,16.67,rain,0,0,,20.5,256.6,1009.0,56.4,6.9,166.7,14.5,6,,2021-11-11T05:26:29,2021-11-11T17:49:55,0.25,"Rain, Partially cloudy",Partly cloudy throughout the day with a chance of rain throughout the day.,rain,"96737099999,96741099999,WIII,96739099999,WIHH,96749099999,96751099999,96745099999,96749599999"
"-6.48193504748969,106.45661598101",2021-11-12,33.0,24.4,27.9,38.6,24.4,30.1,23.2,76.9,9.98,100,8.33,rain,0,0,,19.3,230.4,1009.0,56.1,7.4,169.5,14.6,6,,2021-11-12T05:26:28,2021-11-12T17:50:11,0.3,"Rain, Partially cloudy",Partly cloudy throughout the day with late afternoon rain.,rain,"96737099999,96741099999,WIII,96739099999,WIHH,96749099999,96751099999,96745099999,96749599999"
"-6.48193504748969,106.45661598101",2021-11-13,33.0,24.2,27.0,39.3,24.2,28.9,24.0,84.3,13.25,100,16.67,rain,0,0,,11.2,208.7,1009.1,61.7,6.1,141.5,12.2,5,,2021-11-13T05:26:28,2021-11-13T17:50:28,0.35,"Rain, Partially cloudy",Partly cloudy throughout the day with rain.,rain,"96737099999,96741099999,WIII,96739099999,WIHH,96749099999,96751099999,96745099999,96749599999"
"-6.48193504748969,106.45661598101",2021-11-14,33.0,24.1,28.3,40.7,24.1,31.2,23.7,77.4,0.25,100,4.17,rain,0,0,33.5,23.5,246.7,1008.9,54.7,7.5,127.5,10.9,5,,2021-11-14T05:26:29,2021-11-14T17:50:45,0.4,"Rain, Partially cloudy",Partly cloudy throughout the day with late afternoon rain.,rain,"96737099999,96741099999,WIII,WIHH,96739099999,96749099999,96751099999,96749599999,96745099999"
"-6.48193504748969,106.45661598101",2021-11-15,29.0,25.0,26.6,33.6,25.0,28.1,23.3,82.5,1.66,100,29.17,rain,0,0,,20.5,248.2,1008.9,66.8,8.2,101.5,8.8,4,,2021-11-15T05:26:30,2021-11-15T17:51:03,0.43,"Rain, Partially cloudy",Partly cloudy throughout the day with a chance of rain throughout the day.,rain,"96737099999,96741099999,WIII,96739099999,WIHH,96749099999,96751099999,96745099999,96749599999"
"-6.48193504748969,106.45661598101",2021-11-16,33.0,24.5,28.3,39.3,24.5,31.2,23.0,73.6,0.31,100,8.33,rain,0,0,,22.3,252.8,1008.1,50.2,7.9,148.5,12.7,5,,2021-11-16T05:26:33,2021-11-16T17:51:22,0.46,"Rain, Partially cloudy",Partly cloudy throughout the day with rain.,rain,"96737099999,96741099999,WIII,96739099999,WIHH,96749099999,96751099999,96745099999,96749599999"
"-6.48193504748969,106.45661598101",2021-11-17,33.0,24.1,28.6,38.7,24.1,31.2,23.2,74.1,0.0,0,0.0,,0,0,,23.5,197.4,1008.6,54.8,7.1,105.4,9.2,4,,2021-11-17T05:26:37,2021-11-17T17:51:41,0.48,Partially cloudy,Partly cloudy throughout the day.,partly-cloudy-day,"96737099999,96741099999,WIII,96739099999,WIHH,96749099999,96751099999,96745099999,96749599999"
"-6.48193504748969,106.45661598101",2021-11-18,32.4,24.5,27.9,38.7,24.5,30.5,23.7,78.8,0.25,100,8.33,rain,0,0,29.5,24.1,204.9,1007.7,50.8,7.4,170.7,14.6,6,,2021-11-18T05:26:41,2021-11-18T17:52:01,0.5,"Rain, Partially cloudy",Partly cloudy throughout the day with late afternoon rain.,rain,"96737099999,96741099999,WIII,96739099999,WIHH,96749099999,96751099999,96745099999,96749599999"
"-6.48193504748969,106.45661598101",2021-11-19,29.6,24.6,26.5,34.5,24.6,27.7,23.1,82.0,12.08,100,29.17,rain,0,0,37.1,27.8,240.0,1007.3,57.8,7.4,117.8,10.3,4,,2021-11-19T05:26:47,2021-11-19T17:52:22,0.5,"Rain, Partially cloudy",Partly cloudy throughout the day with a chance of rain throughout the day.,rain,"96737099999,96741099999,WIII,96739099999,WIHH,96749099999,96751099999,96745099999,96749599999"
"-6.48193504748969,106.45661598101",2021-11-20,32.0,24.5,27.4,39.2,24.5,29.3,23.4,79.6,0.75,100,4.17,rain,0,0,,16.6,235.4,1007.1,58.9,7.0,91.0,7.8,3,,2021-11-20T05:26:54,2021-11-20T17:52:43,0.51,"Rain, Partially cloudy",Partly cloudy throughout the day with late afternoon rain.,rain,"96737099999,96741099999,WIII,96739099999,WIHH,96749099999,96751099999,96745099999,96749599999"
"-6.48193504748969,106.45661598101",2021-11-21,33.0,25.0,28.3,39.2,25.0,31.4,23.9,78.3,0.09,100,12.5,rain,0,0,38.9,23.8,248.8,1007.8,50.7,8.2,156.4,13.4,6,,2021-11-21T05:27:02,2021-11-21T17:53:05,0.52,"Rain, Partially cloudy",Partly cloudy throughout the day with rain.,rain,"96737099999,96741099999,WIII,96739099999,WIHH,96749099999,96751099999,96745099999,96749599999"
"-6.48193504748969,106.45661598101",2021-11-22,32.0,24.9,27.8,38.6,24.9,30.2,23.7,79.4,0.21,100,16.67,rain,0,0,,30.5,261.0,1008.0,57.1,7.7,206.2,17.8,7,,2021-11-22T05:27:10,2021-11-22T17:53:28,0.54,"Rain, Partially cloudy",Partly cloudy throughout the day with a chance of rain throughout the day.,rain,"96737099999,96741099999,WIII,WIHH,96739099999,96749099999,96751099999,96749599999,96745099999"
"-6.48193504748969,106.45661598101",2021-11-23,30.4,23.9,26.4,35.9,23.9,27.8,22.6,80.3,2.41,100,16.67,rain,0,0,48.2,36.6,250.8,1008.5,61.9,7.7,167.7,14.5,6,,2021-11-23T05:27:20,2021-11-23T17:53:51,0.57,"Rain, Partially cloudy",Partly cloudy throughout the day with rain clearing later.,rain,"96737099999,96741099999,WIII,96739099999,WIHH,96749099999,96751099999,96745099999,96749599999"
"-6.48193504748969,106.45661598101",2021-11-24,33.2,24.0,28.1,35.8,24.0,29.8,21.4,68.1,0.01,100,4.17,rain,0,0,33.5,29.5,269.9,1008.3,52.9,7.8,128.4,11.1,5,,2021-11-24T05:27:30,2021-11-24T17:54:15,0.61,"Rain, Partially cloudy",Partly cloudy throughout the day with early morning rain.,rain,"96737099999,96741099999,WIII,96739099999,WIHH,96749099999,96751099999,96745099999,96749599999"
"-6.48193504748969,106.45661598101",2021-11-25,33.6,24.1,28.0,39.2,24.1,30.3,23.2,76.0,0.04,100,4.17,rain,0,0,35.3,23.8,258.9,1008.1,50.9,7.4,264.8,22.8,9,,2021-11-25T05:27:42,2021-11-25T17:54:39,0.66,"Rain, Partially cloudy",Partly cloudy throughout the day with late afternoon rain.,rain,"96737099999,96741099999,WIII,96739099999,WIHH,96749099999,96751099999,96745099999,96749599999"
"-6.48193504748969,106.45661598101",2021-11-26,33.6,24.8,27.8,39.7,24.8,30.3,23.8,80.4,6.91,100,12.5,rain,0,0,,20.0,240.4,1008.4,65.0,7.4,149.7,13.0,5,,2021-11-26T05:27:54,2021-11-26T17:55:04,0.7,"Rain, Partially cloudy",Partly cloudy throughout the day with rain.,rain,"96737099999,96741099999,WIII,96739099999,WIHH,96749099999,96751099999,96745099999,96749599999"
"-6.48193504748969,106.45661598101",2021-11-27,32.0,23.5,26.4,37.3,23.5,27.9,23.3,84.2,6.87,100,16.67,rain,0,0,55.4,32.7,251.0,1009.6,69.9,7.4,241.3,20.9,8,,2021-11-27T05:28:08,2021-11-27T17:55:30,0.75,"Rain, Partially cloudy",Partly cloudy throughout the day with rain.,rain,"96737099999,96741099999,WIII,96739099999,WIHH,96749099999,96751099999,96745099999,96749599999"
"-6.48193504748969,106.45661598101",2021-11-28,31.7,23.0,26.5,37.2,23.0,28.3,23.3,83.9,14.9,100,25.0,rain,0,0,31.7,31.1,251.4,1009.2,69.7,7.1,161.1,14.1,5,,2021-11-28T05:28:22,2021-11-28T17:55:56,0.81,"Rain, Partially cloudy",Partly cloudy throughout the day with a chance of rain throughout the day.,rain,"96737099999,96741099999,WIII,96739099999,WIHH,96749099999,96751099999,96745099999,96749599999"
"-6.48193504748969,106.45661598101",2021-11-29,31.6,23.9,27.2,37.3,23.9,29.7,23.4,80.3,7.66,100,20.83,rain,0,0,40.7,25.6,252.8,1008.0,58.7,7.8,242.4,21.0,8,,2021-11-29T05:28:37,2021-11-29T17:56:22,0.86,"Rain, Partially cloudy",Partly cloudy throughout the day with a chance of rain throughout the day.,rain,"96737099999,96741099999,WIII,96739099999,WIHH,96749099999,96751099999,96745099999,96749599999"
"-6.48193504748969,106.45661598101",2021-11-30,31.0,25.1,27.8,37.2,25.1,30.6,23.5,78.0,3.78,100,16.67,rain,0,0,,18.4,252.7,1008.3,55.6,7.0,229.6,19.7,8,,2021-11-30T05:28:53,2021-11-30T17:56:49,0.91,"Rain, Partially cloudy",Partly cloudy throughout the day with rain.,rain,"96737099999,96741099999,WIII,WIHH,96739099999,96749099999,96751099999,96749599999,96745099999"
"-6.48193504748969,106.45661598101",2021-12-01,35.0,25.6,29.0,39.5,25.6,31.6,22.5,69.4,0.0,0,0.0,,0,0,,33.5,242.6,1008.9,48.4,8.3,160.7,13.9,5,,2021-12-01T05:29:10,2021-12-01T17:57:17,0.95,Partially cloudy,Partly cloudy throughout the day.,partly-cloudy-day,"96737099999,96741099999,WIII,96739099999,WIHH,96749099999,96751099999,96745099999,96749599999"
"-6.48193504748969,106.45661598101",2021-12-02,34.0,25.1,29.0,40.6,25.1,32.1,22.9,70.6,0.3,100,12.5,rain,0,0,38.9,31.7,245.1,1008.8,36.9,8.7,279.8,24.0,9,,2021-12-02T05:29:28,2021-12-02T17:57:44,0.98,"Rain, Partially cloudy",Partly cloudy throughout the day with rain.,rain,"96737099999,96741099999,WIII,96739099999,WIHH,96749099999,96751099999,remote,96745099999,96749599999"
"-6.48193504748969,106.45661598101",2021-12-03,32.0,26.0,28.6,38.1,26.0,32.1,23.7,75.3,0.0,0,0.0,,0,0,,17.3,265.0,1009.8,55.1,7.3,180.8,15.8,7,,2021-12-03T05:29:47,2021-12-03T17:58:13,1.0,Partially cloudy,Partly cloudy throughout the day.,partly-cloudy-day,"96737099999,96741099999,WIII,WIHH,96739099999,96749099999,96751099999,96745099999,96749599999"
"-6.48193504748969,106.45661598101",2021-12-04,27.4,24.2,25.9,31.2,24.2,26.6,23.6,87.0,3.3,100,16.67,rain,0,0,,20.5,260.9,1010.6,59.6,5.9,157.2,13.5,6,,2021-12-04T05:30:06,2021-12-04T17:58:41,0.0,"Rain, Partially cloudy",Partly cloudy throughout the day with rain in the morning and afternoon.,rain,"96737099999,96741099999,WIII,WIHH,96739099999,96749099999,96751099999,96749599999,96745099999"
"-6.48193504748969,106.45661598101",2021-12-05,27.4,23.8,25.2,30.9,23.8,25.6,23.4,89.9,12.11,100,20.83,rain,0,0,,14.0,256.7,1010.5,68.7,5.4,162.0,13.9,7,,2021-12-05T05:30:26,2021-12-05T17:59:10,0.01,"Rain, Partially cloudy",Partly cloudy throughout the day with a chance of rain throughout the day.,rain,"96737099999,96741099999,WIII,96739099999,WIHH,96749099999,96751099999,96745099999,96749599999"
"-6.48193504748969,106.45661598101",2021-12-06,30.4,23.0,26.2,36.2,23.0,28.1,23.7,86.5,32.87,100,12.5,rain,0,0,,18.4,189.4,1009.3,69.3,6.3,212.9,18.3,7,,2021-12-06T05:30:47,2021-12-06T17:59:39,0.04,"Rain, Partially cloudy",Partly cloudy throughout the day with rain.,rain,"96737099999,96741099999,WIII,WIHH,96739099999,96749099999,96751099999,96749599999,96745099999"
"-6.48193504748969,106.45661598101",2021-12-07,29.0,23.5,25.6,34.7,23.5,26.8,24.3,92.7,30.3,100,33.33,rain,0,0,,12.8,259.5,1009.9,75.6,5.8,191.7,16.6,7,,2021-12-07T05:31:09,2021-12-07T18:00:09,0.07,"Rain, Partially cloudy",Partly cloudy throughout the day with a chance of rain throughout the day.,rain,"96737099999,96741099999,WIII,96739099999,WIHH,96749099999,96751099999,96745099999,96749599999"
"-6.48193504748969,106.45661598101",2021-12-08,31.7,24.4,27.8,39.9,24.4,31.5,24.8,84.7,23.08,100,20.83,rain,0,0,,20.5,219.1,1009.9,55.9,6.9,303.6,26.3,10,,2021-12-08T05:31:32,2021-12-08T18:00:38,0.12,"Rain, Partially cloudy",Partly cloudy throughout the day with a chance of rain throughout the day.,rain,"96737099999,96741099999,WIII,WIHH,96739099999,96749099999,96751099999,96749599999,96745099999"
"-6.48193504748969,106.45661598101",2021-12-09,31.0,24.4,27.2,38.5,24.4,29.9,24.8,87.5,32.25,100,25.0,rain,0,0,33.5,17.9,241.0,1010.4,72.7,5.8,187.2,16.1,7,,2021-12-09T05:31:55,2021-12-09T18:01:08,0.17,"Rain, Partially cloudy",Partly cloudy throughout the day with a chance of rain throughout the day.,rain,"96737099999,96741099999,WIII,96739099999,WIHH,96749099999,96751099999,96745099999,96749599999"
"-6.48193504748969,106.45661598101",2021-12-10,31.0,24.0,27.5,37.7,24.0,30.5,24.4,83.7,4.88,100,12.5,rain,0,0,37.1,23.2,249.6,1010.5,60.3,5.9,221.7,19.2,7,,2021-12-10T05:32:19,2021-12-10T18:01:38,0.22,"Rain, Partially cloudy",Partly cloudy throughout the day with rain.,rain,"96737099999,96741099999,WIII,WIHH,96739099999,96749099999,96751099999,96749599999,96745099999"
"-6.48193504748969,106.45661598101",2021-12-11,31.0,23.4,26.8,38.8,23.4,29.3,24.2,86.5,13.97,100,20.83,rain,0,0,,19.6,236.7,1010.5,69.9,6.1,109.8,9.4,4,,2021-12-11T05:32:43,2021-12-11T18:02:09,0.27,"Rain, Partially cloudy",Partly cloudy throughout the day with rain.,rain,"96737099999,96741099999,WIII,96739099999,WIHH,96749099999,96751099999,96745099999,96749599999"
"-6.48193504748969,106.45661598101",2021-12-12,31.3,24.8,27.9,39.5,24.8,30.8,23.9,79.9,0.01,100,4.17,rain,0,0,40.7,25.1,260.5,1009.7,50.7,7.3,185.8,16.0,6,,2021-12-12T05:33:08,2021-12-12T18:02:39,0.32,"Rain, Partially cloudy",Partly cloudy throughout the day with afternoon rain.,rain,"96737099999,96741099999,WIII,WIHH,96739099999,96749099999,96751099999,96749599999,96745099999"
"-6.48193504748969,106.45661598101",2021-12-13,32.3,24.3,28.4,40.9,24.3,32.0,24.1,78.3,0.01,100,4.17,rain,0,0,27.7,23.3,278.1,1008.2,48.0,8.1,274.1,23.6,9,,2021-12-13T05:33:34,2021-12-13T18:03:10,0.37,"Rain, Partially cloudy",Partly cloudy throughout the day with late afternoon rain.,rain,"96737099999,96741099999,WIII,96739099999,WIHH,96749099999,96751099999,96745099999,96749599999"
"-6.48193504748969,106.45661598101",2021-12-14,30.8,25.7,28.1,38.3,25.7,31.8,24.7,82.1,0.88,100,8.33,rain,0,0,,17.6,293.5,1007.8,57.5,7.2,278.7,24.0,10,,2021-12-14T05:34:00,2021-12-14T18:03:40,0.41,"Rain, Partially cloudy",Partly cloudy throughout the day with rain.,rain,"96737099999,96741099999,WIII,96739099999,WIHH,96749099999,96751099999,96745099999,96749599999"
"-6.48193504748969,106.45661598101",2021-12-15,31.8,24.9,27.7,39.8,24.9,30.7,24.4,82.6,0.49,100,16.67,rain,0,0,,17.2,219.8,1007.8,54.7,6.2,271.9,23.5,9,,2021-12-15T05:34:27,2021-12-15T18:04:11,0.44,"Rain, Partially cloudy",Partly cloudy throughout the day with rain.,rain,"96737099999,96741099999,WIII,96739099999,WIHH,96749099999,96751099999,96745099999,96749599999"
"-6.48193504748969,106.45661598101",2021-12-16,32.8,24.6,27.4,40.0,24.6,29.7,24.4,84.8,27.54,100,16.67,rain,0,0,,17.3,189.9,1008.2,62.4,5.4,233.2,20.2,8,,2021-12-16T05:34:54,2021-12-16T18:04:41,0.47,"Rain, Partially cloudy",Partly cloudy throughout the day with rain.,rain,"96737099999,96741099999,WIII,96739099999,WIHH,96749099999,96751099999,96745099999,96749599999"
"-6.48193504748969,106.45661598101",2021-12-17,33.0,23.8,27.5,40.6,23.8,29.9,24.1,82.8,4.9,100,8.33,rain,0,0,46.4,19.1,213.1,1008.1,53.6,6.4,151.7,13.1,6,,2021-12-17T05:35:22,2021-12-17T18:05:11,0.49,"Rain, Partially cloudy",Partly cloudy throughout the day with afternoon rain.,rain,"96737099999,96741099999,WIII,WIHH,96739099999,96749099999,96751099999,96749599999,96745099999"
"-6.48193504748969,106.45661598101",2021-12-18,34.6,24.3,28.2,42.2,24.3,30.7,23.5,76.9,3.17,100,16.67,rain,0,0,,18.1,223.0,1008.3,53.5,7.4,121.2,10.6,4,,2021-12-18T05:35:50,2021-12-18T18:05:42,0.5,"Rain, Partially cloudy",Partly cloudy throughout the day with rain.,rain,"96737099999,96741099999,WIII,96739099999,WIHH,96749099999,96751099999,96745099999,96749599999"
"-6.48193504748969,106.45661598101",2021-12-19,32.4,24.6,28.5,41.5,24.6,32.6,24.7,80.9,5.5,100,16.67,rain,0,0,,18.4,220.7,1009.3,54.1,6.8,162.8,14.0,6,,2021-12-19T05:36:19,2021-12-19T18:06:12,0.5,"Rain, Partially cloudy",Partly cloudy throughout the day with rain.,rain,"96737099999,96741099999,WIII,WIHH,96739099999,96749099999,96751099999,96749599999,96745099999"
"-6.48193504748969,106.45661598101",2021-12-20,32.4,24.2,26.9,40.9,24.2,29.2,24.3,86.3,5.37,100,16.67,rain,0,0,,23.8,246.4,1010.6,53.5,6.8,80.9,7.1,3,,2021-12-20T05:36:48,2021-12-20T18:06:42,0.51,"Rain, Partially cloudy",Partly cloudy throughout the day with rain.,rain,"96737099999,96741099999,WIII,96739099999,WIHH,96749099999,96751099999,96745099999,96749599999"
"-6.48193504748969,106.45661598101",2021-12-21,30.0,24.4,25.6,35.7,24.4,26.3,24.0,91.2,24.54,100,16.67,rain,0,0,,21.3,189.1,1011.2,64.3,5.1,212.6,18.4,8,,2021-12-21T05:37:17,2021-12-21T18:07:12,0.53,"Rain, Partially cloudy",Partly cloudy throughout the day with rain.,rain,"96737099999,96741099999,WIII,WIHH,96739099999,96749099999,96751099999,96749599999,96745099999"
"-6.48193504748969,106.45661598101",2021-12-22,32.0,23.3,27.2,38.1,23.3,29.7,23.9,82.8,2.56,100,16.67,rain,0,0,,13.7,212.0,1010.6,56.9,5.0,99.3,8.5,3,,2021-12-22T05:37:47,2021-12-22T18:07:42,0.55,"Rain, Partially cloudy",Partly cloudy throughout the day with rain.,rain,"96737099999,96741099999,WIII,96739099999,WIHH,96749099999,96751099999,96745099999,96749599999"
"-6.48193504748969,106.45661598101",2021-12-23,32.4,23.8,26.7,39.0,23.8,28.6,24.0,85.9,14.06,100,20.83,rain,0,0,50.0,27.8,233.1,1009.8,62.4,5.7,191.1,16.3,6,,2021-12-23T05:38:17,2021-12-23T18:08:11,0.59,"Rain, Partially cloudy",Partly cloudy throughout the day with rain.,rain,"96737099999,96741099999,WIII,WIHH,96739099999,96749099999,96751099999,96749599999,96745099999"
"-6.48193504748969,106.45661598101",2021-12-24,31.4,23.7,26.7,38.4,23.7,29.0,24.1,86.2,4.35,100,12.5,rain,0,0,,18.1,250.3,1009.5,59.4,6.4,267.7,22.9,9,,2021-12-24T05:38:47,2021-12-24T18:08:40,0.63,"Rain, Partially cloudy",Partly cloudy throughout the day with a chance of rain throughout the day.,rain,"96737099999,96741099999,WIII,96739099999,WIHH,96749099999,96751099999,96745099999,96749599999"
"-6.48193504748969,106.45661598101",2021-12-25,30.5,24.3,26.9,37.1,24.3,28.7,24.5,87.3,5.36,100,25.0,rain,0,0,,13.0,265.2,1010.0,61.2,6.6,158.8,13.7,5,,2021-12-25T05:39:18,2021-12-25T18:09:09,0.67,"Rain, Partially cloudy",Partly cloudy throughout the day with a chance of rain throughout the day.,rain,"96737099999,96741099999,WIII,WIHH,96739099999,96749099999,96751099999,96749599999,96745099999"
"-6.48193504748969,106.45661598101",2021-12-26,31.0,22.4,26.6,35.6,22.4,29.0,23.5,84.3,17.31,100,16.67,rain,0,0,,19.0,266.2,1011.3,64.3,6.7,124.8,10.7,5,,2021-12-26T05:39:48,2021-12-26T18:09:38,0.72,"Rain, Partially cloudy",Partly cloudy throughout the day with rain clearing later.,rain,"96737099999,96741099999,WIII,96739099999,WIHH,96749099999,96751099999,96745099999,96749599999"
"-6.48193504748969,106.45661598101",2021-12-27,32.0,24.4,27.6,38.6,24.4,30.5,24.3,82.6,0.5,100,16.67,rain,0,0,,25.2,265.3,1011.6,49.2,6.9,221.1,19.1,7,,2021-12-27T05:40:19,2021-12-27T18:10:06,0.78,"Rain, Partially cloudy",Partly cloudy throughout the day with rain.,rain,"96737099999,96741099999,WIII,96739099999,WIHH,96749099999,96751099999,96745099999,96749599999"
"-6.48193504748969,106.45661598101",2021-12-28,30.6,24.4,27.5,37.3,24.4,30.4,24.3,83.2,3.64,100,20.83,rain,0,0,,19.4,195.9,1010.4,60.8,6.7,202.9,17.5,6,,2021-12-28T05:40:50,2021-12-28T18:10:33,0.83,"Rain, Partially cloudy",Partly cloudy throughout the day with rain.,rain,"96737099999,96741099999,WIII,96739099999,WIHH,96749099999,96751099999,96745099999,96749599999"
"-6.48193504748969,106.45661598101",2021-12-29,31.0,23.7,27.0,38.0,23.7,30.0,24.4,86.3,15.29,100,20.83,rain,0,0,,18.4,245.1,1010.4,61.3,6.1,178.7,15.3,6,,2021-12-29T05:41:21,2021-12-29T18:11:01,0.88,"Rain, Partially cloudy",Partly cloudy throughout the day with a chance of rain throughout the day.,rain,"96737099999,96741099999,WIII,96739099999,WIHH,96749099999,96751099999,96745099999,96749599999"
"-6.48193504748969,106.45661598101",2021-12-30,30.4,25.0,27.2,37.6,25.0,30.1,24.9,87.4,2.27,100,20.83,rain,0,0,,16.6,274.3,1010.0,63.0,5.6,229.4,19.9,8,,2021-12-30T05:41:52,2021-12-30T18:11:27,0.93,"Rain, Partially cloudy",Partly cloudy throughout the day with rain.,rain,"96737099999,96741099999,WIII,WIHH,96739099999,96749099999,96751099999,96749599999,96745099999"
"-6.48193504748969,106.45661598101",2021-12-31,32.0,24.1,27.8,38.6,24.1,30.5,24.3,82.4,0.0,0,0.0,,0,0,,19.9,249.2,1009.9,48.9,6.3,144.8,12.5,5,,2021-12-31T05:42:23,2021-12-31T18:11:54,0.97,Partially cloudy,Partly cloudy throughout the day.,partly-cloudy-day,"96737099999,96741099999,WIII,96739099999,WIHH,96749099999,96751099999,96745099999,96749599999"
"-6.48193504748969,106.45661598101",2022-01-01,31.4,24.3,27.8,38.0,24.3,30.6,23.9,80.3,0.41,100,12.5,rain,0,0,,21.0,262.8,1009.7,53.8,7.9,185.0,16.0,7,,2022-01-01T05:42:54,2022-01-01T18:12:19,0.99,"Rain, Partially cloudy",Partly cloudy throughout the day with rain clearing later.,rain,"96737099999,96741099999,WIII,WIHH,96739099999,96749099999,96751099999,96749599999,96745099999"
"-6.48193504748969,106.45661598101",2022-01-02,32.4,24.5,27.4,37.4,24.5,29.2,23.5,80.8,0.33,100,8.33,rain,0,0,,20.8,265.7,1009.3,52.4,7.7,226.6,19.6,7,,2022-01-02T05:43:25,2022-01-02T18:12:44,1.0,"Rain, Partially cloudy",Partly cloudy throughout the day with rain.,rain,"96737099999,96741099999,WIII,96739099999,WIHH,96749099999,96751099999,96745099999,96749599999"
"-6.48193504748969,106.45661598101",2022-01-03,34.6,22.6,28.2,39.8,22.6,30.4,22.3,72.2,0.0,0,0.0,,0,0,,22.6,243.0,1009.0,43.9,7.5,284.2,24.6,10,,2022-01-03T05:43:56,2022-01-03T18:13:09,0.0,Partially cloudy,Partly cloudy throughout the day.,partly-cloudy-day,"96737099999,96741099999,WIII,WIHH,96739099999,96749099999,96751099999,96749599999,96745099999"
"-6.48193504748969,106.45661598101",2022-01-04,32.4,22.7,27.6,37.3,22.7,30.2,22.8,76.3,0.0,0,0.0,,0,0,,15.8,186.5,1010.0,42.7,6.8,314.8,27.2,10,,2022-01-04T05:44:27,2022-01-04T18:13:33,0.02,Partially cloudy,Partly cloudy throughout the day.,partly-cloudy-day,"96737099999,96741099999,WIII,96739099999,WIHH,96749099999,96751099999,96745099999,96749599999"
"-6.48193504748969,106.45661598101",2022-01-05,32.4,23.6,28.3,38.5,23.6,31.4,23.9,78.1,5.65,100,12.5,rain,0,0,,13.6,201.5,1009.8,48.3,5.5,303.0,26.0,10,,2022-01-05T05:44:57,2022-01-05T18:13:56,0.05,"Rain, Partially cloudy",Partly cloudy throughout the day with rain.,rain,"96737099999,96741099999,WIII,96739099999,WIHH,96749099999,96751099999,96745099999,96749599999"
"-6.48193504748969,106.45661598101",2022-01-06,32.0,24.4,27.5,40.0,24.4,30.3,24.8,85.9,4.0,100,20.83,rain,0,0,,16.6,226.8,1010.5,62.5,5.2,260.7,22.5,9,,2022-01-06T05:45:28,2022-01-06T18:14:19,0.09,"Rain, Partially cloudy",Partly cloudy throughout the day with rain.,rain,"96737099999,96741099999,WIII,96739099999,WIHH,96749099999,96751099999,96745099999,96749599999"
"-6.48193504748969,106.45661598101",2022-01-07,33.4,24.3,27.8,38.8,24.3,30.1,23.5,79.2,1.08,100,12.5,rain,0,0,,22.6,237.8,1010.9,56.4,7.0,175.2,15.3,6,,2022-01-07T05:45:58,2022-01-07T18:14:41,0.14,"Rain, Partially cloudy",Partly cloudy throughout the day with rain.,rain,"96737099999,96741099999,WIII,96739099999,WIHH,96749099999,96751099999,96745099999,96749599999"
"-6.48193504748969,106.45661598101",2022-01-08,32.0,24.4,28.0,38.6,24.4,30.7,24.0,80.1,0.02,100,4.17,rain,0,0,,22.0,269.3,1010.0,53.2,6.2,230.6,19.9,8,,2022-01-08T05:46:28,2022-01-08T18:15:02,0.19,"Rain, Partially cloudy",Partly cloudy throughout the day with early morning rain.,rain,"96737099999,96741099999,WIII,96739099999,WIHH,96749099999,96751099999,96745099999,96749599999"
"-6.48193504748969,106.45661598101",2022-01-09,31.4,24.9,28.1,38.6,24.9,31.4,24.3,80.2,0.55,100,12.5,rain,0,0,,18.9,271.6,1009.1,54.8,7.2,221.0,19.1,7,,2022-01-09T05:46:58,2022-01-09T18:15:22,0.24,"Rain, Partially cloudy",Partly cloudy throughout the day with rain in the morning and afternoon.,rain,"96737099999,96741099999,WIII,96739099999,WIHH,96749099999,96751099999,96745099999,96749599999"
"-6.48193504748969,106.45661598101",2022-01-10,31.0,24.5,27.2,37.7,24.5,29.4,24.3,85.2,5.16,100,16.67,rain,0,0,7.2,21.7,271.8,1009.3,56.1,6.9,160.9,13.9,5,10.0,2022-01-10T05:47:27,2022-01-10T18:15:42,0.28,"Rain, Partially cloudy",Partly cloudy throughout the day with rain.,rain,"96737099999,96741099999,WIII,96739099999,WIHH,96749099999,96751099999,96745099999,96749599999"
"-6.48193504748969,106.45661598101",2022-01-11,31.0,23.7,26.2,37.5,23.7,27.8,24.1,89.4,52.07,100,25.0,rain,0,0,33.5,19.0,251.8,1011.0,72.1,6.2,176.6,15.5,6,10.0,2022-01-11T05:47:56,2022-01-11T18:16:01,0.33,"Rain, Partially cloudy",Partly cloudy throughout the day with a chance of rain throughout the day.,rain,"96737099999,96741099999,WIII,WIHH,96739099999,96749099999,96751099999,96749599999,96745099999"
"-6.48193504748969,106.45661598101",2022-01-12,30.6,23.2,26.1,37.3,23.2,28.1,24.0,89.2,17.62,100,20.83,rain,0,0,51.8,26.1,249.8,1011.1,68.1,6.1,214.1,18.5,8,10.0,2022-01-12T05:48:25,2022-01-12T18:16:19,0.38,"Rain, Partially cloudy",Partly cloudy throughout the day with rain.,rain,"96737099999,96741099999,WIII,96739099999,WIHH,96749099999,96751099999,96745099999,96749599999"
"-6.48193504748969,106.45661598101",2022-01-13,30.4,23.5,26.6,36.4,23.5,29.3,24.0,86.0,7.4,100,20.83,rain,0,0,13.0,24.1,239.0,1010.9,61.0,6.4,230.2,20.2,7,10.0,2022-01-13T05:48:53,2022-01-13T18:16:36,0.41,"Rain, Partially cloudy",Partly cloudy throughout the day with a chance of rain throughout the day.,rain,"96737099999,96741099999,WIII,WIHH,96739099999,96749099999,96751099999,96749599999,96745099999"
"-6.48193504748969,106.45661598101",2022-01-14,29.0,23.2,26.4,34.5,23.2,29.0,24.1,87.3,10.27,100,25.0,rain,0,0,11.5,20.7,230.9,1010.8,61.2,5.8,289.8,25.6,8,30.0,2022-01-14T05:49:21,2022-01-14T18:16:53,0.45,"Rain, Partially cloudy",Partly cloudy throughout the day with rain.,rain,"96737099999,96741099999,WIII,96739099999,WIHH,96749099999,96751099999,96745099999,96749599999"
"-6.48193504748969,106.45661598101",2022-01-15,29.0,23.7,26.5,34.7,23.7,29.1,24.4,88.6,4.09,100,16.67,rain,0,0,12.6,17.9,240.9,1010.7,66.8,6.0,205.6,18.0,7,30.0,2022-01-15T05:49:49,2022-01-15T18:17:09,0.47,"Rain, Partially cloudy",Partly cloudy throughout the day with a chance of rain throughout the day.,rain,"96737099999,96741099999,WIII,WIHH,96739099999,96749099999,96751099999,96749599999,96745099999"
"-6.48193504748969,106.45661598101",2022-01-16,29.0,24.1,26.9,35.1,24.1,29.7,25.1,90.1,2.17,100,12.5,rain,0,0,10.8,15.2,228.9,1010.1,56.2,4.8,253.5,22.3,8,30.0,2022-01-16T05:50:16,2022-01-16T18:17:23,0.49,"Rain, Partially cloudy",Partly cloudy throughout the day with rain.,rain,"96737099999,96741099999,WIII,96739099999,WIHH,96749099999,96751099999,96745099999,96749599999"
"-6.48193504748969,106.45661598101",2022-01-17,31.0,24.5,27.4,37.7,24.5,30.6,24.8,86.1,4.02,100,20.83,rain,0,0,18.0,18.4,287.4,1009.7,67.8,6.0,210.3,18.6,7,30.0,2022-01-17T05:50:42,2022-01-17T18:17:37,0.5,"Rain, Partially cloudy",Partly cloudy throughout the day with rain.,rain,"96737099999,96741099999,WIII,WIHH,96739099999,96749099999,96751099999,96749599999,96745099999"
"-6.48193504748969,106.45661598101",2022-01-18,28.0,24.0,25.9,32.8,24.0,26.9,24.6,92.8,40.26,100,29.17,rain,0,0,40.7,18.4,286.5,1009.4,75.3,5.0,211.0,18.6,7,30.0,2022-01-18T05:51:08,2022-01-18T18:17:50,0.5,"Rain, Partially cloudy",Partly cloudy throughout the day with a chance of rain throughout the day.,rain,"96737099999,96741099999,WIII,WIHH,96739099999,96749099999,96751099999,96745099999,96749599999"
"-6.48193504748969,106.45661598101",2022-01-19,30.0,24.0,26.7,36.4,24.0,28.8,24.2,86.5,26.07,100,29.17,rain,0,0,55.4,27.7,294.5,1008.8,69.3,6.3,307.8,26.9,9,30.0,2022-01-19T05:51:34,2022-01-19T18:18:02,0.52,"Rain, Partially cloudy",Partly cloudy throughout the day with a chance of rain throughout the day.,rain,"96737099999,96741099999,WIII,WIHH,96739099999,96749099999,96751099999,96749599999,96745099999"
"-6.48193504748969,106.45661598101",2022-01-20,29.4,23.4,25.3,34.4,23.4,26.0,23.4,89.2,16.32,100,16.67,rain,0,0,20.5,17.4,251.1,1009.6,63.6,7.2,56.4,5.1,7,10.0,2022-01-20T05:51:59,2022-01-20T18:18:13,0.53,"Rain, Partially cloudy",Partly cloudy throughout the day with a chance of rain throughout the day.,rain,"96737099999,96741099999,WIII,96739099999,WIHH,96749099999,96751099999,96745099999,96749599999"
"-6.48193504748969,106.45661598101",2022-01-21,31.0,23.2,26.7,37.4,23.2,29.1,23.7,84.5,4.19,100,16.67,rain,0,0,19.1,18.2,250.7,1009.4,53.1,6.9,302.6,26.4,9,30.0,2022-01-21T05:52:23,2022-01-21T18:18:24,0.56,"Rain, Partially cloudy",Partly cloudy throughout the day with rain.,rain,"96737099999,96741099999,WIII,96739099999,WIHH,96749099999,96751099999,96745099999,96749599999"
"-6.48193504748969,106.45661598101",2022-01-22,30.4,23.6,26.7,36.4,23.6,29.1,24.1,86.3,11.02,100,16.67,rain,0,0,10.4,16.6,262.1,1009.5,62.6,6.3,251.5,22.0,7,30.0,2022-01-22T05:52:47,2022-01-22T18:18:33,0.6,"Rain, Partially cloudy",Partly cloudy throughout the day with rain clearing later.,rain,"96737099999,96741099999,WIII,96739099999,WIHH,96749099999,96751099999,96745099999,96749599999"
"-6.48193504748969,106.45661598101",2022-01-23,32.4,24.4,28.2,39.4,24.4,31.4,24.0,78.8,0.0,0,0.0,rain,0,0,17.3,20.6,267.8,1008.5,49.9,7.8,281.4,24.6,9,60.0,2022-01-23T05:53:10,2022-01-23T18:18:41,0.65,Partially cloudy,Partly cloudy throughout the day.,partly-cloudy-day,"96737099999,96741099999,WIII,WIHH,96739099999,96749099999,96751099999,96749599999,96745099999"
"-6.48193504748969,106.45661598101",2022-01-24,33.8,24.4,28.5,42.2,24.4,31.9,24.1,78.0,0.0,0,0.0,rain,0,0,23.0,30.0,259.0,1007.6,44.0,8.0,305.7,26.7,9,30.0,2022-01-24T05:53:33,2022-01-24T18:18:49,0.7,Partially cloudy,Partly cloudy throughout the day.,partly-cloudy-day,"96737099999,96741099999,WIII,96739099999,WIHH,96749099999,96751099999,96745099999,96749599999"
"-6.48193504748969,106.45661598101",2022-01-25,31.4,25.0,28.0,39.2,25.0,31.7,24.5,81.5,0.74,100,12.5,rain,0,0,23.8,22.3,270.4,1007.8,48.9,8.4,281.4,24.7,8,30.0,2022-01-25T05:53:55,2022-01-25T18:18:55,0.75,"Rain, Partially cloudy",Partly cloudy throughout the day with rain.,rain,"96737099999,96741099999,WIII,96739099999,WIHH,96749099999,96751099999,96745099999,96749599999"
"-6.48193504748969,106.45661598101",2022-01-26,30.0,24.4,26.7,36.9,24.4,28.6,24.5,88.4,1.23,100,16.67,rain,0,0,15.5,16.9,288.8,1008.7,65.1,6.9,238.6,20.9,7,30.0,2022-01-26T05:54:16,2022-01-26T18:19:01,0.81,"Rain, Partially cloudy",Partly cloudy throughout the day with rain.,rain,"96737099999,96741099999,WIII,96739099999,WIHH,96749099999,96751099999,96745099999,96749599999"
"-6.48193504748969,106.45661598101",2022-01-27,31.8,24.2,27.7,38.0,24.2,30.8,24.3,83.0,1.02,100,4.17,rain,0,0,31.7,22.8,299.5,1009.1,53.4,7.3,243.9,21.1,8,30.0,2022-01-27T05:54:37,2022-01-27T18:19:05,0.86,"Rain, Partially cloudy",Partly cloudy throughout the day with late afternoon rain.,rain,"96737099999,96741099999,WIII,WIHH,96739099999,96749099999,96751099999,96749599999,96745099999"
"-6.48193504748969,106.45661598101",2022-01-28,32.4,24.3,26.9,38.9,24.3,29.0,24.2,86.0,10.15,100,16.67,rain,0,0,18.4,19.0,275.5,1009.6,53.5,6.1,238.5,20.8,8,10.0,2022-01-28T05:54:57,2022-01-28T18:19:09,0.91,"Rain, Partially cloudy",Partly cloudy throughout the day with a chance of rain throughout the day.,rain,"96737099999,96741099999,WIII,96739099999,WIHH,96749099999,96751099999,96745099999,96749599999"
"-6.48193504748969,106.45661598101",2022-01-29,31.4,23.5,27.2,37.8,23.5,29.7,23.9,82.8,0.0,0,0.0,rain,0,0,13.0,14.8,239.0,1009.5,51.9,5.5,305.8,26.6,10,30.0,2022-01-29T05:55:17,2022-01-29T18:19:12,0.95,Partially cloudy,Partly cloudy throughout the day.,partly-cloudy-day,"96737099999,96741099999,WIII,96739099999,WIHH,96749099999,96751099999,96745099999,96749599999"
"-6.48193504748969,106.45661598101",2022-01-30,31.4,23.8,27.5,38.6,23.8,30.5,23.9,81.2,0.21,100,8.33,rain,0,0,16.2,19.0,211.0,1009.2,54.7,4.7,259.9,22.6,7,60.0,2022-01-30T05:55:35,2022-01-30T18:19:14,0.98,"Rain, Partially cloudy",Partly cloudy throughout the day with rain.,rain,"96737099999,96741099999,WIII,96739099999,WIHH,96749099999,96751099999,96745099999,96749599999"
"-6.48193504748969,106.45661598101",2022-01-31,31.4,24.2,27.6,38.4,24.2,30.4,23.8,80.3,5.38,100,16.67,rain,0,0,11.2,16.6,281.4,1009.1,56.6,6.3,282.1,24.6,9,30.0,2022-01-31T05:55:53,2022-01-31T18:19:14,1.0,"Rain, Partially cloudy",Partly cloudy throughout the day with rain.,rain,"96737099999,96741099999,WIII,96739099999,WIHH,96749099999,96751099999,96745099999,96749599999"
"-6.48193504748969,106.45661598101",2022-02-01,31.4,24.4,27.6,38.6,24.4,30.5,24.4,83.1,2.62,100,8.33,rain,0,0,20.2,18.1,243.7,1008.5,55.6,6.0,304.7,26.6,10,30.0,2022-02-01T05:56:11,2022-02-01T18:19:14,0.0,"Rain, Partially cloudy",Partly cloudy throughout the day with rain.,rain,"96737099999,96741099999,WIII,96739099999,WIHH,96749099999,96751099999,96745099999,96749599999"
"-6.48193504748969,106.45661598101",2022-02-02,30.8,24.0,27.2,37.1,24.0,29.8,23.9,83.1,3.62,100,20.83,rain,0,0,10.8,22.3,213.8,1009.6,61.3,6.6,293.9,25.8,9,30.0,2022-02-02T05:56:27,2022-02-02T18:19:13,0.01,"Rain, Partially cloudy",Partly cloudy throughout the day with a chance of rain throughout the day.,rain,"96737099999,96741099999,WIII,96739099999,WIHH,96749099999,96751099999,96745099999,96749599999"
"-6.48193504748969,106.45661598101",2022-02-03,31.4,24.2,28.1,37.1,24.2,31.4,24.3,80.7,3.06,100,16.67,rain,0,0,12.2,15.8,231.8,1009.1,49.0,6.3,303.1,26.4,9,30.0,2022-02-03T05:56:43,2022-02-03T18:19:11,0.03,"Rain, Partially cloudy",Partly cloudy throughout the day with rain.,rain,"96737099999,96741099999,WIII,96739099999,WIHH,96749099999,96751099999,96745099999,96749599999"
"-6.48193504748969,106.45661598101",2022-02-04,31.0,23.8,26.6,37.2,23.8,28.9,24.1,86.8,36.65,100,29.17,rain,0,0,12.2,19.7,248.1,1008.3,70.0,5.4,237.0,20.7,7,30.0,2022-02-04T05:56:59,2022-02-04T18:19:08,0.07,"Rain, Partially cloudy",Partly cloudy throughout the day with a chance of rain throughout the day.,rain,"96737099999,96741099999,WIII,96739099999,WIHH,96749099999,96751099999,96745099999,96749599999"
"-6.48193504748969,106.45661598101",2022-02-05,28.0,23.6,25.7,32.7,23.6,26.7,24.1,91.1,17.29,100,25.0,rain,0,0,19.1,20.5,255.1,1008.7,66.4,6.1,186.2,16.3,7,30.0,2022-02-05T05:57:13,2022-02-05T18:19:04,0.11,"Rain, Partially cloudy",Partly cloudy throughout the day with a chance of rain throughout the day.,rain,"96737099999,96741099999,WIII,96739099999,WIHH,96749099999,96751099999,96745099999,96749599999"
"-6.48193504748969,106.45661598101",2022-02-06,30.4,24.1,27.0,35.9,24.1,29.3,23.9,83.9,9.09,100,29.17,rain,0,0,42.5,18.9,277.3,1008.1,61.5,6.9,190.7,16.6,9,10.0,2022-02-06T05:57:27,2022-02-06T18:18:59,0.15,"Rain, Partially cloudy",Partly cloudy throughout the day with a chance of rain throughout the day.,rain,"96737099999,96741099999,WIII,96739099999,WIHH,96749099999,96751099999,96745099999,96749599999"
"-6.48193504748969,106.45661598101",2022-02-07,31.0,24.7,27.4,36.5,24.7,30.1,24.3,83.8,5.72,100,25.0,rain,0,0,16.6,17.3,259.4,1008.3,65.8,6.8,226.4,19.7,6,10.0,2022-02-07T05:57:40,2022-02-07T18:18:53,0.2,"Rain, Partially cloudy",Partly cloudy throughout the day with a chance of rain throughout the day.,rain,"96737099999,96741099999,WIII,96739099999,WIHH,96749099999,96751099999,96745099999,96749599999"
"-6.48193504748969,106.45661598101",2022-02-08,27.7,24.5,26.3,31.9,24.5,27.6,24.8,91.5,23.28,100,25.0,rain,0,0,13.7,10.8,193.0,1009.2,70.4,4.9,225.1,19.4,7,30.0,2022-02-08T05:57:52,2022-02-08T18:18:47,0.25,"Rain, Partially cloudy",Partly cloudy throughout the day with a chance of rain throughout the day.,rain,"96737099999,96741099999,WIII,96739099999,WIHH,96749099999,96751099999,96745099999,96749599999"
"-6.48193504748969,106.45661598101",2022-02-09,31.0,24.1,26.8,37.7,24.1,28.6,23.9,84.9,15.44,100,20.83,rain,0,0,68.4,37.1,268.5,1009.3,65.1,6.0,148.4,13.0,4,10.0,2022-02-09T05:58:04,2022-02-09T18:18:39,0.29,"Rain, Partially cloudy",Partly cloudy throughout the day with rain.,rain,"96737099999,96741099999,WIII,96739099999,WIHH,96749099999,96751099999,96745099999,96749599999"
"-6.48193504748969,106.45661598101",2022-02-10,30.0,23.7,26.6,34.1,23.7,28.3,23.1,82.2,2.76,100,20.83,rain,0,0,44.6,23.8,262.9,1008.2,64.2,6.9,173.7,15.3,8,10.0,2022-02-10T05:58:15,2022-02-10T18:18:31,0.34,"Rain, Partially cloudy",Partly cloudy throughout the day with a chance of rain throughout the day.,rain,"96737099999,96741099999,WIII,96739099999,WIHH,96749099999,96751099999,96745099999,96749599999"
"-6.48193504748969,106.45661598101",2022-02-11,30.7,23.4,27.4,36.5,23.4,30.1,23.6,80.6,0.04,100,4.17,rain,0,0,27.7,18.4,274.0,1007.6,55.9,6.7,282.7,24.6,9,10.0,2022-02-11T05:58:25,2022-02-11T18:18:22,0.38,"Rain, Partially cloudy",Partly cloudy throughout the day with late afternoon rain.,rain,"96737099999,96741099999,WIII,96739099999,WIHH,96749099999,96751099999,96745099999,96749599999"
"-6.48193504748969,106.45661598101",2022-02-12,30.0,24.8,27.5,36.9,24.8,30.7,24.4,83.5,0.03,100,4.17,rain,0,0,22.3,13.8,269.8,1006.7,58.8,6.2,233.7,20.3,9,10.0,2022-02-12T05:58:35,2022-02-12T18:18:11,0.42,"Rain, Partially cloudy",Partly cloudy throughout the day with morning rain.,rain,"96737099999,96741099999,WIII,96739099999,WIHH,96749099999,96751099999,96745099999,96749599999"
"-6.48193504748969,106.45661598101",2022-02-13,29.8,24.1,26.6,35.9,24.1,28.7,24.0,86.0,0.9,100,20.83,rain,0,0,18.7,16.6,255.0,1006.6,63.5,5.9,71.3,6.0,4,10.0,2022-02-13T05:58:44,2022-02-13T18:18:00,0.45,"Rain, Partially cloudy",Partly cloudy throughout the day with a chance of rain throughout the day.,rain,"96737099999,96741099999,WIII,96739099999,WIHH,96749099999,96751099999,96745099999,96749599999"
"-6.48193504748969,106.45661598101",2022-02-14,29.4,23.3,26.0,34.2,23.3,27.2,23.4,86.2,7.59,100,12.5,rain,0,0,17.3,17.3,148.1,1008.0,56.1,6.1,147.2,13.0,5,10.0,2022-02-14T05:58:52,2022-02-14T18:17:49,0.48,"Rain, Partially cloudy",Partly cloudy throughout the day with rain in the morning and afternoon.,rain,"96737099999,96741099999,WIII,96739099999,WIHH,96749099999,96751099999,96745099999,96749599999"
"-6.48193504748969,106.45661598101",2022-02-15,32.8,23.8,27.3,39.2,23.8,29.6,23.7,82.1,16.93,100,8.33,rain,0,0,11.9,15.3,152.6,1007.9,56.2,5.9,302.4,26.4,10,10.0,2022-02-15T05:59:00,2022-02-15T18:17:36,0.49,"Rain, Partially cloudy",Partly cloudy throughout the day with rain.,rain,"96737099999,96741099999,WIII,96739099999,WIHH,96749099999,96751099999,96745099999,96749599999"
"-6.48193504748969,106.45661598101",2022-02-16,32.6,24.1,27.6,38.0,24.1,29.7,23.7,80.6,10.61,100,8.33,rain,0,0,12.2,33.5,176.6,1006.4,56.0,6.0,255.0,22.3,7,30.0,2022-02-16T05:59:07,2022-02-16T18:17:23,0.5,"Rain, Partially cloudy",Partly cloudy throughout the day with late afternoon rain.,rain,"96737099999,96741099999,WIII,96739099999,WIHH,96749099999,96751099999,96745099999,96749599999"
"-6.48193504748969,106.45661598101",2022-02-17,30.4,23.5,26.8,36.9,23.5,29.2,24.1,85.4,2.95,100,20.83,rain,0,0,10.4,15.7,228.9,1006.7,57.8,5.8,150.2,13.2,6,30.0,2022-02-17T05:59:13,2022-02-17T18:17:08,0.51,"Rain, Partially cloudy",Partly cloudy throughout the day with rain.,rain,"96737099999,96741099999,WIII,96739099999,WIHH,96749099999,96751099999,96745099999,96749599999"
"-6.48193504748969,106.45661598101",2022-02-18,29.4,24.7,26.6,35.6,24.7,28.4,24.5,88.4,9.49,100,20.83,rain,0,0,11.5,10.4,202.3,1008.5,62.5,4.8,170.3,15.1,5,30.0,2022-02-18T05:59:18,2022-02-18T18:16:53,0.52,"Rain, Partially cloudy",Partly cloudy throughout the day with rain.,rain,"96737099999,96741099999,WIII,96739099999,WIHH,96749099999,96751099999,96745099999,96749599999"
"-6.48193504748969,106.45661598101",2022-02-19,30.5,24.0,27.0,36.0,24.0,29.7,24.3,85.7,0.34,100,20.83,rain,0,0,7.6,18.4,166.1,1009.4,56.0,5.4,143.5,12.5,7,30.0,2022-02-19T05:59:23,2022-02-19T18:16:38,0.54,"Rain, Partially cloudy",Partly cloudy throughout the day with rain.,rain,"96737099999,96741099999,WIII,96739099999,WIHH,96749099999,96751099999,96745099999,96749599999"
"-6.48193504748969,106.45661598101",2022-02-20,30.0,24.7,27.1,36.4,24.7,29.9,24.8,87.4,4.75,100,16.67,rain,0,0,9.7,15.2,139.4,1009.6,59.2,5.4,162.0,14.1,6,60.0,2022-02-20T05:59:28,2022-02-20T18:16:21,0.58,"Rain, Partially cloudy",Partly cloudy throughout the day with rain.,rain,"96737099999,96741099999,WIII,96739099999,WIHH,96749099999,96751099999,96745099999,96749599999"
"-6.48193504748969,106.45661598101",2022-02-21,32.4,23.7,27.7,38.0,23.7,30.4,23.4,78.6,1.06,100,8.33,rain,0,0,11.9,16.6,251.6,1009.2,56.4,6.4,264.1,22.9,9,60.0,2022-02-21T05:59:31,2022-02-21T18:16:04,0.62,"Rain, Partially cloudy",Partly cloudy throughout the day with rain clearing later.,rain,"96737099999,96741099999,WIII,96739099999,WIHH,96749099999,96751099999,96745099999,96749599999"
"-6.48193504748969,106.45661598101",2022-02-22,32.4,24.0,28.4,37.6,24.0,31.4,23.6,76.8,6.86,100,8.33,rain,0,0,20.2,20.7,264.0,1009.9,50.7,7.1,316.1,27.6,10,60.0,2022-02-22T05:59:35,2022-02-22T18:15:46,0.67,"Rain, Partially cloudy",Partly cloudy throughout the day with rain.,rain,"96737099999,96741099999,WIII,96739099999,WIHH,96749099999,96751099999,96745099999,96749599999"
"-6.48193504748969,106.45661598101",2022-02-23,31.4,23.8,27.4,37.5,23.8,29.9,23.3,78.9,2.7,100,16.67,rain,0,0,21.2,29.5,273.3,1010.5,59.0,6.9,299.7,26.1,10,30.0,2022-02-23T05:59:37,2022-02-23T18:15:28,0.73,"Rain, Partially cloudy",Partly cloudy throughout the day with a chance of rain throughout the day.,rain,"96737099999,96741099999,WIII,96739099999,WIHH,96749099999,96751099999,96745099999,96749599999"
"-6.48193504748969,106.45661598101",2022-02-24,31.8,23.0,27.0,35.0,23.0,28.6,22.2,76.5,9.94,100,16.67,rain,0,0,33.5,21.7,260.5,1010.6,55.8,7.6,184.3,16.2,8,10.0,2022-02-24T05:59:39,2022-02-24T18:15:09,0.79,"Rain, Partially cloudy",Partly cloudy throughout the day with rain clearing later.,rain,"96737099999,96741099999,WIII,96739099999,WIHH,96749099999,96751099999,96745099999,96749599999"
"-6.48193504748969,106.45661598101",2022-02-25,28.4,23.7,25.9,31.8,23.7,26.7,23.0,84.5,9.62,100,16.67,rain,0,0,31.7,21.7,256.5,1010.4,63.3,7.1,140.5,12.5,7,10.0,2022-02-25T05:59:40,2022-02-25T18:14:49,0.84,"Rain, Partially cloudy",Partly cloudy throughout the day with rain.,rain,"96737099999,96741099999,WIII,96739099999,WIHH,96749099999,96751099999,96745099999,96749599999"
"-6.48193504748969,106.45661598101",2022-02-26,31.0,24.1,26.1,36.1,24.1,27.2,23.3,85.0,12.62,100,29.17,rain,0,0,59.4,29.8,253.0,1009.9,59.1,7.0,155.4,13.7,7,10.0,2022-02-26T05:59:41,2022-02-26T18:14:28,0.89,"Rain, Partially cloudy",Partly cloudy throughout the day with a chance of rain throughout the day.,rain,"96737099999,96741099999,WIII,96739099999,WIHH,96749099999,96751099999,96745099999,96749599999"
"-6.48193504748969,106.45661598101",2022-02-27,29.8,23.8,26.4,35.1,23.8,28.0,23.6,85.3,7.17,100,25.0,rain,0,0,29.2,27.7,259.1,1009.7,49.5,7.7,299.0,26.0,9,10.0,2022-02-27T05:59:42,2022-02-27T18:14:07,0.94,"Rain, Partially cloudy",Partly cloudy throughout the day with a chance of rain throughout the day.,rain,"96737099999,96741099999,WIII,96739099999,WIHH,96749099999,96751099999,96745099999,96749599999"
"-6.48193504748969,106.45661598101",2022-02-28,30.0,24.3,26.8,35.1,24.3,29.0,24.0,85.0,8.24,100,25.0,rain,0,0,23.4,22.8,271.2,1009.0,53.4,7.4,255.2,22.4,8,30.0,2022-02-28T05:59:41,2022-02-28T18:13:46,0.97,"Rain, Partially cloudy",Partly cloudy throughout the day with rain.,rain,"96737099999,96741099999,WIII,96739099999,WIHH,96749099999,96751099999,96745099999,96749599999"
"-6.48193504748969,106.45661598101",2022-03-01,29.0,23.6,25.4,33.6,23.6,26.4,23.8,91.2,37.06,100,29.17,rain,0,0,27.0,24.1,268.2,1009.4,70.8,6.4,280.1,21.2,9,10.0,2022-03-01T05:59:41,2022-03-01T18:13:24,1.0,"Rain, Partially cloudy",Partly cloudy throughout the day with a chance of rain throughout the day.,rain,"96737099999,96741099999,WIII,96739099999,WIHH,96749099999,96751099999,96745099999,96749599999"
"-6.48193504748969,106.45661598101",2022-03-02,31.0,23.8,26.6,37.7,23.8,28.7,24.2,86.9,15.38,100,25.0,rain,0,0,57.6,31.6,268.0,1009.0,55.8,7.3,327.1,23.7,10,10.0,2022-03-02T05:59:39,2022-03-02T18:13:01,1.0,"Rain, Partially cloudy",Partly cloudy throughout the day with a chance of rain throughout the day.,rain,"96737099999,96741099999,WIII,96739099999,WIHH,96749099999,96751099999,96745099999,96749599999"
"-6.48193504748969,106.45661598101",2022-03-03,32.4,23.9,27.7,39.2,23.9,30.5,23.8,80.3,1.16,100,16.67,rain,0,0,19.8,27.7,277.1,1008.4,51.0,8.0,277.1,19.9,8,30.0,2022-03-03T05:59:38,2022-03-03T18:12:38,0.0,"Rain, Partially cloudy",Partly cloudy throughout the day with a chance of rain throughout the day.,rain,"96737099999,96741099999,WIII,96739099999,WIHH,96749099999,96751099999,96745099999,96749599999"
"-6.48193504748969,106.45661598101",2022-03-04,31.4,24.0,27.4,37.3,24.0,30.0,24.0,82.7,5.84,100,8.33,rain,0,0,35.3,20.8,270.1,1009.4,65.1,7.2,265.9,19.1,9,30.0,2022-03-04T05:59:36,2022-03-04T18:12:14,0.02,"Rain, Partially cloudy",Partly cloudy throughout the day with rain clearing later.,rain,"96737099999,96741099999,WIII,96739099999,WIHH,96749099999,96751099999,96745099999,96749599999"
"-6.48193504748969,106.45661598101",2022-03-05,32.4,24.0,26.6,38.7,24.0,28.1,23.7,84.5,14.62,100,12.5,rain,0,0,24.8,23.8,241.9,1009.0,56.2,7.2,301.3,21.8,9,30.0,2022-03-05T05:59:33,2022-03-05T18:11:50,0.04,"Rain, Partially cloudy",Partly cloudy throughout the day with rain.,rain,"96737099999,96741099999,WIII,96739099999,WIHH,96749099999,96751099999,96745099999,96749599999"
"-6.48193504748969,106.45661598101",2022-03-06,31.4,24.6,26.7,37.8,24.6,28.5,23.9,84.9,7.03,100,16.67,rain,0,0,51.8,31.1,247.6,1008.8,63.7,7.3,200.6,14.5,7,30.0,2022-03-06T05:59:30,2022-03-06T18:11:25,0.08,"Rain, Partially cloudy",Partly cloudy throughout the day with rain.,rain,"96737099999,96741099999,WIII,96739099999,WIHH,96749099999,96751099999,96745099999,96749599999"
"-6.48193504748969,106.45661598101",2022-03-07,31.8,25.2,27.7,37.9,25.2,29.7,23.5,78.6,0.09,100,8.33,rain,0,0,17.3,24.4,253.6,1008.4,60.4,8.2,69.5,5.2,2,10.0,2022-03-07T05:59:27,2022-03-07T18:11:00,0.12,"Rain, Partially cloudy",Partly cloudy throughout the day with rain.,rain,"96737099999,96741099999,WIII,96739099999,WIHH,96749099999,96751099999,96745099999,96749599999"
"-6.48193504748969,106.45661598101",2022-03-08,32.4,24.1,27.2,40.7,24.1,29.6,24.1,83.6,1.27,100,16.67,rain,0,0,37.1,20.5,253.0,1007.8,62.2,7.7,263.6,22.8,9,30.0,2022-03-08T05:59:23,2022-03-08T18:10:35,0.16,"Rain, Partially cloudy",Partly cloudy throughout the day with rain.,rain,"96737099999,96741099999,WIII,96739099999,WIHH,96749099999,96751099999,96745099999,96749599999"
"-6.48193504748969,106.45661598101",2022-03-09,31.4,24.4,26.9,37.8,24.4,28.8,24.2,85.8,0.55,100,12.5,rain,0,0,9.7,15.2,222.4,1007.8,53.7,6.8,286.7,24.8,9,60.0,2022-03-09T05:59:19,2022-03-09T18:10:09,0.21,"Rain, Partially cloudy",Partly cloudy throughout the day with rain.,rain,"96737099999,96741099999,WIII,96739099999,WIHH,96749099999,96751099999,96745099999,96749599999"
"-6.48193504748969,106.45661598101",2022-03-10,32.6,23.8,27.4,39.4,23.8,29.9,24.2,83.8,16.06,100,16.67,rain,0,0,10.1,18.4,226.9,1007.3,51.6,6.2,217.8,18.9,7,30.0,2022-03-10T05:59:14,2022-03-10T18:09:43,0.25,"Rain, Partially cloudy",Partly cloudy throughout the day with rain.,rain,"96737099999,96741099999,WIII,96739099999,WIHH,96749099999,96751099999,96745099999,96749599999"
"-6.48193504748969,106.45661598101",2022-03-11,31.4,24.5,27.5,39.8,24.5,30.6,24.6,84.6,11.16,100,16.67,rain,0,0,14.0,25.5,242.9,1006.6,54.7,5.9,101.3,8.7,5,30.0,2022-03-11T05:59:10,2022-03-11T18:09:17,0.3,"Rain, Partially cloudy",Partly cloudy throughout the day with rain.,rain,"96737099999,96741099999,WIII,96739099999,WIHH,96749099999,96751099999,96745099999,96749599999"
"-6.48193504748969,106.45661598101",2022-03-12,31.6,25.0,27.0,38.1,25.0,29.1,24.7,87.5,9.19,100,12.5,rain,0,0,27.4,16.6,269.1,1006.3,53.0,7.1,282.8,24.6,8,10.0,2022-03-12T05:59:05,2022-03-12T18:08:50,0.35,"Rain, Partially cloudy",Partly cloudy throughout the day with rain.,rain,"96737099999,96741099999,WIII,96739099999,WIHH,96749099999,96751099999,96745099999,96749599999"
"-6.48193504748969,106.45661598101",2022-03-13,32.0,25.0,27.6,38.6,25.0,30.6,24.8,85.4,19.22,100,25.0,rain,0,0,20.9,17.9,217.5,1007.0,54.7,7.0,302.0,25.9,9,30.0,2022-03-13T05:58:59,2022-03-13T18:08:23,0.39,"Rain, Partially cloudy",Partly cloudy throughout the day with a chance of rain throughout the day.,rain,"96737099999,96741099999,WIII,96739099999,WIHH,96749099999,96751099999,96745099999,96749599999"
"-6.48193504748969,106.45661598101",2022-03-14,33.4,24.8,28.1,42.3,24.8,31.5,24.8,83.6,38.05,100,16.67,rain,0,0,46.4,24.1,239.7,1007.3,53.7,6.0,251.4,21.7,8,60.0,2022-03-14T05:58:54,2022-03-14T18:07:55,0.43,"Rain, Partially cloudy",Partly cloudy throughout the day with rain.,rain,"96737099999,96741099999,WIII,96739099999,WIHH,96749099999,96751099999,96745099999,96749599999"
"-6.48193504748969,106.45661598101",2022-03-15,29.6,24.3,26.3,35.5,24.3,27.8,24.4,89.9,9.66,100,20.83,rain,0,0,9.0,21.7,241.3,1007.1,64.8,5.9,60.5,5.1,2,10.0,2022-03-15T05:58:48,2022-03-15T18:07:28,0.46,"Rain, Partially cloudy",Partly cloudy throughout the day with a chance of rain throughout the day.,rain,"96737099999,96741099999,WIII,96739099999,WIHH,96749099999,96751099999,96745099999,96749599999"
"-6.48193504748969,106.45661598101",2022-03-16,33.0,23.5,27.8,40.0,23.5,31.1,24.3,82.7,2.03,100,4.17,rain,0,0,9.4,19.2,162.0,1006.9,46.5,5.6,299.0,25.7,9,30.0,2022-03-16T05:58:42,2022-03-16T18:07:00,0.48,"Rain, Partially cloudy",Partly cloudy throughout the day with afternoon rain.,rain,"96737099999,96741099999,WIII,96739099999,WIHH,96749099999,96751099999,96745099999,96749599999"
"-6.48193504748969,106.45661598101",2022-03-17,32.0,24.9,28.1,39.8,24.9,32.0,25.0,84.3,17.39,100,20.83,rain,0,0,12.6,18.7,196.7,1006.9,59.6,4.6,279.8,24.2,8,30.0,2022-03-17T05:58:35,2022-03-17T18:06:32,0.5,"Rain, Partially cloudy",Partly cloudy throughout the day with rain.,rain,"96737099999,96741099999,WIII,96739099999,WIHH,96749099999,96751099999,96745099999,96749599999"
"-6.48193504748969,106.45661598101",2022-03-18,32.4,24.4,27.8,40.6,24.4,30.9,24.8,84.5,2.19,100,12.5,rain,0,0,13.7,22.8,242.5,1007.0,53.4,5.9,302.0,25.9,9,30.0,2022-03-18T05:58:29,2022-03-18T18:06:04,0.5,"Rain, Partially cloudy",Partly cloudy throughout the day with rain.,rain,"96737099999,96741099999,WIII,96739099999,WIHH,96749099999,96751099999,96745099999,96749599999"
"-6.48193504748969,106.45661598101",2022-03-19,33.4,25.4,28.5,39.8,25.4,31.9,24.1,78.2,0.0,0,0.0,rain,0,0,24.5,31.1,257.5,1007.0,48.8,8.0,303.5,26.2,9,30.0,2022-03-19T05:58:22,2022-03-19T18:05:36,0.51,Partially cloudy,Partly cloudy throughout the day.,partly-cloudy-day,"96737099999,96741099999,WIII,96739099999,WIHH,96749099999,96751099999,96745099999,96749599999"
"-6.48193504748969,106.45661598101",2022-03-20,34.6,25.6,28.8,40.3,25.6,31.8,23.4,73.7,0.0,0,0.0,,0,0,46.4,32.4,248.6,1008.0,46.6,8.2,254.8,21.9,9,30.0,2022-03-20T05:58:15,2022-03-20T18:05:07,0.53,Partially cloudy,Partly cloudy throughout the day.,partly-cloudy-day,"96737099999,96741099999,WIII,96739099999,WIHH,96749099999,96751099999,96745099999,96749599999"
"-6.48193504748969,106.45661598101",2022-03-21,32.6,25.8,28.3,38.2,25.8,31.0,23.3,75.1,0.14,100,8.33,rain,0,0,25.9,30.9,250.2,1009.0,51.1,8.3,156.9,13.4,7,10.0,2022-03-21T05:58:08,2022-03-21T18:04:39,0.56,"Rain, Partially cloudy",Partly cloudy throughout the day with rain clearing later.,rain,"96737099999,96741099999,WIII,96739099999,WIHH,96749099999,96751099999,96745099999,96749599999"
"-6.48193504748969,106.45661598101",2022-03-22,32.4,25.3,28.3,39.2,25.3,31.5,23.9,77.7,0.75,100,16.67,rain,0,0,24.1,19.0,269.5,1009.2,47.6,7.5,153.8,13.3,7,30.0,2022-03-22T05:58:01,2022-03-22T18:04:10,0.61,"Rain, Partially cloudy",Partly cloudy throughout the day with a chance of rain throughout the day.,rain,"96737099999,96741099999,WIII,96739099999,WIHH,96749099999,96751099999,96745099999,96749599999"
"-6.48193504748969,106.45661598101",2022-03-23,30.6,25.0,27.0,37.9,25.0,29.1,24.0,84.4,3.51,100,12.5,rain,0,0,57.6,31.9,255.4,1009.1,53.3,7.2,293.7,25.4,10,30.0,2022-03-23T05:57:54,2022-03-23T18:03:41,0.66,"Rain, Partially cloudy",Partly cloudy throughout the day with rain.,rain,"96737099999,96741099999,WIII,96739099999,WIHH,96749099999,96751099999,96745099999,96749599999"
"-6.48193504748969,106.45661598101",2022-03-24,32.4,23.9,28.0,38.2,23.9,31.0,23.7,78.7,0.75,100,12.5,rain,0,0,15.1,18.4,258.0,1008.6,48.4,6.8,230.3,19.8,10,30.0,2022-03-24T05:57:47,2022-03-24T18:03:13,0.71,"Rain, Partially cloudy",Partly cloudy throughout the day with rain.,rain,"96737099999,96741099999,WIII,96739099999,WIHH,96749099999,96751099999,96745099999,96749599999"
"-6.48193504748969,106.45661598101",2022-03-25,33.0,24.6,28.5,39.5,24.6,32.4,24.7,80.7,1.01,100,4.17,rain,0,0,15.8,20.7,127.9,1009.4,53.4,5.4,300.3,25.9,10,60.0,2022-03-25T05:57:39,2022-03-25T18:02:44,0.77,"Rain, Partially cloudy",Partly cloudy throughout the day with late afternoon rain.,rain,"96737099999,96741099999,WIII,96739099999,WIHH,96749099999,96751099999,96745099999,96749599999"
"-6.48193504748969,106.45661598101",2022-03-26,30.0,24.3,26.0,36.2,24.3,27.3,24.2,89.7,6.94,100,16.67,rain,0,0,40.7,16.1,180.2,1010.7,56.7,4.6,261.2,22.5,10,30.0,2022-03-26T05:57:32,2022-03-26T18:02:15,0.83,"Rain, Partially cloudy",Partly cloudy throughout the day with a chance of rain throughout the day.,rain,"96737099999,96741099999,WIII,96739099999,WIHH,96749099999,96751099999,96745099999,96749599999"
"-6.48193504748969,106.45661598101",2022-03-27,32.0,24.0,27.2,38.6,24.0,30.0,24.3,85.2,41.0,100,12.5,rain,0,0,48.2,29.5,251.6,1009.9,57.5,5.9,280.8,24.3,10,30.0,2022-03-27T05:57:24,2022-03-27T18:01:46,0.88,"Rain, Partially cloudy",Partly cloudy throughout the day with rain.,rain,"96737099999,96741099999,WIII,96739099999,WIHH,96749099999,96751099999,96745099999,96749599999"
"-6.48193504748969,106.45661598101",2022-03-28,32.4,23.9,27.5,39.2,23.9,30.4,24.3,83.6,54.72,100,12.5,rain,0,0,15.8,51.3,182.8,1009.4,59.6,6.4,285.4,24.7,10,30.0,2022-03-28T05:57:17,2022-03-28T18:01:17,0.92,"Rain, Partially cloudy",Partly cloudy throughout the day with rain.,rain,"96737099999,96741099999,WIII,96739099999,WIHH,96749099999,96751099999,96745099999,96749599999"
"-6.48193504748969,106.45661598101",2022-03-29,32.4,24.2,28.4,39.2,24.2,31.9,24.2,78.9,0.0,0,0.0,,0,0,20.5,13.0,264.5,1008.7,50.2,6.1,165.9,14.3,6,30.0,2022-03-29T05:57:09,2022-03-29T18:00:49,0.96,Partially cloudy,Partly cloudy throughout the day.,partly-cloudy-day,"96737099999,96741099999,WIII,96739099999,WIHH,96749099999,96751099999,96745099999,96749599999"
"-6.48193504748969,106.45661598101",2022-03-30,32.4,24.8,28.4,38.5,24.8,31.6,23.9,77.7,0.0,0,0.0,,0,0,18.4,12.5,182.4,1008.7,51.2,5.3,273.2,23.5,9,30.0,2022-03-30T05:57:02,2022-03-30T18:00:20,0.99,Partially cloudy,Partly cloudy throughout the day.,partly-cloudy-day,"96737099999,96741099999,WIII,96739099999,WIHH,96749099999,96751099999,96745099999,96749599999"
"-6.48193504748969,106.45661598101",2022-03-31,32.8,25.0,28.1,39.1,25.0,31.3,24.2,80.2,1.62,100,12.5,rain,0,0,27.0,23.1,211.5,1009.3,52.4,5.9,257.5,22.1,10,30.0,2022-03-31T05:56:55,2022-03-31T17:59:52,1.0,"Rain, Partially cloudy",Partly cloudy throughout the day with rain.,rain,"96737099999,96741099999,WIII,96739099999,WIHH,96749099999,96751099999,96745099999,96749599999"
"-6.48193504748969,106.45661598101",2022-04-01,31.0,24.9,27.9,37.1,24.9,31.1,24.1,80.8,0.52,100,8.33,rain,0,0,17.6,21.1,233.4,1009.7,64.0,6.6,279.5,24.1,10,30.0,2022-04-01T05:56:47,2022-04-01T17:59:24,0.0,"Rain, Partially cloudy",Partly cloudy throughout the day with rain.,rain,"96737099999,96741099999,WIII,96739099999,WIHH,96749099999,96751099999,96745099999,96749599999"
"-6.48193504748969,106.45661598101",2022-04-02,32.4,25.2,27.8,38.7,25.2,30.8,24.3,82.1,1.95,100,8.33,rain,0,0,21.6,16.3,269.0,1009.7,51.8,7.3,301.5,26.2,10,30.0,2022-04-02T05:56:40,2022-04-02T17:58:55,0.01,"Rain, Partially cloudy",Partly cloudy throughout the day with afternoon rain.,rain,"96737099999,96741099999,WIII,96739099999,WIHH,96749099999,96751099999,96745099999,96749599999"
"-6.48193504748969,106.45661598101",2022-04-03,32.8,24.8,26.8,39.2,24.8,28.2,23.8,84.6,7.68,100,16.67,rain,0,0,29.2,29.5,254.0,1010.0,57.1,7.4,286.4,24.8,10,30.0,2022-04-03T05:56:33,2022-04-03T17:58:27,0.03,"Rain, Partially cloudy",Partly cloudy throughout the day with rain.,rain,"96737099999,96741099999,WIII,96739099999,WIHH,96749099999,96751099999,96745099999,96749599999"
"-6.48193504748969,106.45661598101",2022-04-04,33.0,24.0,28.1,39.3,24.0,30.8,23.3,76.6,0.06,100,12.5,rain,0,0,40.7,21.7,235.5,1010.1,50.6,8.0,230.5,20.1,10,30.0,2022-04-04T05:56:26,2022-04-04T17:57:59,0.05,"Rain, Partially cloudy",Partly cloudy throughout the day with rain.,rain,"96737099999,96741099999,WIII,96739099999,WIHH,96749099999,96751099999,96745099999,96749599999"
"-6.48193504748969,106.45661598101",2022-04-05,33.4,24.4,27.3,39.4,24.4,29.3,23.8,82.6,15.89,100,16.67,rain,0,0,13.0,22.3,217.2,1010.9,56.9,6.7,225.4,19.6,10,30.0,2022-04-05T05:56:19,2022-04-05T17:57:32,0.09,"Rain, Partially cloudy",Partly cloudy throughout the day with rain.,rain,"96737099999,96741099999,WIII,96739099999,WIHH,96749099999,96751099999,96745099999,96749599999"
"-6.48193504748969,106.45661598101",2022-04-06,34.0,23.4,28.3,42.0,23.4,31.0,23.2,75.7,1.29,100,16.67,rain,0,0,9.4,29.5,217.6,1010.2,47.0,8.0,214.9,18.8,10,30.0,2022-04-06T05:56:12,2022-04-06T17:57:04,0.12,"Rain, Partially cloudy",Partly cloudy throughout the day with rain.,rain,"96737099999,96741099999,WIII,96739099999,96749099999,96751099999,96745099999"
"-6.48193504748969,106.45661598101",2022-04-07,33.0,24.4,28.4,42.1,24.4,31.9,23.9,77.7,0.28,100,4.17,rain,0,0,14.0,24.1,256.6,1009.8,50.1,8.1,227.9,19.4,10,30.0,2022-04-07T05:56:05,2022-04-07T17:56:37,0.17,"Rain, Partially cloudy",Partly cloudy throughout the day with late afternoon rain.,rain,"96737099999,96741099999,WIII,96739099999,96749099999,96751099999,96745099999"
"-6.48193504748969,106.45661598101",2022-04-08,33.0,23.8,27.7,39.3,23.8,30.2,23.3,77.5,8.76,100,16.67,rain,0,0,13.0,29.5,239.1,1009.6,47.1,7.9,202.5,17.3,9,30.0,2022-04-08T05:55:59,2022-04-08T17:56:10,0.21,"Rain, Partially cloudy",Partly cloudy throughout the day with rain.,rain,"96737099999,96741099999,WIII,96739099999,96749099999,96751099999,96745099999"
"-6.48193504748969,106.45661598101",2022-04-09,33.0,24.0,28.0,38.1,24.0,30.5,23.4,77.8,2.73,100,16.67,rain,0,0,15.5,14.8,208.4,1009.1,43.7,7.7,241.7,20.9,9,10.0,2022-04-09T05:55:53,2022-04-09T17:55:44,0.26,"Rain, Partially cloudy",Partly cloudy throughout the day with rain.,rain,"96737099999,96741099999,WIII,96739099999,96749099999,96751099999,96745099999"
"-6.48193504748969,106.45661598101",2022-04-10,32.0,24.2,27.7,37.9,24.2,30.3,24.0,81.5,2.61,100,12.5,rain,0,0,8.6,18.4,241.1,1009.1,48.5,6.2,262.1,22.8,9,30.0,2022-04-10T05:55:47,2022-04-10T17:55:18,0.31,"Rain, Partially cloudy",Partly cloudy throughout the day with rain.,rain,"96737099999,96741099999,WIII,96739099999,96749099999,96751099999,96745099999"
"-6.48193504748969,106.45661598101",2022-04-11,32.0,24.9,28.0,37.9,24.9,31.0,24.2,80.6,9.77,100,16.67,rain,0,0,7.9,18.4,201.0,1009.1,58.3,6.2,234.6,20.2,9,30.0,2022-04-11T05:55:41,2022-04-11T17:54:52,0.35,"Rain, Partially cloudy",Partly cloudy throughout the day with rain.,rain,"96737099999,96741099999,WIII,96739099999,96749099999,96751099999,96745099999"
"-6.48193504748969,106.45661598101",2022-04-12,33.0,24.3,27.6,39.3,24.3,30.5,24.4,84.0,24.9,100,20.83,rain,0,0,9.4,24.1,196.0,1008.5,60.0,4.6,285.3,24.6,10,30.0,2022-04-12T05:55:35,2022-04-12T17:54:26,0.4,"Rain, Partially cloudy",Partly cloudy throughout the day with rain.,rain,"96737099999,96741099999,WIII,96739099999,96749099999,96751099999,96745099999"
"-6.48193504748969,106.45661598101",2022-04-13,33.0,24.7,28.3,39.3,24.7,31.6,24.4,80.7,3.59,100,12.5,rain,0,0,11.5,14.8,166.5,1008.0,58.1,4.9,274.4,23.6,9,30.0,2022-04-13T05:55:30,2022-04-13T17:54:01,0.44,"Rain, Partially cloudy",Partly cloudy throughout the day with rain.,rain,"96737099999,96741099999,WIII,96739099999,96749099999,96751099999,96745099999"
"-6.48193504748969,106.45661598101",2022-04-14,33.0,24.4,28.6,39.3,24.4,32.1,23.9,76.6,0.93,100,16.67,rain,0,0,9.7,20.5,121.8,1008.0,48.6,6.9,269.3,23.3,10,30.0,2022-04-14T05:55:25,2022-04-14T17:53:36,0.47,"Rain, Partially cloudy",Partly cloudy throughout the day with a chance of rain throughout the day.,rain,"96737099999,96741099999,WIII,96739099999,96749099999,96751099999,96745099999"
"-6.48193504748969,106.45661598101",2022-04-15,33.0,24.7,28.8,42.1,24.7,32.7,24.4,78.4,8.96,100,16.67,rain,0,0,12.6,20.5,129.9,1008.5,52.1,5.4,283.0,24.6,10,30.0,2022-04-15T05:55:20,2022-04-15T17:53:11,0.49,"Rain, Partially cloudy",Partly cloudy throughout the day with rain.,rain,"96737099999,96741099999,WIII,96739099999,96749099999,96751099999,96745099999"
"-6.48193504748969,106.45661598101",2022-04-16,34.0,24.3,28.7,40.6,24.3,32.1,24.0,77.2,1.44,100,4.17,rain,0,0,12.6,16.6,142.7,1008.1,47.3,6.0,212.0,18.3,10,30.0,2022-04-16T05:55:16,2022-04-16T17:52:47,0.5,"Rain, Partially cloudy",Partly cloudy throughout the day with late afternoon rain.,rain,"96737099999,96741099999,WIII,96739099999,96749099999,96751099999,96745099999"
"-6.48193504748969,106.45661598101",2022-04-17,33.0,24.9,28.8,40.6,24.9,33.0,24.7,79.8,7.18,100,16.67,rain,0,0,35.3,20.5,99.6,1007.3,49.3,5.9,278.4,24.1,10,60.0,2022-04-17T05:55:11,2022-04-17T17:52:24,0.51,"Rain, Partially cloudy",Partly cloudy throughout the day with rain.,rain,"96737099999,96741099999,WIII,96739099999,96749099999,96751099999,96745099999"
"-6.48193504748969,106.45661598101",2022-04-18,34.0,25.3,28.8,42.1,25.3,33.4,25.1,81.5,17.08,100,25.0,rain,0,0,15.8,20.5,116.4,1008.2,57.2,7.2,244.2,21.1,10,30.0,2022-04-18T05:55:07,2022-04-18T17:52:00,0.52,"Rain, Partially cloudy",Partly cloudy throughout the day with a chance of rain throughout the day.,rain,"96737099999,96741099999,WIII,96739099999,96749099999,96751099999,96745099999"
"-6.48193504748969,106.45661598101",2022-04-19,33.0,24.4,27.8,40.6,24.4,31.1,24.4,82.6,7.84,100,20.83,rain,0,0,35.3,22.3,242.7,1009.0,58.9,5.2,251.9,21.9,10,60.0,2022-04-19T05:55:04,2022-04-19T17:51:38,0.55,"Rain, Partially cloudy",Partly cloudy throughout the day with rain.,rain,"96737099999,96741099999,WIII,96739099999,96749099999,96751099999,96745099999"
"-6.48193504748969,106.45661598101",2022-04-20,33.0,24.6,28.0,40.7,24.6,31.3,24.4,81.9,1.08,100,4.17,rain,0,0,23.0,27.7,264.4,1008.4,54.6,6.7,216.0,18.6,9,60.0,2022-04-20T05:55:01,2022-04-20T17:51:15,0.59,"Rain, Partially cloudy",Partly cloudy throughout the day with afternoon rain.,rain,"96737099999,96741099999,WIII,96739099999,96749099999,96751099999,96745099999"
"-6.48193504748969,106.45661598101",2022-04-21,29.0,24.7,26.2,35.6,24.7,27.5,24.3,89.2,6.91,100,16.67,rain,0,0,15.8,17.7,215.5,1008.6,60.5,6.4,147.3,12.7,7,10.0,2022-04-21T05:54:58,2022-04-21T17:50:54,0.64,"Rain, Partially cloudy",Partly cloudy throughout the day with rain in the morning and afternoon.,rain,"96737099999,96741099999,WIII,96739099999,96749099999,96751099999,96745099999"
"-6.48193504748969,106.45661598101",2022-04-22,31.0,23.9,25.8,37.7,23.9,27.0,24.1,90.6,8.8,100,20.83,rain,0,0,33.5,16.6,132.3,1008.8,67.7,4.6,185.8,16.1,8,30.0,2022-04-22T05:54:55,2022-04-22T17:50:32,0.7,"Rain, Partially cloudy",Partly cloudy throughout the day with rain.,rain,"96737099999,96741099999,WIII,96739099999,96749099999,96751099999,96745099999"
"-6.48193504748969,106.45661598101",2022-04-23,32.0,23.6,27.8,39.2,23.6,31.4,24.5,83.3,1.2,100,12.5,rain,0,0,9.4,16.6,179.6,1008.2,46.0,6.2,278.3,24.1,9,30.0,2022-04-23T05:54:53,2022-04-23T17:50:12,0.75,"Rain, Partially cloudy",Partly cloudy throughout the day with rain.,rain,"96737099999,96741099999,WIII,96739099999,96749099999,96751099999,96745099999"
"-6.48193504748969,106.45661598101",2022-04-24,33.0,24.5,28.2,40.6,24.5,31.6,24.4,81.1,2.87,100,12.5,rain,0,0,9.7,13.0,271.0,1008.1,50.4,7.1,268.4,23.2,9,60.0,2022-04-24T05:54:51,2022-04-24T17:49:51,0.81,"Rain, Partially cloudy",Partly cloudy throughout the day with rain clearing later.,rain,"96737099999,96741099999,WIII,96739099999,96749099999,96751099999,96745099999"
"-6.48193504748969,106.45661598101",2022-04-25,34.0,24.0,28.1,40.6,24.0,30.8,24.4,82.0,11.89,100,12.5,rain,0,0,11.5,25.9,209.8,1007.2,60.1,5.8,258.9,22.3,9,60.0,2022-04-25T05:54:50,2022-04-25T17:49:32,0.86,"Rain, Partially cloudy",Partly cloudy throughout the day with rain.,rain,"96737099999,96741099999,WIII,96739099999,96749099999,96751099999,96745099999"
"-6.48193504748969,106.45661598101",2022-04-26,33.1,24.5,28.1,39.4,24.5,31.5,24.3,81.2,1.06,100,4.17,rain,0,0,15.1,22.3,243.5,1007.2,49.9,7.4,236.5,20.5,9,30.0,2022-04-26T05:54:49,2022-04-26T17:49:13,0.91,"Rain, Partially cloudy",Partly cloudy throughout the day with early morning rain.,rain,"96737099999,96741099999,WIII,96739099999,96749099999,96751099999,96745099999"
"-6.48193504748969,106.45661598101",2022-04-27,32.0,23.3,27.5,40.7,23.3,30.7,24.4,83.7,22.98,100,20.83,rain,0,0,57.6,31.7,188.0,1007.3,65.6,6.7,241.9,21.0,9,60.0,2022-04-27T05:54:49,2022-04-27T17:48:54,0.95,"Rain, Partially cloudy",Partly cloudy throughout the day with rain.,rain,"96737099999,96741099999,WIII,96739099999,96749099999,96751099999,96745099999"
"-6.48193504748969,106.45661598101",2022-04-28,31.0,23.7,26.8,39.1,23.7,29.5,24.2,86.1,5.02,100,12.5,rain,0,0,25.6,22.3,246.4,1007.9,66.2,8.0,104.4,9.2,6,30.0,2022-04-28T05:54:48,2022-04-28T17:48:36,0.98,"Rain, Partially cloudy",Partly cloudy throughout the day with rain clearing later.,rain,"96737099999,96741099999,WIII,96739099999,96749099999,96751099999,96745099999"
"-6.48193504748969,106.45661598101",2022-04-29,34.0,25.0,28.2,42.1,25.0,31.8,24.5,81.5,0.68,100,4.17,rain,0,0,40.7,22.3,254.5,1007.6,53.7,8.8,267.3,23.1,9,60.0,2022-04-29T05:54:49,2022-04-29T17:48:19,1.0,"Rain, Partially cloudy",Partly cloudy throughout the day with morning rain.,rain,"96737099999,96741099999,WIII,96739099999,96749099999,96751099999,96745099999"
"-6.48193504748969,106.45661598101",2022-04-30,31.0,24.7,27.4,40.6,24.7,30.7,25.0,87.4,0.89,100,12.5,rain,0,0,9.7,16.6,221.9,1007.4,53.5,6.6,225.0,19.3,8,30.0,2022-04-30T05:54:49,2022-04-30T17:48:02,1.0,"Rain, Partially cloudy",Partly cloudy throughout the day with rain.,rain,"96737099999,96741099999,WIII,96739099999,96749099999,96751099999,96745099999"
"-6.48193504748969,106.45661598101",2022-05-01,31.0,24.9,27.2,39.1,24.9,29.8,25.0,88.3,12.86,100,20.83,rain,0,0,8.3,12.5,204.9,1007.8,56.2,5.5,202.9,17.4,8,30.0,2022-05-01T05:54:51,2022-05-01T17:47:46,0.0,"Rain, Partially cloudy",Partly cloudy throughout the day with rain.,rain,"96737099999,96741099999,WIII,96739099999,96749099999,96751099999,96745099999"
"-6.48193504748969,106.45661598101",2022-05-02,32.0,24.0,27.1,40.7,24.0,29.8,24.6,87.3,107.34,100,12.5,rain,0,0,10.8,18.4,229.1,1008.3,59.6,6.0,247.5,21.5,9,30.0,2022-05-02T05:54:52,2022-05-02T17:47:31,0.01,"Rain, Partially cloudy",Partly cloudy throughout the day with rain.,rain,"96737099999,96741099999,WIII,96739099999,96749099999,96751099999,96745099999"
"-6.48193504748969,106.45661598101",2022-05-03,33.0,23.8,27.7,39.3,23.8,31.0,24.7,85.2,6.85,100,8.33,rain,0,0,12.6,20.5,191.2,1008.3,45.8,7.1,267.0,23.1,9,30.0,2022-05-03T05:54:54,2022-05-03T17:47:16,0.03,"Rain, Partially cloudy",Partly cloudy throughout the day with rain in the morning and afternoon.,rain,"96737099999,96741099999,WIII,96739099999,96749099999,96751099999,96745099999"
"-6.48193504748969,106.45661598101",2022-05-04,33.0,25.1,27.9,40.6,25.1,31.1,24.9,84.5,2.18,100,12.5,rain,0,0,11.5,25.9,223.4,1008.9,57.3,7.0,247.5,21.5,8,30.0,2022-05-04T05:54:57,2022-05-04T17:47:02,0.06,"Rain, Partially cloudy",Partly cloudy throughout the day with rain.,rain,"96737099999,96741099999,WIII,96739099999,96749099999,96751099999,96745099999"
"-6.48193504748969,106.45661598101",2022-05-05,33.0,24.4,28.2,42.1,24.4,32.1,25.0,83.7,0.02,100,4.17,rain,0,0,38.9,27.7,147.8,1007.8,50.7,7.0,235.0,20.2,9,30.0,2022-05-05T05:54:59,2022-05-05T17:46:48,0.09,"Rain, Partially cloudy",Partly cloudy throughout the day with afternoon rain.,rain,"96737099999,96741099999,WIII,96739099999,96749099999,96751099999,96745099999"
"-6.48193504748969,106.45661598101",2022-05-06,33.1,25.3,28.9,42.1,25.3,33.5,25.2,81.7,0.0,0,0.0,rain,0,0,14.0,24.1,144.2,1007.0,49.0,7.3,258.1,22.2,9,30.0,2022-05-06T05:55:03,2022-05-06T17:46:35,0.13,Partially cloudy,Partly cloudy throughout the day.,partly-cloudy-day,"96737099999,96741099999,WIII,96739099999,96749099999,96751099999,96745099999"
"-6.48193504748969,106.45661598101",2022-05-07,32.0,25.1,28.5,39.2,25.1,32.5,24.7,80.9,4.94,100,12.5,rain,0,0,7.6,16.6,221.9,1007.5,55.9,7.4,253.6,22.1,9,30.0,2022-05-07T05:55:07,2022-05-07T17:46:23,0.18,"Rain, Partially cloudy",Partly cloudy throughout the day with rain.,rain,"96737099999,96741099999,WIII,96739099999,96749099999,96751099999,96745099999"
"-6.48193504748969,106.45661598101",2022-05-08,35.0,25.2,29.3,43.3,25.2,34.1,24.8,77.9,0.0,0,0.0,,0,0,16.2,20.5,275.3,1007.3,46.3,8.5,252.5,21.9,9,30.0,2022-05-08T05:55:11,2022-05-08T17:46:12,0.22,Partially cloudy,Partly cloudy throughout the day.,partly-cloudy-day,"96737099999,96741099999,WIII,96739099999,96749099999,96751099999,96745099999"
"-6.48193504748969,106.45661598101",2022-05-09,32.7,25.0,28.2,42.3,25.0,32.5,25.1,83.7,0.77,100,12.5,rain,0,0,12.6,22.3,155.4,1007.5,57.3,7.2,193.6,16.9,9,60.0,2022-05-09T05:55:15,2022-05-09T17:46:01,0.27,"Rain, Partially cloudy",Partly cloudy throughout the day with rain.,rain,"96737099999,96741099999,WIII,96739099999,96749099999,96751099999,96745099999"
"-6.48193504748969,106.45661598101",2022-05-10,33.0,25.0,29.3,40.7,25.0,34.5,25.2,79.5,0.04,100,8.33,rain,0,0,7.9,18.4,122.4,1007.5,49.4,7.2,219.2,19.0,8,60.0,2022-05-10T05:55:21,2022-05-10T17:45:51,0.32,"Rain, Partially cloudy",Partly cloudy throughout the day with rain.,rain,"96737099999,96741099999,WIII,96739099999,96749099999,96751099999,96745099999"
"-6.48193504748969,106.45661598101",2022-05-11,32.0,23.0,27.6,40.7,23.0,31.9,25.2,87.5,23.73,100,25.0,rain,0,0,14.8,46.4,271.9,1007.8,68.3,5.8,217.3,19.1,8,60.0,2022-05-11T05:55:26,2022-05-11T17:45:42,0.37,"Rain, Partially cloudy",Partly cloudy throughout the day with a chance of rain throughout the day.,rain,"96737099999,96741099999,WIII,96739099999,96749099999,96751099999,96745099999"
"-6.48193504748969,106.45661598101",2022-05-12,32.0,26.0,28.2,40.7,26.0,32.7,25.4,85.3,2.03,100,12.5,rain,0,0,26.6,20.5,247.3,1008.6,57.4,6.7,242.5,21.0,8,30.0,2022-05-12T05:55:32,2022-05-12T17:45:33,0.41,"Rain, Partially cloudy",Partly cloudy throughout the day with rain.,rain,"96737099999,96741099999,WIII,96739099999,96749099999,96751099999,96745099999"
"-6.48193504748969,106.45661598101",2022-05-13,33.0,25.5,28.7,42.3,25.5,33.1,25.1,81.7,1.61,100,8.33,rain,0,0,27.4,16.6,272.1,1008.9,42.3,8.0,258.4,22.4,9,30.0,2022-05-13T05:55:39,2022-05-13T17:45:25,0.45,"Rain, Partially cloudy",Partly cloudy throughout the day with rain.,rain,"96737099999,96741099999,WIII,96739099999,96749099999,96751099999,96745099999"
"-6.48193504748969,106.45661598101",2022-05-14,33.0,24.6,28.7,42.1,24.6,32.8,24.7,80.0,0.25,100,4.17,rain,0,0,10.8,14.8,160.0,1009.6,47.1,6.6,241.5,21.1,8,30.0,2022-05-14T05:55:46,2022-05-14T17:45:18,0.48,"Rain, Partially cloudy",Partly cloudy throughout the day with afternoon rain.,rain,"96737099999,96741099999,WIII,96739099999,96749099999,96751099999,96745099999"
"-6.48193504748969,106.45661598101",2022-05-15,33.0,24.8,28.2,43.8,24.8,32.6,25.5,85.9,3.69,100,16.67,rain,0,0,7.2,18.4,146.6,1010.3,51.7,4.9,193.2,16.6,8,60.0,2022-05-15T05:55:53,2022-05-15T17:45:11,0.5,"Rain, Partially cloudy",Partly cloudy throughout the day with rain.,rain,"96737099999,96741099999,WIII,96739099999,96749099999,96751099999,96745099999"
"-6.48193504748969,106.45661598101",2022-05-16,34.0,24.0,27.7,43.5,24.0,30.5,24.8,85.3,5.86,100,12.5,rain,0,0,8.3,13.0,203.3,1009.8,47.2,5.8,246.6,21.3,9,30.0,2022-05-16T05:56:01,2022-05-16T17:45:05,0.5,"Rain, Partially cloudy",Partly cloudy throughout the day with rain.,rain,"96737099999,96741099999,WIII,96739099999,96749099999,96751099999,96745099999"
"-6.48193504748969,106.45661598101",2022-05-17,32.0,25.2,28.4,40.7,25.2,32.7,25.3,84.3,2.49,100,12.5,rain,0,0,8.6,13.0,168.8,1009.7,54.0,6.4,241.3,20.9,9,30.0,2022-05-17T05:56:09,2022-05-17T17:45:00,0.52,"Rain, Partially cloudy",Partly cloudy throughout the day with rain.,rain,"96737099999,96741099999,WIII,96739099999,96749099999,96751099999,96745099999"
"-6.48193504748969,106.45661598101",2022-05-18,33.0,24.6,27.8,42.1,24.6,31.3,25.0,85.7,40.22,100,12.5,rain,0,0,10.4,18.4,180.1,1010.5,54.5,6.1,256.5,22.2,8,30.0,2022-05-18T05:56:18,2022-05-18T17:44:55,0.54,"Rain, Partially cloudy",Partly cloudy throughout the day with rain.,rain,"96737099999,96741099999,WIII,96739099999,96749099999,96751099999,96745099999"
"-6.48193504748969,106.45661598101",2022-05-19,31.4,24.0,27.1,39.1,24.0,29.8,24.9,88.6,12.21,100,20.83,rain,0,0,10.8,18.4,166.5,1010.9,56.9,4.5,251.4,21.8,9,30.0,2022-05-19T05:56:27,2022-05-19T17:44:52,0.58,"Rain, Partially cloudy",Partly cloudy throughout the day with rain.,rain,"96737099999,96741099999,WIII,96739099999,96749099999,96751099999,96745099999"
"-6.48193504748969,106.45661598101",2022-05-20,31.0,23.8,26.9,39.1,23.8,29.4,24.6,88.3,19.72,100,12.5,rain,0,0,7.9,14.8,178.6,1010.0,57.8,6.3,242.7,20.9,9,30.0,2022-05-20T05:56:36,2022-05-20T17:44:49,0.63,"Rain, Partially cloudy",Partly cloudy throughout the day with rain.,rain,"96737099999,96741099999,WIII,96739099999,96749099999,96751099999,96745099999"
"-6.48193504748969,106.45661598101",2022-05-21,31.0,23.8,26.9,39.1,23.8,29.5,24.5,87.5,0.5,100,8.33,rain,0,0,11.5,20.5,123.6,1009.4,61.9,6.1,196.3,17.0,8,30.0,2022-05-21T05:56:46,2022-05-21T17:44:46,0.68,"Rain, Partially cloudy",Partly cloudy throughout the day with rain.,rain,"96737099999,96741099999,WIII,96739099999,96749099999,96751099999,96745099999"
"-6.48193504748969,106.45661598101",2022-05-22,30.0,24.1,27.1,37.4,24.1,29.8,24.6,86.8,0.0,0,0.0,rain,0,0,7.9,22.3,139.9,1007.9,62.9,6.5,211.7,18.4,8,30.0,2022-05-22T05:56:56,2022-05-22T17:44:45,0.74,Partially cloudy,Partly cloudy throughout the day.,partly-cloudy-day,"96737099999,96741099999,WIII,96739099999,96749099999,96751099999,96745099999"
"-6.48193504748969,106.45661598101",2022-05-23,32.8,24.3,28.3,40.7,24.3,32.1,24.8,82.4,0.07,100,4.17,rain,0,0,14.4,27.7,127.1,1007.9,50.0,6.9,238.3,20.7,9,30.0,2022-05-23T05:57:06,2022-05-23T17:44:44,0.79,"Rain, Partially cloudy",Partly cloudy throughout the day with late afternoon rain.,rain,"96737099999,96741099999,WIII,96739099999,96749099999,96751099999,96745099999"
"-6.48193504748969,106.45661598101",2022-05-24,33.0,25.1,29.2,42.1,25.1,33.8,24.7,77.9,0.0,0,0.0,rain,0,0,25.6,27.7,95.2,1009.3,48.2,7.5,247.5,21.6,9,30.0,2022-05-24T05:57:17,2022-05-24T17:44:43,0.85,Partially cloudy,Partly cloudy throughout the day.,partly-cloudy-day,"96737099999,96741099999,WIII,96739099999,96749099999,96751099999,96745099999"
"-6.48193504748969,106.45661598101",2022-05-25,31.0,25.0,27.1,37.7,25.0,29.7,24.8,88.0,17.1,100,16.67,rain,0,0,14.0,24.1,159.9,1010.3,62.6,5.7,200.0,17.3,8,30.0,2022-05-25T05:57:29,2022-05-25T17:44:44,0.89,"Rain, Partially cloudy",Partly cloudy throughout the day with rain.,rain,"96737099999,96741099999,WIII,96739099999,96749099999,96751099999,96745099999"
"-6.48193504748969,106.45661598101",2022-05-26,30.0,24.4,26.7,35.1,24.4,28.9,24.1,86.1,0.19,100,8.33,rain,0,0,10.1,14.8,147.5,1009.9,59.7,6.6,54.5,4.7,3,10.0,2022-05-26T05:57:40,2022-05-26T17:44:45,0.93,"Rain, Partially cloudy",Partly cloudy throughout the day with rain in the morning and afternoon.,rain,"96737099999,96741099999,WIII,96739099999,96749099999,96751099999,96745099999"
"-6.48193504748969,106.45661598101",2022-05-27,33.0,23.6,28.0,38.1,23.6,30.9,23.8,79.1,0.42,100,8.33,rain,0,0,14.8,16.6,249.4,1008.9,48.0,5.6,251.2,21.6,9,60.0,2022-05-27T05:57:52,2022-05-27T17:44:46,0.96,"Rain, Partially cloudy",Partly cloudy throughout the day with late afternoon rain.,rain,"96737099999,96741099999,WIII,96739099999,96749099999,96751099999,96745099999"
"-6.48193504748969,106.45661598101",2022-05-28,28.1,22.0,25.6,31.9,22.0,26.9,23.6,89.2,19.61,100,20.83,rain,0,0,64.8,22.3,183.3,1009.2,67.8,5.3,248.1,21.5,9,30.0,2022-05-28T05:58:04,2022-05-28T17:44:49,0.99,"Rain, Partially cloudy",Partly cloudy throughout the day with a chance of rain throughout the day.,rain,"96737099999,96741099999,WIII,96739099999,96749099999,96751099999,96745099999"
"-6.48193504748969,106.45661598101",2022-05-29,32.0,22.7,26.6,37.9,22.7,28.8,23.7,85.0,20.42,100,20.83,rain,0,0,24.8,18.3,214.6,1008.9,61.2,7.4,235.9,20.5,8,30.0,2022-05-29T05:58:17,2022-05-29T17:44:52,1.0,"Rain, Partially cloudy",Partly cloudy throughout the day with rain.,rain,"96737099999,96741099999,WIII,96739099999,96749099999,96751099999,96745099999"
"-6.48193504748969,106.45661598101",2022-05-30,30.0,24.4,26.3,36.2,24.4,27.9,24.7,91.2,1.04,100,8.33,rain,0,0,7.6,33.5,251.8,1008.2,48.6,6.9,250.1,21.6,9,30.0,2022-05-30T05:58:29,2022-05-30T17:44:55,0.0,"Rain, Partially cloudy",Partly cloudy throughout the day with morning rain.,rain,"96737099999,96741099999,WIII,96739099999,96749099999,96751099999,96745099999"
"-6.48193504748969,106.45661598101",2022-05-31,32.0,23.9,26.6,39.2,23.9,28.6,24.3,87.9,29.93,100,12.5,rain,0,0,38.9,24.1,248.9,1008.0,45.1,6.7,245.8,21.3,9,30.0,2022-05-31T05:58:42,2022-05-31T17:44:59,0.0,"Rain, Partially cloudy",Partly cloudy throughout the day with rain.,rain,"96737099999,96741099999,WIII,96739099999,96749099999,96751099999,96745099999"
"-6.48193504748969,106.45661598101",2022-06-01,33.0,23.3,27.6,39.3,23.3,30.5,24.1,82.5,6.16,100,4.17,rain,0,0,15.1,24.1,263.0,1008.5,43.2,8.0,209.3,18.2,8,60.0,2022-06-01T05:58:55,2022-06-01T17:45:04,0.02,"Rain, Partially cloudy",Partly cloudy throughout the day with morning rain.,rain,"96737099999,96741099999,WIII,96739099999,96749099999,96751099999,96745099999"
"-6.48193504748969,106.45661598101",2022-06-02,33.0,24.4,27.2,40.6,24.4,29.5,24.5,86.4,9.7,100,16.67,rain,0,0,7.6,20.5,190.1,1009.1,59.2,6.8,235.4,20.3,8,30.0,2022-06-02T05:59:09,2022-06-02T17:45:09,0.04,"Rain, Partially cloudy",Partly cloudy throughout the day with rain.,rain,"96737099999,96741099999,WIII,96739099999,96749099999,96751099999,96745099999"
"-6.48193504748969,106.45661598101",2022-06-03,32.0,23.6,27.4,37.9,23.6,30.3,24.2,83.5,7.41,100,12.5,rain,0,0,7.9,18.4,211.6,1009.5,52.4,6.5,213.4,18.6,8,30.0,2022-06-03T05:59:22,2022-06-03T17:45:15,0.07,"Rain, Partially cloudy",Partly cloudy throughout the day with rain.,rain,"96737099999,96741099999,WIII,96739099999,96749099999,96751099999,96745099999"
"-6.48193504748969,106.45661598101",2022-06-04,33.0,23.9,28.0,40.6,23.9,31.2,24.2,81.3,0.9,100,8.33,rain,0,0,8.6,19.4,217.5,1009.8,43.7,7.3,236.3,20.6,8,30.0,2022-06-04T05:59:36,2022-06-04T17:45:22,0.11,"Rain, Partially cloudy",Partly cloudy throughout the day with late afternoon rain.,rain,"96737099999,96741099999,WIII,96739099999,96749099999,96751099999,96745099999"
"-6.48193504748969,106.45661598101",2022-06-05,32.0,24.0,27.4,37.9,24.0,29.9,23.8,81.8,5.82,100,20.83,rain,0,0,11.2,13.0,191.9,1009.5,53.0,6.5,245.5,21.1,8,30.0,2022-06-05T05:59:50,2022-06-05T17:45:29,0.14,"Rain, Partially cloudy",Partly cloudy throughout the day with rain.,rain,"96737099999,96741099999,WIII,96739099999,96749099999,96751099999,96745099999"
"-6.48193504748969,106.45661598101",2022-06-06,30.4,23.5,26.4,36.2,23.5,28.5,23.9,86.7,12.65,100,12.5,rain,0,0,12.6,18.4,130.5,1009.2,67.7,5.8,105.1,9.1,7,30.0,2022-06-06T06:00:04,2022-06-06T17:45:36,0.19,"Rain, Partially cloudy",Partly cloudy throughout the day with rain.,rain,"96737099999,96741099999,WIII,96739099999,96749099999,96751099999,96745099999"
"-6.48193504748969,106.45661598101",2022-06-07,31.2,23.2,27.2,40.6,23.2,30.6,24.5,86.1,0.4,100,4.17,rain,0,0,16.6,29.5,125.5,1008.4,54.6,6.8,189.1,16.6,8,30.0,2022-06-07T06:00:18,2022-06-07T17:45:44,0.24,"Rain, Partially cloudy",Partly cloudy throughout the day with late afternoon rain.,rain,"96737099999,96741099999,WIII,96739099999,96749099999,96751099999,96745099999"
"-6.48193504748969,106.45661598101",2022-06-08,30.0,24.2,27.1,38.8,24.2,30.4,24.7,87.3,5.58,100,25.0,rain,0,0,9.4,16.6,143.2,1009.0,54.0,6.6,240.1,20.7,8,30.0,2022-06-08T06:00:32,2022-06-08T17:45:53,0.29,"Rain, Partially cloudy",Partly cloudy throughout the day with rain.,rain,"96737099999,96741099999,WIII,96739099999,96749099999,96751099999,96745099999"
"-6.48193504748969,106.45661598101",2022-06-09,30.0,23.9,25.9,37.4,23.9,27.2,24.3,91.5,8.19,100,16.67,rain,0,0,7.6,22.3,182.5,1009.7,56.5,4.8,194.1,16.7,8,30.0,2022-06-09T06:00:47,2022-06-09T17:46:02,0.35,"Rain, Partially cloudy",Partly cloudy throughout the day with rain.,rain,"96737099999,96741099999,WIII,96739099999,96749099999,96751099999,96745099999"
"-6.48193504748969,106.45661598101",2022-06-10,32.1,22.9,27.4,37.9,22.9,30.3,23.9,82.5,2.12,100,8.33,rain,0,0,15.5,18.4,196.4,1008.8,48.5,6.8,229.2,19.8,8,30.0,2022-06-10T06:01:01,2022-06-10T17:46:11,0.39,"Rain, Partially cloudy",Partly cloudy throughout the day with late afternoon rain.,rain,"96737099999,96741099999,WIII,96739099999,96749099999,96751099999,96745099999"
"-6.48193504748969,106.45661598101",2022-06-11,32.0,24.3,27.4,40.7,24.3,30.6,25.1,87.8,12.21,100,29.17,rain,0,0,11.9,25.9,135.1,1009.3,60.6,5.8,242.1,21.0,8,30.0,2022-06-11T06:01:15,2022-06-11T17:46:21,0.44,"Rain, Partially cloudy",Partly cloudy throughout the day with a chance of rain throughout the day.,rain,"96737099999,96741099999,WIII,96739099999,96749099999,96751099999,96745099999"
"-6.48193504748969,106.45661598101",2022-06-12,31.0,23.8,27.1,37.7,23.8,29.9,24.5,86.6,2.05,100,16.67,rain,0,0,14.0,16.6,216.5,1009.8,58.2,5.1,229.3,19.9,8,30.0,2022-06-12T06:01:30,2022-06-12T17:46:32,0.47,"Rain, Partially cloudy",Partly cloudy throughout the day with rain.,rain,"96737099999,96741099999,WIII,96739099999,96749099999,96751099999,96745099999"
"-6.48193504748969,106.45661598101",2022-06-13,31.0,24.0,27.0,39.1,24.0,29.1,24.1,85.0,3.39,100,12.5,rain,0,0,7.9,14.8,248.8,1010.1,53.6,6.2,181.8,15.6,7,30.0,2022-06-13T06:01:44,2022-06-13T17:46:42,0.49,"Rain, Partially cloudy",Partly cloudy throughout the day with rain.,rain,"96737099999,96741099999,WIII,96739099999,96749099999,96751099999,96745099999"
"-6.48193504748969,106.45661598101",2022-06-14,31.0,24.2,26.9,37.7,24.2,29.2,24.0,84.8,1.09,100,8.33,rain,0,0,6.1,25.9,146.5,1009.7,58.4,5.7,245.2,21.1,8,30.0,2022-06-14T06:01:58,2022-06-14T17:46:53,0.5,"Rain, Partially cloudy",Partly cloudy throughout the day with rain.,rain,"96737099999,96741099999,WIII,96739099999,96749099999,96751099999,96745099999"
"-6.48193504748969,106.45661598101",2022-06-15,30.0,23.8,26.1,37.4,23.8,28.0,24.4,90.7,13.35,100,16.67,rain,0,0,13.0,18.4,175.3,1009.9,56.1,4.0,233.3,20.2,8,30.0,2022-06-15T06:02:13,2022-06-15T17:47:05,0.51,"Rain, Partially cloudy",Partly cloudy throughout the day with rain.,rain,"96737099999,96741099999,WIII,96739099999,96749099999,96751099999,96745099999"
"-6.48193504748969,106.45661598101",2022-06-16,29.0,22.7,26.2,35.6,22.7,28.4,24.2,89.1,0.0,0,0.0,rain,0,0,11.2,20.5,162.7,1010.3,57.4,5.0,217.1,18.8,7,30.0,2022-06-16T06:02:27,2022-06-16T17:47:16,0.53,Partially cloudy,Partly cloudy throughout the day.,partly-cloudy-day,"96737099999,96741099999,WIII,96739099999,96749099999,96751099999,96745099999"
"-6.48193504748969,106.45661598101",2022-06-17,28.0,23.8,26.0,33.6,23.8,27.8,24.3,90.5,0.66,100,16.67,rain,0,0,14.4,20.5,160.3,1010.4,65.9,4.7,165.5,14.2,7,30.0,2022-06-17T06:02:41,2022-06-17T17:47:28,0.57,"Rain, Partially cloudy",Partly cloudy throughout the day with rain.,rain,"96737099999,96741099999,WIII,96739099999,96749099999,96751099999,96745099999"
"-6.48193504748969,106.45661598101",2022-06-18,31.0,22.6,26.3,36.5,22.6,28.0,23.4,85.1,0.08,100,4.17,rain,0,0,5.0,11.2,221.8,1010.5,44.8,5.3,195.2,16.8,8,30.0,2022-06-18T06:02:54,2022-06-18T17:47:41,0.62,"Rain, Partially cloudy",Partly cloudy throughout the day with late afternoon rain.,rain,"96737099999,96741099999,WIII,96739099999,96749099999,96751099999,96745099999"
"-6.48193504748969,106.45661598101",2022-06-19,32.0,22.7,27.5,37.9,22.7,30.5,23.9,82.1,0.04,100,4.17,rain,0,0,8.6,24.1,106.7,1009.4,42.7,5.9,243.6,21.1,8,10.0,2022-06-19T06:03:08,2022-06-19T17:47:53,0.67,"Rain, Partially cloudy",Partly cloudy throughout the day with late afternoon rain.,rain,"96737099999,96741099999,WIII,96739099999,96749099999,96751099999,96745099999"
"-6.48193504748969,106.45661598101",2022-06-20,32.0,23.6,27.3,37.9,23.6,29.9,24.0,83.3,24.36,100,12.5,rain,0,0,7.6,13.0,246.1,1008.4,54.3,4.3,239.1,20.7,8,30.0,2022-06-20T06:03:22,2022-06-20T17:48:06,0.72,"Rain, Partially cloudy",Partly cloudy throughout the day with rain.,rain,"96737099999,96741099999,WIII,96739099999,96749099999,96751099999,96745099999"
"-6.48193504748969,106.45661598101",2022-06-21,32.0,23.3,27.5,39.2,23.3,30.5,24.0,82.0,0.48,100,4.17,rain,0,0,10.8,25.9,165.1,1007.9,53.5,5.5,225.6,19.5,7,30.0,2022-06-21T06:03:35,2022-06-21T17:48:19,0.77,"Rain, Partially cloudy",Partly cloudy throughout the day with late afternoon rain.,rain,"96737099999,96741099999,WIII,96739099999,96749099999,96751099999,96745099999"
"-6.48193504748969,106.45661598101",2022-06-22,32.0,24.0,27.5,40.4,24.0,31.3,24.9,86.1,8.0,100,16.67,rain,0,0,44.6,24.1,120.1,1009.2,55.4,4.8,231.6,20.1,8,30.0,2022-06-22T06:03:48,2022-06-22T17:48:32,0.82,"Rain, Partially cloudy",Partly cloudy throughout the day with rain.,rain,"96737099999,96741099999,WIII,96739099999,96749099999,96751099999,96745099999"
"-6.48193504748969,106.45661598101",2022-06-23,33.0,24.0,27.8,37.0,24.0,30.2,23.5,79.2,0.06,100,4.17,rain,0,0,35.3,22.3,138.8,1010.1,46.1,6.3,197.9,17.2,7,30.0,2022-06-23T06:04:01,2022-06-23T17:48:45,0.87,"Rain, Partially cloudy",Partly cloudy throughout the day with late afternoon rain.,rain,"96737099999,96741099999,WIII,96739099999,96749099999,96751099999,96745099999"
"-6.48193504748969,106.45661598101",2022-06-24,30.0,24.0,27.0,36.2,24.0,29.2,24.0,84.3,0.27,100,8.33,rain,0,0,9.7,22.3,223.2,1009.4,56.9,4.7,214.8,18.4,8,30.0,2022-06-24T06:04:13,2022-06-24T17:48:59,0.91,"Rain, Partially cloudy",Partly cloudy throughout the day with rain.,rain,"96737099999,96741099999,WIII,96739099999,96749099999,96751099999,96745099999"
"-6.48193504748969,106.45661598101",2022-06-25,32.0,24.0,26.7,37.9,24.0,28.4,23.7,84.4,43.24,100,16.67,rain,0,0,14.4,18.4,202.0,1008.6,58.4,5.2,243.8,21.2,8,30.0,2022-06-25T06:04:25,2022-06-25T17:49:12,0.95,"Rain, Partially cloudy",Partly cloudy throughout the day with rain.,rain,"96737099999,96741099999,WIII,96739099999,96749099999,96751099999,96745099999"
"-6.48193504748969,106.45661598101",2022-06-26,30.0,23.8,26.5,37.4,23.8,28.8,24.3,87.9,4.96,100,8.33,rain,0,0,6.1,14.8,172.8,1009.7,58.4,5.4,171.8,14.9,8,30.0,2022-06-26T06:04:37,2022-06-26T17:49:26,0.97,"Rain, Partially cloudy",Partly cloudy throughout the day with rain.,rain,"96737099999,96741099999,WIII,96739099999,96749099999,96751099999,96745099999"
"-6.48193504748969,106.45661598101",2022-06-27,31.0,23.9,27.5,36.5,23.9,30.3,24.4,84.0,5.9,100,20.83,rain,0,0,6.8,14.8,222.0,1009.8,62.2,5.4,200.1,17.4,8,30.0,2022-06-27T06:04:49,2022-06-27T17:49:40,0.99,"Rain, Partially cloudy",Partly cloudy throughout the day with rain.,rain,"96737099999,96741099999,WIII,96739099999,96749099999,96751099999,96745099999"
"-6.48193504748969,106.45661598101",2022-06-28,32.0,24.5,27.8,37.9,24.5,30.5,24.4,82.9,0.27,100,8.33,rain,0,0,7.2,13.0,172.5,1008.5,55.1,5.8,195.3,16.8,8,30.0,2022-06-28T06:05:00,2022-06-28T17:49:53,1.0,"Rain, Partially cloudy",Partly cloudy throughout the day with early morning rain.,rain,"96737099999,96741099999,WIII,96739099999,96749099999,96751099999,96745099999"
"-6.48193504748969,106.45661598101",2022-06-29,31.0,23.5,27.5,36.5,23.5,30.0,23.5,80.1,0.0,0,0.0,rain,0,0,10.1,20.5,239.9,1007.8,51.6,7.1,249.5,21.6,9,30.0,2022-06-29T06:05:10,2022-06-29T17:50:07,0.0,Partially cloudy,Partly cloudy throughout the day.,partly-cloudy-day,"96737099999,96741099999,WIII,96739099999,96749099999,96751099999,96745099999"
"-6.48193504748969,106.45661598101",2022-06-30,31.1,21.9,27.3,36.5,21.9,29.3,21.9,73.6,0.0,0,0.0,rain,0,0,12.2,16.6,201.7,1008.3,42.2,7.1,243.7,21.0,9,10.0,2022-06-30T06:05:21,2022-06-30T17:50:21,0.01,Partially cloudy,Partly cloudy throughout the day.,partly-cloudy-day,"96737099999,96741099999,WIII,96739099999,96749099999,96751099999,96745099999"
"-6.48193504748969,106.45661598101",2022-07-01,32.0,23.2,27.9,35.8,23.2,30.1,22.7,74.9,0.0,0,0.0,rain,0,0,12.2,22.3,107.5,1008.1,47.2,6.9,253.8,21.9,9,10.0,2022-07-01T06:05:31,2022-07-01T17:50:35,0.03,Partially cloudy,Partly cloudy throughout the day.,partly-cloudy-day,"96737099999,96741099999,WIII,96739099999,96749099999,96751099999,96745099999"
"-6.48193504748969,106.45661598101",2022-07-02,32.1,24.2,28.2,37.9,24.2,31.5,23.7,77.6,0.39,100,4.17,rain,0,0,5.8,18.4,248.4,1007.6,55.3,4.8,242.8,21.1,8,10.0,2022-07-02T06:05:40,2022-07-02T17:50:48,0.05,"Rain, Partially cloudy",Partly cloudy throughout the day with late afternoon rain.,rain,"96737099999,96741099999,WIII,96739099999,96749099999,96751099999,96745099999"
"-6.48193504748969,106.45661598101",2022-07-03,32.0,25.2,28.0,40.7,25.2,32.0,25.4,86.3,15.78,100,20.83,rain,0,0,11.2,24.1,153.3,1007.5,59.3,5.4,244.7,21.2,8,30.0,2022-07-03T06:05:49,2022-07-03T17:51:02,0.08,"Rain, Partially cloudy",Partly cloudy throughout the day with a chance of rain throughout the day.,rain,"96737099999,96741099999,WIII,96739099999,96749099999,96751099999,96745099999"
"-6.48193504748969,106.45661598101",2022-07-04,32.6,25.4,28.9,40.7,25.4,33.7,25.0,80.7,0.04,100,4.17,rain,0,0,18.7,33.5,97.9,1007.9,47.9,7.7,239.4,20.7,8,30.0,2022-07-04T06:05:57,2022-07-04T17:51:16,0.12,"Rain, Partially cloudy",Partly cloudy throughout the day with early morning rain.,rain,"96737099999,96741099999,WIII,96739099999,96749099999,96751099999,96745099999"
"-6.48193504748969,106.45661598101",2022-07-05,33.0,24.5,28.9,39.3,24.5,33.5,24.9,80.1,0.39,100,16.67,rain,0,0,8.6,20.5,93.3,1008.6,44.0,6.9,249.1,21.5,8,30.0,2022-07-05T06:06:05,2022-07-05T17:51:29,0.17,"Rain, Partially cloudy",Partly cloudy throughout the day with rain.,rain,"96737099999,96741099999,WIII,96739099999,96749099999,96751099999,96745099999"
"-6.48193504748969,106.45661598101",2022-07-06,28.8,24.0,26.6,33.6,24.0,28.8,24.8,90.3,8.98,100,25.0,rain,0,0,5.8,13.0,172.9,1010.3,60.2,5.2,231.2,20.1,8,30.0,2022-07-06T06:06:12,2022-07-06T17:51:42,0.22,"Rain, Partially cloudy",Partly cloudy throughout the day with a chance of rain throughout the day.,rain,"96737099999,96741099999,WIII,96739099999,96749099999,96751099999,96745099999"
"-6.48193504748969,106.45661598101",2022-07-07,32.1,24.0,28.0,39.2,24.0,31.8,24.9,84.2,0.59,100,4.17,rain,0,0,9.0,13.0,142.8,1009.9,45.0,5.3,235.4,20.4,9,30.0,2022-07-07T06:06:19,2022-07-07T17:51:55,0.27,"Rain, Partially cloudy",Partly cloudy throughout the day with afternoon rain.,rain,"96737099999,96741099999,WIII,96739099999,96749099999,96751099999,96745099999"
"-6.48193504748969,106.45661598101",2022-07-08,33.0,23.8,28.5,39.3,23.8,31.7,23.7,77.2,0.0,0,0.0,,0,0,12.2,18.4,220.6,1008.9,48.6,6.1,251.5,21.7,9,10.0,2022-07-08T06:06:25,2022-07-08T17:52:08,0.33,Partially cloudy,Partly cloudy throughout the day.,partly-cloudy-day,"96737099999,96741099999,WIII,96739099999,96749099999,96751099999,96745099999"
"-6.48193504748969,106.45661598101",2022-07-09,32.2,22.8,27.7,35.8,22.8,29.8,22.0,72.6,0.0,0,0.0,rain,0,0,10.4,16.6,189.1,1008.5,48.2,8.4,219.3,18.9,9,10.0,2022-07-09T06:06:31,2022-07-09T17:52:21,0.38,Partially cloudy,Partly cloudy throughout the day.,partly-cloudy-day,"96737099999,96741099999,WIII,96739099999,96749099999,96751099999,96745099999"
"-6.48193504748969,106.45661598101",2022-07-10,31.8,22.8,27.6,35.5,22.8,29.6,21.8,71.5,0.0,0,0.0,rain,0,0,35.3,25.9,128.0,1008.7,40.4,7.6,245.8,21.3,9,10.0,2022-07-10T06:06:36,2022-07-10T17:52:34,0.42,Partially cloudy,Partly cloudy throughout the day.,partly-cloudy-day,"96737099999,96741099999,WIII,96739099999,96749099999,96751099999,96745099999"
"-6.48193504748969,106.45661598101",2022-07-11,32.0,23.3,27.9,35.8,23.3,30.1,22.9,75.8,0.0,0,0.0,rain,0,0,15.8,18.4,138.7,1009.5,42.4,6.5,238.2,20.7,9,10.0,2022-07-11T06:06:41,2022-07-11T17:52:46,0.46,Partially cloudy,Partly cloudy throughout the day.,partly-cloudy-day,"96737099999,96741099999,WIII,96739099999,96749099999,96751099999,96745099999"
"-6.48193504748969,106.45661598101",2022-07-12,32.0,25.0,28.2,37.9,25.0,31.8,24.6,81.9,3.96,100,12.5,rain,0,0,5.8,27.7,170.4,1008.8,45.1,5.7,243.7,21.0,8,30.0,2022-07-12T06:06:44,2022-07-12T17:52:58,0.49,"Rain, Partially cloudy",Partly cloudy throughout the day with rain.,rain,"96737099999,96741099999,WIII,96739099999,96749099999,96751099999,96745099999"
"-6.48193504748969,106.45661598101",2022-07-13,30.5,23.7,26.1,37.4,23.7,27.9,24.3,90.2,21.76,100,12.5,rain,0,0,10.8,20.5,181.4,1008.5,67.2,4.5,167.2,14.4,8,30.0,2022-07-13T06:06:47,2022-07-13T17:53:09,0.5,"Rain, Partially cloudy",Partly cloudy throughout the day with rain.,rain,"96737099999,96741099999,WIII,96739099999,96749099999,96751099999,96745099999"
"-6.48193504748969,106.45661598101",2022-07-14,31.0,23.9,27.6,37.7,23.9,30.8,24.4,83.6,0.14,100,12.5,rain,0,0,7.6,25.9,116.0,1008.3,52.2,6.6,213.0,18.4,8,30.0,2022-07-14T06:06:50,2022-07-14T17:53:21,0.51,"Rain, Partially cloudy",Partly cloudy throughout the day with rain.,rain,"96737099999,96741099999,WIII,96739099999,96749099999,96751099999,96745099999"
"-6.48193504748969,106.45661598101",2022-07-15,32.0,23.9,27.4,40.7,23.9,30.5,24.3,84.2,34.41,100,16.67,rain,0,0,16.9,25.9,115.4,1009.0,58.7,6.2,219.7,19.0,8,30.0,2022-07-15T06:06:52,2022-07-15T17:53:32,0.53,"Rain, Partially cloudy",Partly cloudy throughout the day with rain.,rain,"96737099999,96741099999,WIII,96739099999,96749099999,96751099999,96745099999"
"-6.48193504748969,106.45661598101",2022-07-16,29.0,23.0,25.2,32.7,23.0,25.9,22.9,87.8,15.74,100,16.67,rain,0,0,12.6,22.3,205.2,1010.4,70.9,7.1,32.2,2.6,3,10.0,2022-07-16T06:06:53,2022-07-16T17:53:43,0.55,"Rain, Partially cloudy",Partly cloudy throughout the day with a chance of rain throughout the day.,rain,"96737099999,96741099999,WIII,96739099999,96749099999,96751099999,96745099999"
"-6.48193504748969,106.45661598101",2022-07-17,32.0,24.0,27.0,39.2,24.0,29.4,24.2,85.9,0.0,0,0.0,rain,0,0,6.8,22.3,135.8,1009.9,61.5,6.6,190.3,16.5,8,30.0,2022-07-17T06:06:53,2022-07-17T17:53:53,0.6,Partially cloudy,Partly cloudy throughout the day.,partly-cloudy-day,"96737099999,96741099999,WIII,96739099999,96749099999,96751099999,96745099999"
"-6.48193504748969,106.45661598101",2022-07-18,32.0,23.4,27.6,39.2,23.4,31.1,24.4,83.3,0.01,100,4.17,rain,0,0,14.0,14.8,201.5,1008.9,50.9,5.1,246.5,21.4,9,30.0,2022-07-18T06:06:53,2022-07-18T17:54:03,0.65,"Rain, Partially cloudy",Partly cloudy throughout the day with afternoon rain.,rain,"96737099999,96741099999,WIII,96739099999,96749099999,96751099999,96745099999"
"-6.48193504748969,106.45661598101",2022-07-19,32.0,24.3,28.3,39.2,24.3,32.0,24.6,81.6,0.0,0,0.0,rain,0,0,11.2,25.9,130.1,1008.5,45.3,5.9,250.6,21.8,9,60.0,2022-07-19T06:06:52,2022-07-19T17:54:13,0.7,Partially cloudy,Partly cloudy throughout the day.,partly-cloudy-day,"96737099999,96741099999,WIII,96739099999,96749099999,96751099999,96745099999"
"-6.48193504748969,106.45661598101",2022-07-20,32.0,24.6,28.4,39.2,24.6,32.5,24.9,82.5,0.0,0,0.0,rain,0,0,8.3,20.5,108.5,1009.1,49.8,5.4,221.3,19.1,8,30.0,2022-07-20T06:06:50,2022-07-20T17:54:22,0.75,Partially cloudy,Partly cloudy throughout the day.,partly-cloudy-day,"96737099999,96741099999,WIII,96739099999,96749099999,96751099999,96745099999"
"-6.48193504748969,106.45661598101",2022-07-21,32.0,24.0,28.0,37.9,24.0,30.7,23.9,80.0,0.0,0,0.0,rain,0,0,17.3,16.6,204.4,1009.3,42.4,5.6,252.3,21.9,9,30.0,2022-07-21T06:06:48,2022-07-21T17:54:31,0.8,Partially cloudy,Partly cloudy throughout the day.,partly-cloudy-day,"96737099999,96741099999,WIII,96739099999,96749099999,96751099999,96745099999"
"-6.48193504748969,106.45661598101",2022-07-22,32.0,24.7,27.9,37.9,24.7,31.2,24.5,82.7,1.08,100,8.33,rain,0,0,18.4,29.5,121.8,1010.3,50.6,5.0,236.9,20.4,9,30.0,2022-07-22T06:06:45,2022-07-22T17:54:40,0.85,"Rain, Partially cloudy",Partly cloudy throughout the day with rain.,rain,"96737099999,96741099999,WIII,96739099999,96749099999,96751099999,96745099999"
"-6.48193504748969,106.45661598101",2022-07-23,32.0,23.9,28.1,39.2,23.9,31.4,24.2,80.8,0.46,100,8.33,rain,0,0,8.3,18.4,91.7,1009.5,47.0,6.9,225.4,19.6,9,30.0,2022-07-23T06:06:41,2022-07-23T17:54:48,0.89,"Rain, Partially cloudy",Partly cloudy throughout the day with late afternoon rain.,rain,"96737099999,96741099999,WIII,96739099999,96749099999,96751099999,96745099999"
"-6.48193504748969,106.45661598101",2022-07-24,32.0,23.7,28.0,37.9,23.7,31.0,23.9,79.7,3.38,100,20.83,rain,0,0,9.4,18.4,171.1,1008.1,49.3,7.1,245.7,21.2,8,10.0,2022-07-24T06:06:36,2022-07-24T17:54:55,0.93,"Rain, Partially cloudy",Partly cloudy throughout the day with rain.,rain,"96737099999,96741099999,WIII,96739099999,96749099999,96751099999,96745099999"
"-6.48193504748969,106.45661598101",2022-07-25,31.0,25.0,27.7,36.5,25.0,30.3,24.1,81.9,9.48,100,20.83,rain,0,0,9.0,18.4,149.4,1008.4,68.7,5.9,239.8,20.8,8,10.0,2022-07-25T06:06:31,2022-07-25T17:55:02,0.96,"Rain, Partially cloudy",Partly cloudy throughout the day with rain.,rain,"96737099999,96741099999,WIII,96739099999,96749099999,96751099999,96745099999"
"-6.48193504748969,106.45661598101",2022-07-26,32.0,24.4,27.9,36.8,24.4,30.4,23.2,76.7,0.0,0,0.0,rain,0,0,17.6,24.1,92.5,1009.0,50.1,6.9,197.1,17.0,8,30.0,2022-07-26T06:06:25,2022-07-26T17:55:09,0.98,Partially cloudy,Partly cloudy throughout the day.,partly-cloudy-day,"96737099999,96741099999,WIII,96739099999,96749099999,96751099999,96745099999"
"-6.48193504748969,106.45661598101",2022-07-27,32.0,24.0,27.8,36.8,24.0,30.1,22.9,75.8,0.0,0,0.0,rain,0,0,11.9,16.6,124.5,1008.9,47.4,5.7,241.4,20.9,9,30.0,2022-07-27T06:06:18,2022-07-27T17:55:16,1.0,Partially cloudy,Partly cloudy throughout the day.,partly-cloudy-day,"96737099999,96741099999,WIII,96739099999,96749099999,96751099999,96745099999"
"-6.48193504748969,106.45661598101",2022-07-28,33.0,24.5,28.6,39.3,24.5,31.8,23.7,75.9,0.0,0,0.0,,0,0,16.2,51.9,80.8,1008.4,42.4,7.5,238.2,20.7,9,30.0,2022-07-28T06:06:11,2022-07-28T17:55:21,1.0,Partially cloudy,Partly cloudy throughout the day.,wind,"96737099999,96741099999,WIII,96739099999,96749099999,96751099999,96745099999"
"-6.48193504748969,106.45661598101",2022-07-29,33.0,25.0,28.6,40.6,25.0,32.5,24.5,79.4,11.45,100,8.33,rain,0,0,16.9,27.7,114.8,1008.6,45.6,8.0,229.5,19.9,9,10.0,2022-07-29T06:06:02,2022-07-29T17:55:27,0.0,"Rain, Partially cloudy",Partly cloudy throughout the day with rain.,rain,"96737099999,96741099999,WIII,96739099999,96749099999,96751099999,96745099999"
"-6.48193504748969,106.45661598101",2022-07-30,32.0,24.2,27.9,37.9,24.2,31.1,24.4,82.2,0.0,0,0.0,rain,0,0,15.8,22.3,170.0,1009.2,43.0,6.1,223.5,19.2,9,30.0,2022-07-30T06:05:53,2022-07-30T17:55:32,0.01,Partially cloudy,Partly cloudy throughout the day.,partly-cloudy-day,"96737099999,96741099999,WIII,96739099999,96749099999,96751099999,96745099999"
"-6.48193504748969,106.45661598101",2022-07-31,32.0,24.2,28.3,39.2,24.2,31.9,24.2,79.9,0.0,0,0.0,rain,0,0,14.8,27.7,89.4,1008.0,47.8,6.4,265.5,23.0,9,10.0,2022-07-31T06:05:44,2022-07-31T17:55:36,0.04,Partially cloudy,Partly cloudy throughout the day.,partly-cloudy-day,"96737099999,96741099999,WIII,96739099999,96749099999,96751099999,96745099999"
"-6.48193504748969,106.45661598101",2022-08-01,33.0,23.7,28.3,40.6,23.7,31.6,24.1,79.4,0.0,0,0.0,rain,0,0,16.6,25.9,86.6,1008.1,43.6,7.2,248.7,21.6,9,10.0,2022-08-01T06:05:33,2022-08-01T17:55:40,0.07,Partially cloudy,Partly cloudy throughout the day.,partly-cloudy-day,"96737099999,96741099999,WIII,96739099999,96749099999,96751099999,96745099999"
"-6.48193504748969,106.45661598101",2022-08-02,32.0,24.0,28.4,37.9,24.0,31.9,24.0,78.2,0.0,0,0.0,rain,0,0,20.5,18.4,133.7,1008.6,43.4,5.7,254.3,21.8,9,10.0,2022-08-02T06:05:22,2022-08-02T17:55:43,0.1,Partially cloudy,Partly cloudy throughout the day.,partly-cloudy-day,"96737099999,96741099999,WIII,96739099999,96749099999,96751099999,96745099999"
"-6.48193504748969,106.45661598101",2022-08-03,32.0,24.6,28.0,40.7,24.6,31.7,24.7,83.2,31.52,100,16.67,rain,0,0,4.7,20.5,175.7,1009.3,61.9,4.9,229.6,19.8,8,30.0,2022-08-03T06:05:10,2022-08-03T17:55:46,0.14,"Rain, Partially cloudy",Partly cloudy throughout the day with rain.,rain,"96737099999,96741099999,WIII,96739099999,96749099999,96751099999,96745099999"
"-6.48193504748969,106.45661598101",2022-08-04,31.0,23.8,27.1,37.7,23.8,29.6,24.6,87.0,11.73,100,25.0,rain,0,0,7.2,16.6,173.4,1010.0,64.1,5.5,252.6,21.7,8,30.0,2022-08-04T06:04:57,2022-08-04T17:55:49,0.2,"Rain, Partially cloudy",Partly cloudy throughout the day with a chance of rain throughout the day.,rain,"96737099999,96741099999,WIII,96739099999,96749099999,96751099999,96745099999"
"-6.48193504748969,106.45661598101",2022-08-05,30.0,24.3,27.0,36.2,24.3,29.5,24.6,86.9,2.8,100,16.67,rain,0,0,11.9,18.4,219.4,1010.2,58.3,6.0,246.8,21.2,9,30.0,2022-08-05T06:04:44,2022-08-05T17:55:51,0.25,"Rain, Partially cloudy",Partly cloudy throughout the day with a chance of rain throughout the day.,rain,"96737099999,96741099999,WIII,96739099999,96749099999,96751099999,96745099999"
"-6.48193504748969,106.45661598101",2022-08-06,32.0,23.2,27.4,36.8,23.2,29.4,23.4,80.7,9.51,100,8.33,rain,0,0,9.4,16.6,190.3,1010.0,48.5,6.0,241.7,20.9,8,30.0,2022-08-06T06:04:30,2022-08-06T17:55:52,0.31,"Rain, Partially cloudy",Partly cloudy throughout the day with late afternoon rain.,rain,"96737099999,96741099999,WIII,96739099999,96749099999,96751099999,96745099999"
"-6.48193504748969,106.45661598101",2022-08-07,32.0,23.4,27.2,37.7,23.4,29.6,23.7,82.1,19.47,100,12.5,rain,0,0,13.0,16.6,132.9,1009.6,52.0,6.0,265.3,23.0,9,10.0,2022-08-07T06:04:15,2022-08-07T17:55:53,0.36,"Rain, Partially cloudy",Partly cloudy throughout the day with rain.,rain,"96737099999,96741099999,WIII,96739099999,96749099999,96751099999,96745099999"
"-6.48193504748969,106.45661598101",2022-08-08,32.0,23.1,27.7,36.8,23.1,30.3,23.3,78.2,0.0,0,0.0,rain,0,0,9.0,18.4,208.2,1008.9,43.9,6.7,257.9,22.2,9,10.0,2022-08-08T06:03:59,2022-08-08T17:55:54,0.41,Partially cloudy,Partly cloudy throughout the day.,partly-cloudy-day,"96737099999,96741099999,WIII,96739099999,96749099999,96751099999,96745099999"
"-6.48193504748969,106.45661598101",2022-08-09,32.0,24.4,28.0,37.9,24.4,30.7,23.6,78.0,1.01,100,4.17,rain,0,0,10.4,14.8,173.4,1008.9,54.6,6.7,273.1,23.5,9,10.0,2022-08-09T06:03:43,2022-08-09T17:55:54,0.45,"Rain, Partially cloudy",Partly cloudy throughout the day with early morning rain.,rain,"96737099999,96741099999,WIII,96739099999,WIHH,96749099999,96751099999,96745099999,96749599999"
"-6.48193504748969,106.45661598101",2022-08-10,33.4,23.7,28.0,38.8,23.7,30.7,23.3,77.2,0.05,100,4.17,rain,0,0,16.6,20.0,166.8,1009.3,45.8,6.2,267.6,23.1,9,30.0,2022-08-10T06:03:26,2022-08-10T17:55:53,0.48,"Rain, Partially cloudy",Partly cloudy throughout the day with late afternoon rain.,rain,"96737099999,96741099999,WIII,96739099999,WIHH,96749099999,96751099999,96745099999,96749599999"
"-6.48193504748969,106.45661598101",2022-08-11,33.4,23.9,28.6,40.0,23.9,31.9,23.9,76.7,0.54,100,8.33,rain,0,0,15.5,16.6,136.7,1009.1,46.9,6.7,257.2,22.2,9,60.0,2022-08-11T06:03:08,2022-08-11T17:55:53,0.5,"Rain, Partially cloudy",Partly cloudy throughout the day with late afternoon rain.,rain,"96737099999,96741099999,WIII,96739099999,WIHH,96749099999,96751099999,96745099999,96749599999"
"-6.48193504748969,106.45661598101",2022-08-12,33.0,24.6,28.1,39.3,24.6,30.9,23.7,77.6,7.34,100,16.67,rain,0,0,16.9,18.4,169.8,1009.3,53.4,6.4,251.5,21.8,9,30.0,2022-08-12T06:02:50,2022-08-12T17:55:51,0.5,"Rain, Partially cloudy",Partly cloudy throughout the day with rain.,rain,"96737099999,96741099999,WIII,96739099999,WIHH,96749099999,96751099999,96745099999,96749599999"
"-6.48193504748969,106.45661598101",2022-08-13,33.0,23.7,27.7,38.1,23.7,30.3,23.2,77.9,0.5,100,8.33,rain,0,0,20.5,25.9,174.8,1009.4,46.7,7.0,271.5,23.3,9,30.0,2022-08-13T06:02:31,2022-08-13T17:55:49,0.52,"Rain, Partially cloudy",Partly cloudy throughout the day with rain.,rain,"96737099999,96741099999,WIII,96739099999,96749099999,96751099999,96745099999"
"-6.48193504748969,106.45661598101",2022-08-14,33.0,24.0,27.9,39.3,24.0,30.6,23.2,76.7,4.48,100,12.5,rain,0,0,40.7,28.4,152.3,1009.3,45.6,7.1,255.8,22.1,9,60.0,2022-08-14T06:02:12,2022-08-14T17:55:47,0.54,"Rain, Partially cloudy",Partly cloudy throughout the day with rain.,rain,"96737099999,96741099999,WIII,96739099999,96749099999,96751099999,96745099999"
"-6.48193504748969,106.45661598101",2022-08-15,32.0,23.6,27.7,37.9,23.6,30.2,23.0,76.6,8.29,100,4.17,rain,0,0,5.8,18.4,161.0,1010.2,58.1,6.5,257.5,22.3,9,60.0,2022-08-15T06:01:52,2022-08-15T17:55:44,0.58,"Rain, Partially cloudy",Partly cloudy throughout the day with late afternoon rain.,rain,"96737099999,96741099999,WIII,96739099999,WIHH,96749099999,96751099999,96745099999,96749599999"
"-6.48193504748969,106.45661598101",2022-08-16,32.0,24.5,27.4,37.6,24.5,29.4,23.3,79.4,2.33,100,25.0,rain,0,0,5.0,14.8,195.3,1010.4,65.5,5.8,258.6,22.5,9,30.0,2022-08-16T06:01:31,2022-08-16T17:55:41,0.62,"Rain, Partially cloudy",Partly cloudy throughout the day with a chance of rain throughout the day.,rain,"96737099999,96741099999,WIII,96739099999,WIHH,96749099999,96751099999,96745099999,96749599999"
"-6.48193504748969,106.45661598101",2022-08-17,32.0,24.1,27.8,37.9,24.1,30.4,23.6,78.8,6.57,100,20.83,rain,0,0,7.6,27.7,150.9,1010.1,53.5,6.6,245.3,21.2,9,30.0,2022-08-17T06:01:09,2022-08-17T17:55:38,0.67,"Rain, Partially cloudy",Partly cloudy throughout the day with rain.,rain,"96737099999,96741099999,WIII,96739099999,96749099999,96751099999,96745099999"
"-6.48193504748969,106.45661598101",2022-08-18,33.0,24.3,28.4,37.0,24.3,30.7,22.2,70.3,0.0,0,0.0,rain,0,0,19.1,33.5,126.9,1009.3,49.0,7.5,273.4,23.6,9,10.0,2022-08-18T06:00:47,2022-08-18T17:55:33,0.72,Partially cloudy,Partly cloudy throughout the day.,partly-cloudy-day,"96737099999,96741099999,WIII,96739099999,WIHH,96749099999,96751099999,96745099999,96749599999"
"-6.48193504748969,106.45661598101",2022-08-19,34.0,23.6,28.8,37.7,23.6,31.2,22.2,69.0,0.0,0,0.0,rain,0,0,16.6,30.0,120.6,1009.1,34.2,7.7,279.2,24.2,9,30.0,2022-08-19T06:00:25,2022-08-19T17:55:29,0.77,Partially cloudy,Partly cloudy throughout the day.,partly-cloudy-day,"96737099999,96741099999,WIII,96739099999,WIHH,96749099999,96751099999,96745099999,96749599999"
"-6.48193504748969,106.45661598101",2022-08-20,33.0,24.9,28.6,38.1,24.9,31.3,22.8,71.8,0.07,100,8.33,rain,0,0,27.7,31.7,125.8,1008.9,46.6,7.1,209.1,18.1,9,30.0,2022-08-20T06:00:02,2022-08-20T17:55:24,0.82,"Rain, Partially cloudy",Partly cloudy throughout the day with late afternoon rain.,rain,"96737099999,96741099999,WIII,96739099999,96749099999,96751099999,96745099999"
"-6.48193504748969,106.45661598101",2022-08-21,32.0,24.0,27.8,37.9,24.0,30.1,22.8,75.2,39.13,100,8.33,rain,0,0,9.0,20.5,152.8,1009.4,52.2,7.0,261.8,22.6,9,30.0,2022-08-21T05:59:38,2022-08-21T17:55:19,0.86,"Rain, Partially cloudy",Partly cloudy throughout the day with late afternoon rain.,rain,"96737099999,96741099999,WIII,96739099999,96749099999,96751099999,96745099999"
"-6.48193504748969,106.45661598101",2022-08-22,30.3,23.7,26.6,34.5,23.7,28.5,23.4,82.9,2.26,100,12.5,rain,0,0,7.2,15.2,206.9,1009.8,57.1,5.3,210.4,18.1,9,30.0,2022-08-22T05:59:14,2022-08-22T17:55:13,0.9,"Rain, Partially cloudy",Partly cloudy throughout the day with rain.,rain,"96737099999,96741099999,WIII,96739099999,WIHH,96749099999,96751099999,96745099999,96749599999"
"-6.48193504748969,106.45661598101",2022-08-23,33.0,24.1,28.4,36.6,24.1,30.8,23.2,75.3,0.0,0,0.0,rain,0,0,15.1,18.9,146.0,1009.4,51.0,5.0,230.9,19.8,9,30.0,2022-08-23T05:58:49,2022-08-23T17:55:07,0.94,Partially cloudy,Partly cloudy throughout the day.,partly-cloudy-day,"96737099999,96741099999,WIII,96739099999,WIHH,96749099999,96751099999,96745099999,96749599999"
"-6.48193504748969,106.45661598101",2022-08-24,33.0,24.3,28.4,36.8,24.3,31.0,23.1,74.3,3.05,100,4.17,rain,0,0,18.7,22.3,162.0,1009.5,53.0,6.4,275.6,23.9,10,30.0,2022-08-24T05:58:24,2022-08-24T17:55:01,0.97,"Rain, Partially cloudy",Partly cloudy throughout the day with late afternoon rain.,rain,"96737099999,96741099999,WIII,96739099999,WIHH,96749099999,96751099999,96745099999,96749599999"
"-6.48193504748969,106.45661598101",2022-08-25,33.0,24.7,28.4,35.9,24.7,30.5,22.1,70.0,0.36,100,4.17,rain,0,0,12.6,25.9,125.7,1009.3,46.2,7.2,251.7,21.7,8,30.0,2022-08-25T05:57:58,2022-08-25T17:54:54,0.99,"Rain, Partially cloudy",Partly cloudy throughout the day with early morning rain.,rain,"96737099999,96741099999,WIII,96739099999,WIHH,96749099999,96751099999,96745099999,96749599999"
"-6.48193504748969,106.45661598101",2022-08-26,31.6,23.5,28.0,35.4,23.5,30.1,22.2,71.7,0.04,100,4.17,rain,0,0,14.4,13.0,192.8,1009.0,51.1,5.2,255.0,22.0,10,10.0,2022-08-26T05:57:32,2022-08-26T17:54:47,1.0,"Rain, Partially cloudy",Partly cloudy throughout the day with late afternoon rain.,rain,"96737099999,96741099999,WIII,96739099999,WIHH,96749099999,96751099999,96745099999,96749599999"
"-6.48193504748969,106.45661598101",2022-08-27,31.0,24.1,27.4,36.5,24.1,29.9,23.4,79.5,8.88,100,12.5,rain,0,0,7.6,18.4,275.7,1008.6,65.2,5.3,221.5,19.1,9,30.0,2022-08-27T05:57:05,2022-08-27T17:54:39,0.0,"Rain, Partially cloudy",Partly cloudy throughout the day with rain.,rain,"96737099999,96741099999,WIII,96739099999,96749099999,96751099999,96745099999"
"-6.48193504748969,106.45661598101",2022-08-28,30.0,24.3,26.8,35.1,24.3,29.1,23.8,83.9,2.11,100,12.5,rain,0,0,4.7,20.5,249.2,1008.7,63.8,5.0,227.4,19.6,8,10.0,2022-08-28T05:56:38,2022-08-28T17:54:32,0.01,"Rain, Partially cloudy",Partly cloudy throughout the day with rain.,rain,"96737099999,96741099999,WIII,96739099999,96749099999,96751099999,96745099999"
"-6.48193504748969,106.45661598101",2022-08-29,31.0,24.1,27.5,36.9,24.1,30.0,23.7,80.7,2.12,100,25.0,rain,0,0,5.8,16.6,250.0,1009.1,67.6,6.1,279.8,24.2,10,30.0,2022-08-29T05:56:11,2022-08-29T17:54:24,0.02,"Rain, Partially cloudy",Partly cloudy throughout the day with a chance of rain throughout the day.,rain,"96737099999,96741099999,WIII,96739099999,WIHH,96749099999,96751099999,96745099999,96749599999"
"-6.48193504748969,106.45661598101",2022-08-30,32.4,24.1,28.2,38.0,24.1,30.7,23.1,75.3,0.0,0,0.0,rain,0,0,19.8,16.6,192.1,1008.9,51.9,6.1,253.7,22.0,9,30.0,2022-08-30T05:55:43,2022-08-30T17:54:15,0.05,Partially cloudy,Partly cloudy throughout the day.,partly-cloudy-day,"96737099999,96741099999,WIII,96739099999,WIHH,96749099999,96751099999,96745099999,96749599999"
"-6.48193504748969,106.45661598101",2022-08-31,32.6,24.5,28.1,36.1,24.5,30.4,23.0,75.3,0.28,100,4.17,rain,0,0,27.7,20.2,145.2,1008.4,48.9,6.0,252.3,21.9,9,30.0,2022-08-31T05:55:15,2022-08-31T17:54:07,0.09,"Rain, Partially cloudy",Partly cloudy throughout the day with morning rain.,rain,"96737099999,96741099999,WIII,96739099999,WIHH,96749099999,96751099999,96745099999,96749599999"
"-6.48193504748969,106.45661598101",2022-09-01,32.4,24.6,28.1,37.9,24.6,31.1,23.8,78.3,13.87,100,12.5,rain,0,0,14.8,33.5,155.2,1009.0,53.9,5.8,243.4,21.1,9,30.0,2022-09-01T05:54:46,2022-09-01T17:53:58,0.13,"Rain, Partially cloudy",Partly cloudy throughout the day with rain.,rain,"96737099999,96741099999,WIII,96739099999,WIHH,96749099999,96751099999,96745099999,96749599999"
"-6.48193504748969,106.45661598101",2022-09-02,32.8,23.7,27.6,38.7,23.7,30.2,23.8,81.2,3.97,100,16.67,rain,0,0,11.5,22.8,154.7,1010.1,55.5,6.2,255.5,22.0,10,10.0,2022-09-02T05:54:17,2022-09-02T17:53:49,0.18,"Rain, Partially cloudy",Partly cloudy throughout the day with rain.,rain,"96737099999,96741099999,WIII,96739099999,WIHH,96749099999,96751099999,96745099999,96749599999"
"-6.48193504748969,106.45661598101",2022-09-03,33.0,23.8,27.2,39.3,23.8,29.1,22.9,78.7,0.67,100,8.33,rain,0,0,48.2,29.5,248.3,1010.4,51.7,7.4,255.7,21.9,9,30.0,2022-09-03T05:53:48,2022-09-03T17:53:39,0.24,"Rain, Partially cloudy",Partly cloudy throughout the day with rain.,rain,"96737099999,96741099999,WIII,96739099999,96749099999,96751099999,96745099999"
"-6.48193504748969,106.45661598101",2022-09-04,33.0,24.3,27.7,38.1,24.3,30.1,23.0,76.7,1.16,100,8.33,rain,0,0,14.4,29.5,205.4,1009.9,63.3,8.1,253.8,22.0,9,30.0,2022-09-04T05:53:18,2022-09-04T17:53:30,0.29,"Rain, Partially cloudy",Partly cloudy throughout the day with rain.,rain,"96737099999,96741099999,WIII,96739099999,96749099999,96751099999,96745099999"
"-6.48193504748969,106.45661598101",2022-09-05,33.0,25.0,28.5,36.8,25.0,31.5,23.6,76.1,1.14,100,8.33,rain,0,0,10.8,22.3,124.6,1010.1,60.5,6.4,282.1,24.3,10,30.0,2022-09-05T05:52:48,2022-09-05T17:53:20,0.35,"Rain, Partially cloudy",Partly cloudy throughout the day with rain.,rain,"96737099999,96741099999,WIII,96739099999,WIHH,96749099999,96751099999,96745099999,96749599999"
"-6.48193504748969,106.45661598101",2022-09-06,32.8,24.7,28.0,39.2,24.7,31.0,24.2,80.9,48.22,100,25.0,rain,0,0,13.7,27.7,135.0,1009.7,62.6,6.4,255.8,22.2,10,30.0,2022-09-06T05:52:18,2022-09-06T17:53:10,0.4,"Rain, Partially cloudy",Partly cloudy throughout the day with a chance of rain throughout the day.,rain,"96737099999,96741099999,WIII,96739099999,WIHH,96749099999,96751099999,96745099999,96749599999"
"-6.48193504748969,106.45661598101",2022-09-07,31.4,23.7,26.8,36.5,23.7,29.0,24.1,85.9,34.57,100,25.0,rain,0,0,16.6,24.1,246.5,1010.8,63.1,5.1,284.0,24.5,10,30.0,2022-09-07T05:51:47,2022-09-07T17:53:00,0.44,"Rain, Partially cloudy",Partly cloudy throughout the day with rain.,rain,"96737099999,96741099999,WIII,96739099999,WIHH,96749099999,96751099999,96745099999,96749599999"
"-6.48193504748969,106.45661598101",2022-09-08,27.4,23.9,25.5,31.1,23.9,25.8,23.9,90.9,4.89,100,20.83,rain,0,0,9.4,13.0,240.4,1012.2,65.8,4.6,184.5,15.9,8,10.0,2022-09-08T05:51:17,2022-09-08T17:52:49,0.47,"Rain, Partially cloudy",Partly cloudy throughout the day with a chance of rain throughout the day.,rain,"96737099999,96741099999,WIII,96739099999,WIHH,96749099999,96751099999,96745099999,96749599999"
"-6.48193504748969,106.45661598101",2022-09-09,30.4,23.3,25.8,34.9,23.3,27.2,23.5,87.8,21.51,100,20.83,rain,0,0,8.3,18.4,192.6,1012.2,62.9,4.5,217.8,18.7,9,30.0,2022-09-09T05:50:46,2022-09-09T17:52:39,0.49,"Rain, Partially cloudy",Partly cloudy throughout the day with rain.,rain,"96737099999,96741099999,WIII,96739099999,WIHH,96749099999,96751099999,96745099999,96749599999"
"-6.48193504748969,106.45661598101",2022-09-10,30.0,23.1,25.8,36.2,23.1,27.2,23.7,88.9,19.68,100,25.0,rain,0,0,38.9,24.1,219.3,1011.7,66.1,5.0,203.7,17.6,9,30.0,2022-09-10T05:50:15,2022-09-10T17:52:28,0.5,"Rain, Partially cloudy",Partly cloudy throughout the day with rain.,rain,"96737099999,96741099999,WIII,96739099999,96749099999,96751099999,96745099999"
"-6.48193504748969,106.45661598101",2022-09-11,32.0,23.4,27.1,37.9,23.4,29.5,23.6,82.5,3.76,100,12.5,rain,0,0,7.6,20.5,162.5,1010.1,54.6,6.4,256.4,22.2,10,30.0,2022-09-11T05:49:44,2022-09-11T17:52:18,0.51,"Rain, Partially cloudy",Partly cloudy throughout the day with rain.,rain,"96737099999,96741099999,WIII,96739099999,96749099999,96751099999,96745099999"
"-6.48193504748969,106.45661598101",2022-09-12,30.8,23.1,27.0,36.3,23.1,29.5,23.4,81.3,3.43,100,12.5,rain,0,0,10.1,15.3,237.1,1010.0,55.7,6.1,270.5,23.6,9,30.0,2022-09-12T05:49:12,2022-09-12T17:52:07,0.53,"Rain, Partially cloudy",Partly cloudy throughout the day with rain.,rain,"96737099999,96741099999,WIII,96739099999,WIHH,96749099999,96751099999,96745099999,96749599999"
"-6.48193504748969,106.45661598101",2022-09-13,31.4,23.3,27.4,37.6,23.3,29.9,23.3,78.9,0.42,100,12.5,rain,0,0,7.9,16.6,201.0,1011.9,53.8,6.3,293.6,25.3,10,30.0,2022-09-13T05:48:41,2022-09-13T17:51:56,0.56,"Rain, Partially cloudy",Partly cloudy throughout the day with rain.,rain,"96737099999,96741099999,WIII,96739099999,WIHH,96749099999,96751099999,96745099999,96749599999"
"-6.48193504748969,106.45661598101",2022-09-14,32.0,23.1,27.5,36.4,23.1,29.6,22.4,75.1,0.01,100,4.17,rain,0,0,12.6,17.3,164.4,1012.7,45.9,5.8,252.4,22.0,10,30.0,2022-09-14T05:48:09,2022-09-14T17:51:45,0.6,"Rain, Partially cloudy",Partly cloudy throughout the day with early morning rain.,rain,"96737099999,96741099999,WIII,96739099999,WIHH,96749099999,96751099999,96745099999,96749599999"
"-6.48193504748969,106.45661598101",2022-09-15,32.4,23.6,28.1,36.9,23.6,30.4,22.8,74.4,0.0,0,0.0,rain,0,0,13.3,14.0,195.9,1011.2,46.9,6.0,294.5,25.3,10,30.0,2022-09-15T05:47:37,2022-09-15T17:51:34,0.64,Partially cloudy,Partly cloudy throughout the day.,partly-cloudy-day,"96737099999,96741099999,WIII,96739099999,WIHH,96749099999,96751099999,96745099999,96749599999"
"-6.48193504748969,106.45661598101",2022-09-16,32.4,23.3,27.8,36.9,23.3,30.0,22.8,75.9,7.86,100,8.33,rain,0,0,14.0,16.6,217.3,1010.3,51.9,5.7,233.5,20.2,9,30.0,2022-09-16T05:47:05,2022-09-16T17:51:23,0.69,"Rain, Partially cloudy",Partly cloudy throughout the day with late afternoon rain.,rain,"96737099999,96741099999,WIII,96739099999,WIHH,96749099999,96751099999,96745099999,96749599999"
"-6.48193504748969,106.45661598101",2022-09-17,33.0,23.4,28.0,40.6,23.4,31.2,23.7,78.6,0.0,0,0.0,rain,0,0,11.2,22.3,142.4,1009.9,46.3,6.1,262.5,22.6,10,30.0,2022-09-17T05:46:33,2022-09-17T17:51:13,0.74,Partially cloudy,Partly cloudy throughout the day.,partly-cloudy-day,"96737099999,96741099999,WIII,96739099999,96749099999,96751099999,96745099999"
"-6.48193504748969,106.45661598101",2022-09-18,32.0,24.0,27.7,37.9,24.0,31.0,24.3,82.7,0.16,100,4.17,rain,0,0,14.4,14.6,240.9,1010.4,51.0,5.1,270.1,23.2,10,30.0,2022-09-18T05:46:01,2022-09-18T17:51:02,0.78,"Rain, Partially cloudy",Partly cloudy throughout the day with afternoon rain.,rain,"96737099999,96741099999,WIII,96739099999,96749099999,96751099999,96745099999"
"-6.48193504748969,106.45661598101",2022-09-19,33.0,23.6,27.4,38.1,23.6,29.5,23.4,79.8,21.32,100,4.17,rain,0,0,10.4,18.4,227.4,1010.8,50.7,5.5,282.4,24.3,10,30.0,2022-09-19T05:45:30,2022-09-19T17:50:51,0.83,"Rain, Partially cloudy",Partly cloudy throughout the day with late afternoon rain.,rain,"96737099999,96741099999,WIII,96739099999,WIHH,96749099999,96751099999,96745099999,96749599999"
"-6.48193504748969,106.45661598101",2022-09-20,32.0,22.5,27.6,37.0,22.5,30.2,22.6,75.0,0.0,0,0.0,rain,0,0,12.2,14.8,169.4,1010.3,51.8,6.0,260.3,22.6,10,30.0,2022-09-20T05:44:58,2022-09-20T17:50:40,0.87,Partially cloudy,Partly cloudy throughout the day.,partly-cloudy-day,"96737099999,96741099999,WIII,96739099999,WIHH,96749099999,96751099999,96745099999,96749599999"
"-6.48193504748969,106.45661598101",2022-09-21,32.1,24.0,27.7,39.3,24.0,30.7,23.8,80.3,25.67,100,20.83,rain,0,0,11.9,16.6,203.2,1010.4,67.0,6.1,251.5,21.7,9,30.0,2022-09-21T05:44:26,2022-09-21T17:50:29,0.91,"Rain, Partially cloudy",Partly cloudy throughout the day with rain.,rain,"96737099999,96741099999,WIII,96739099999,WIHH,96749099999,96751099999,96745099999,96749599999"
"-6.48193504748969,106.45661598101",2022-09-22,31.5,24.4,27.4,38.4,24.4,29.9,24.2,83.3,0.87,100,4.17,rain,0,0,40.7,22.3,220.5,1009.8,55.8,4.5,236.5,20.4,8,30.0,2022-09-22T05:43:54,2022-09-22T17:50:19,0.95,"Rain, Partially cloudy",Partly cloudy throughout the day with early morning rain.,rain,"96737099999,96741099999,WIII,96739099999,WIHH,96749099999,96751099999,96745099999"
"-6.48193504748969,106.45661598101",2022-09-23,32.4,25.0,27.7,38.6,25.0,29.9,24.1,82.0,24.3,100,54.17,rain,0,0,9.7,20.5,193.0,1009.8,46.8,5.5,281.2,24.4,10,30.0,2022-09-23T05:43:22,2022-09-23T17:50:08,0.97,"Rain, Partially cloudy",Partly cloudy throughout the day with rain.,rain,"WIII,WIHH"
